,overall
6172,5.0
11717,2.0
19464,5.0
7911,3.0
22250,1.0
1827,5.0
13883,5.0
6413,5.0
3575,5.0
20769,4.0
97,5.0
9048,5.0
8201,5.0
4648,5.0
20914,5.0
16766,2.0
20870,5.0
13405,5.0
21220,3.0
2099,5.0
23377,5.0
22917,4.0
14693,4.0
23386,3.0
12488,5.0
22947,3.0
7907,5.0
16539,4.0
9144,3.0
22850,5.0
16140,3.0
23015,5.0
18229,4.0
11784,3.0
519,5.0
9560,1.0
12602,5.0
15051,3.0
20298,3.0
14547,5.0
1270,4.0
193,4.0
23773,5.0
13994,5.0
17537,4.0
5322,5.0
8186,5.0
4987,5.0
15014,4.0
11796,5.0
20020,5.0
6854,4.0
6237,2.0
3232,3.0
12126,5.0
2334,4.0
8121,5.0
21069,4.0
4428,5.0
23185,4.0
2229,5.0
2672,5.0
346,5.0
18836,3.0
18028,4.0
21126,3.0
18580,3.0
12660,5.0
19594,5.0
508,5.0
22478,3.0
17828,1.0
12872,5.0
9198,5.0
21846,4.0
13975,4.0
767,4.0
20929,3.0
12189,4.0
2292,5.0
22768,4.0
11236,4.0
2156,5.0
20939,5.0
12033,5.0
13165,5.0
15664,5.0
21112,5.0
19844,4.0
13096,3.0
5996,5.0
7736,4.0
5709,5.0
8322,5.0
5337,5.0
12713,3.0
14362,5.0
18400,5.0
1987,5.0
11920,4.0
3885,5.0
14528,4.0
709,4.0
1505,5.0
2948,3.0
2992,4.0
19255,5.0
7013,5.0
18332,5.0
6932,4.0
18356,5.0
2856,5.0
21057,4.0
3853,4.0
16031,3.0
11534,5.0
3655,5.0
10536,5.0
10071,4.0
20724,2.0
18459,4.0
21455,5.0
17441,5.0
10031,4.0
478,5.0
16901,4.0
15063,1.0
11971,5.0
212,4.0
18895,2.0
21741,5.0
17381,5.0
18212,4.0
934,5.0
603,5.0
16669,4.0
3638,3.0
2991,5.0
14683,3.0
9000,3.0
18026,4.0
7096,4.0
14964,1.0
6169,5.0
23362,3.0
1776,5.0
2413,3.0
1371,5.0
16600,5.0
18817,5.0
7309,5.0
2126,4.0
5895,4.0
1589,4.0
20250,5.0
17817,5.0
22758,4.0
15212,5.0
22150,5.0
14011,4.0
13167,4.0
22153,4.0
15065,4.0
13439,4.0
13934,3.0
4373,5.0
2155,5.0
775,5.0
6728,5.0
8923,5.0
20089,1.0
9442,5.0
18896,5.0
5657,5.0
6098,1.0
805,5.0
20082,4.0
16385,5.0
8409,5.0
8175,5.0
17637,5.0
22767,4.0
11652,5.0
13656,4.0
10732,3.0
14758,5.0
21379,5.0
7946,5.0
23293,3.0
15276,1.0
21430,3.0
7058,3.0
11714,4.0
20612,2.0
17101,4.0
9682,5.0
21960,4.0
3013,5.0
9507,4.0
13698,5.0
16646,5.0
17952,5.0
12986,4.0
10069,5.0
1551,4.0
21267,5.0
16694,4.0
3748,4.0
20488,3.0
14377,3.0
11587,4.0
15868,3.0
964,4.0
5084,4.0
23071,5.0
9781,5.0
19876,3.0
3173,5.0
17405,5.0
9130,5.0
11328,5.0
21386,2.0
5683,5.0
5804,5.0
14566,3.0
2244,4.0
2828,5.0
10858,5.0
8643,5.0
16355,3.0
18520,3.0
18475,4.0
13932,3.0
18554,4.0
5225,4.0
11053,5.0
10545,4.0
5696,5.0
4241,4.0
2901,5.0
15517,5.0
1192,4.0
3409,2.0
9510,5.0
8632,5.0
10724,4.0
487,5.0
1289,5.0
4213,5.0
17143,5.0
8919,5.0
8941,4.0
20543,3.0
21949,5.0
9716,5.0
11578,3.0
17509,4.0
14517,1.0
7288,4.0
14138,5.0
13024,3.0
15797,4.0
23534,4.0
9422,5.0
19656,3.0
2821,5.0
11435,1.0
14320,4.0
21202,4.0
7583,5.0
2546,5.0
11433,4.0
1102,5.0
17639,4.0
22422,4.0
23684,5.0
3078,5.0
22749,5.0
12628,3.0
3831,5.0
7092,5.0
13785,4.0
18080,5.0
21222,4.0
7254,5.0
17745,4.0
9217,5.0
3770,5.0
22489,5.0
18672,3.0
14969,1.0
21745,4.0
9482,3.0
2956,5.0
8528,5.0
20142,4.0
5619,5.0
7573,4.0
14213,4.0
8329,5.0
23662,5.0
8818,5.0
13283,5.0
5288,4.0
21031,4.0
16296,3.0
21451,5.0
21488,5.0
3126,5.0
513,5.0
20440,5.0
19107,5.0
19856,2.0
19238,4.0
17378,5.0
13649,5.0
5758,5.0
7140,5.0
5444,5.0
22343,4.0
5458,1.0
1168,5.0
21762,4.0
6211,5.0
20429,1.0
3717,5.0
20823,5.0
7969,5.0
17052,4.0
21425,3.0
2489,5.0
21808,5.0
21466,3.0
967,2.0
11024,5.0
17919,4.0
22240,5.0
21935,4.0
1039,3.0
3125,5.0
15622,2.0
22364,5.0
6548,4.0
9258,5.0
22496,5.0
21405,2.0
14940,5.0
14487,4.0
2693,4.0
20715,1.0
1446,5.0
5198,4.0
23630,5.0
3742,5.0
23030,4.0
22055,4.0
19655,5.0
6624,5.0
14385,5.0
3020,5.0
13464,4.0
10049,5.0
2443,4.0
11265,4.0
22933,5.0
16520,4.0
13322,1.0
14912,5.0
22771,5.0
3726,5.0
5774,4.0
22202,4.0
16184,5.0
11247,5.0
22155,4.0
7777,5.0
7560,5.0
21852,5.0
4577,5.0
15035,5.0
21926,5.0
23731,4.0
15493,5.0
10942,5.0
15180,5.0
2966,4.0
17355,3.0
19453,4.0
2566,5.0
9291,5.0
9430,5.0
23675,5.0
21946,4.0
16641,4.0
14006,5.0
20225,4.0
4100,5.0
4825,4.0
6330,5.0
19807,1.0
17085,5.0
5899,5.0
23724,5.0
7236,5.0
15300,5.0
8692,4.0
10950,4.0
10368,5.0
22849,4.0
19276,4.0
7842,5.0
17713,4.0
7139,5.0
16007,4.0
5302,5.0
19931,5.0
9135,5.0
23272,5.0
8290,5.0
9714,4.0
13782,3.0
10515,4.0
12296,5.0
15977,5.0
23037,5.0
12691,5.0
23516,5.0
6057,4.0
16257,4.0
1297,5.0
20648,4.0
10488,5.0
572,5.0
1197,5.0
4626,5.0
22842,4.0
5749,4.0
23095,4.0
16831,5.0
23768,5.0
4476,3.0
12169,5.0
13104,1.0
892,5.0
22573,3.0
4307,5.0
2900,4.0
16885,4.0
17813,5.0
2892,4.0
15206,5.0
7349,5.0
10574,5.0
17181,5.0
18156,5.0
11917,5.0
23145,3.0
8905,5.0
15054,4.0
5330,5.0
21920,4.0
2811,5.0
23032,4.0
2401,2.0
9417,5.0
500,5.0
1425,5.0
23123,5.0
8757,4.0
17561,1.0
18819,5.0
16290,3.0
18370,5.0
17337,5.0
13425,5.0
12386,4.0
2316,4.0
9136,5.0
20827,5.0
20569,5.0
16743,5.0
12058,5.0
13955,4.0
18901,1.0
4541,1.0
23193,5.0
22165,4.0
9905,4.0
18708,4.0
16084,4.0
929,4.0
17709,4.0
20209,4.0
19911,5.0
2780,5.0
21431,5.0
3755,5.0
23719,5.0
4127,4.0
7447,5.0
16868,4.0
17958,4.0
1836,5.0
21283,4.0
23780,5.0
7400,4.0
749,5.0
5637,4.0
19355,4.0
22203,4.0
22000,3.0
8440,4.0
12255,5.0
10027,5.0
11172,4.0
19533,2.0
20255,4.0
21982,4.0
520,5.0
8837,5.0
16368,4.0
6740,5.0
4678,5.0
16970,5.0
10535,5.0
8871,5.0
6154,5.0
12030,5.0
10216,4.0
740,5.0
11458,4.0
1778,4.0
23348,4.0
11448,5.0
16061,5.0
19513,4.0
20597,5.0
18579,5.0
11908,4.0
9016,4.0
2253,5.0
23620,5.0
19892,4.0
22452,4.0
10113,5.0
3570,4.0
18451,4.0
4834,4.0
19879,5.0
2488,5.0
680,5.0
22935,3.0
8253,5.0
20585,5.0
866,5.0
22256,5.0
22905,5.0
22183,4.0
11570,5.0
18406,5.0
14569,5.0
19152,5.0
3035,5.0
7699,5.0
3459,5.0
2121,4.0
21744,5.0
14689,5.0
11741,3.0
14031,5.0
5805,4.0
15404,5.0
11246,4.0
18700,5.0
23395,5.0
10826,5.0
8357,5.0
6465,1.0
22588,5.0
3644,4.0
18785,5.0
11238,1.0
12334,4.0
11927,2.0
10725,5.0
22476,5.0
10721,5.0
12658,1.0
7758,5.0
20608,4.0
11673,5.0
15922,1.0
10001,2.0
14277,2.0
10609,1.0
15198,5.0
11095,5.0
9756,5.0
23292,5.0
22215,3.0
9929,4.0
16938,5.0
16410,4.0
19228,5.0
21106,5.0
8080,5.0
21963,4.0
9054,5.0
5876,5.0
15556,3.0
20958,4.0
1785,5.0
3079,5.0
6199,5.0
20312,3.0
9497,5.0
3143,5.0
15651,4.0
10492,4.0
19509,5.0
6940,5.0
11582,4.0
18306,5.0
13771,5.0
9543,1.0
1262,3.0
9873,5.0
14926,5.0
15998,4.0
4264,5.0
13888,4.0
20996,5.0
20758,4.0
19130,4.0
6,5.0
2383,5.0
4696,5.0
9801,4.0
11480,5.0
8414,4.0
6523,4.0
11569,5.0
15413,5.0
23509,5.0
3922,5.0
7316,3.0
8913,5.0
22695,5.0
12406,5.0
3441,4.0
4285,5.0
23069,5.0
7542,5.0
11932,4.0
4358,5.0
10209,5.0
18091,4.0
8775,5.0
1794,5.0
3555,5.0
5022,5.0
2613,5.0
7590,5.0
3903,5.0
4064,5.0
5832,3.0
20652,4.0
23325,3.0
792,4.0
19488,5.0
5534,5.0
4489,4.0
20803,3.0
2434,5.0
10444,2.0
3633,3.0
7213,5.0
19247,5.0
4245,5.0
5560,5.0
10570,5.0
16225,3.0
20777,1.0
18569,5.0
22801,4.0
13437,3.0
7108,3.0
3000,5.0
4304,4.0
21496,4.0
6241,5.0
1618,4.0
17372,5.0
18103,5.0
5161,5.0
5684,5.0
9830,4.0
20426,4.0
11852,5.0
4691,5.0
20359,5.0
17598,4.0
7615,5.0
11138,4.0
4080,5.0
10417,5.0
10080,4.0
16549,5.0
21724,4.0
17530,4.0
2269,5.0
4321,5.0
9746,4.0
7221,5.0
10021,4.0
8117,5.0
7115,5.0
7421,5.0
3761,5.0
22733,5.0
3418,3.0
1341,5.0
18775,3.0
2639,4.0
14384,4.0
12106,1.0
19217,4.0
14461,3.0
5951,2.0
18541,4.0
11798,4.0
19822,5.0
381,4.0
2322,5.0
10205,5.0
9396,5.0
9069,3.0
14906,4.0
17864,5.0
3908,5.0
1478,2.0
12093,5.0
45,5.0
1087,5.0
7764,5.0
4027,3.0
18361,3.0
7671,5.0
1920,5.0
19026,5.0
11204,1.0
19381,4.0
10227,4.0
5851,5.0
1711,4.0
6611,5.0
13869,4.0
4323,5.0
19298,5.0
1127,5.0
11947,4.0
22660,4.0
18144,4.0
5860,5.0
5445,3.0
17504,5.0
11266,4.0
4718,5.0
6382,4.0
19663,5.0
19115,5.0
15689,5.0
6723,5.0
1756,5.0
8180,4.0
9382,2.0
22567,5.0
17455,5.0
18830,4.0
18526,4.0
11240,5.0
12522,5.0
18794,5.0
11950,5.0
21659,4.0
20062,5.0
7363,3.0
2725,5.0
11329,4.0
15681,5.0
20268,1.0
7639,5.0
14083,5.0
22909,5.0
18328,5.0
15889,4.0
21749,5.0
19166,1.0
1103,5.0
12449,5.0
13568,3.0
4978,3.0
10727,2.0
11481,4.0
8861,5.0
1136,4.0
16926,3.0
17252,4.0
18633,5.0
18504,4.0
8169,3.0
8878,5.0
185,5.0
17641,5.0
4984,2.0
15466,5.0
8588,5.0
21293,5.0
12352,1.0
7659,2.0
1873,4.0
754,5.0
1647,4.0
15491,5.0
19955,5.0
3080,5.0
22793,3.0
16954,3.0
1028,4.0
16803,4.0
17720,5.0
5105,5.0
8204,5.0
4035,5.0
17177,5.0
386,5.0
14673,2.0
1109,5.0
9443,5.0
276,5.0
19260,5.0
2231,5.0
5778,4.0
14007,4.0
15716,1.0
5306,4.0
14888,4.0
18583,3.0
18551,4.0
2814,5.0
20682,5.0
2911,4.0
6736,5.0
10756,4.0
21158,3.0
5894,1.0
2018,4.0
21077,5.0
11116,5.0
18082,1.0
18827,5.0
1185,5.0
5116,5.0
6510,5.0
18019,5.0
14070,5.0
20029,5.0
12651,5.0
22369,5.0
18493,1.0
15470,5.0
20059,5.0
3448,3.0
12381,5.0
19735,3.0
7530,4.0
766,5.0
2056,5.0
1305,4.0
14567,5.0
16580,4.0
16333,5.0
3495,5.0
6600,4.0
23610,4.0
7887,5.0
22958,5.0
10287,4.0
6543,5.0
11841,5.0
4369,4.0
14756,5.0
21344,4.0
22927,3.0
21771,4.0
20036,5.0
23306,5.0
19813,4.0
15166,1.0
8902,4.0
8024,5.0
9992,5.0
3225,5.0
7210,4.0
4533,4.0
10346,5.0
4844,5.0
12000,5.0
21677,5.0
21911,4.0
4184,5.0
7792,5.0
13046,4.0
5031,5.0
15926,4.0
19297,5.0
23599,3.0
2342,5.0
6747,5.0
14896,5.0
5773,5.0
12456,4.0
15812,5.0
8321,5.0
7643,5.0
17326,5.0
21860,4.0
13554,4.0
9743,4.0
20328,4.0
22147,5.0
6399,3.0
16270,5.0
15268,5.0
20049,2.0
7335,5.0
10631,2.0
7167,5.0
4532,3.0
9350,5.0
15250,4.0
7570,4.0
13692,4.0
11474,4.0
19497,2.0
4611,5.0
7729,4.0
10259,4.0
21289,4.0
12587,5.0
21266,4.0
11352,5.0
6022,4.0
8725,5.0
6331,4.0
4359,1.0
21626,5.0
22002,4.0
1461,5.0
20060,5.0
10327,5.0
11089,5.0
19180,5.0
23671,3.0
2035,5.0
18567,4.0
17214,3.0
12653,5.0
22480,5.0
4009,5.0
9459,5.0
3924,5.0
5125,5.0
6903,5.0
13122,3.0
1045,5.0
4266,5.0
19088,3.0
4793,5.0
4049,4.0
14044,5.0
4667,4.0
13414,4.0
23243,5.0
4720,5.0
4875,5.0
12918,5.0
21656,4.0
18625,5.0
5139,5.0
16528,4.0
19363,1.0
21924,4.0
19193,5.0
14816,4.0
6575,4.0
14447,4.0
7579,4.0
14750,5.0
14839,5.0
14492,3.0
2485,5.0
2134,5.0
22868,4.0
9085,4.0
9272,5.0
23138,3.0
21141,4.0
11557,5.0
9663,5.0
19292,5.0
17231,1.0
20505,5.0
15098,5.0
15186,5.0
18734,4.0
16032,3.0
15682,5.0
8992,5.0
16773,3.0
22207,5.0
18632,3.0
4007,5.0
9902,5.0
15643,5.0
14470,5.0
6669,4.0
10447,5.0
23108,5.0
12527,3.0
23715,5.0
13422,5.0
12114,5.0
14682,1.0
9480,5.0
22508,2.0
6368,4.0
6494,4.0
21320,1.0
23357,4.0
11092,2.0
21456,5.0
4180,5.0
19773,5.0
2917,5.0
17829,2.0
20351,4.0
2960,5.0
8203,5.0
15945,1.0
7610,5.0
12503,4.0
20700,3.0
14867,4.0
17349,4.0
12906,5.0
19045,1.0
11379,5.0
9441,5.0
294,4.0
14660,5.0
23786,5.0
17847,3.0
21125,1.0
13808,1.0
12050,4.0
5823,5.0
19811,3.0
19708,5.0
2055,5.0
8771,1.0
8893,4.0
10165,3.0
18699,2.0
14804,3.0
5969,5.0
9185,4.0
6223,3.0
771,5.0
4226,5.0
23119,5.0
12723,4.0
17744,4.0
14582,5.0
21330,4.0
18703,5.0
8448,4.0
11103,4.0
11691,1.0
2047,5.0
1552,5.0
8098,5.0
18525,5.0
10338,3.0
5495,5.0
14444,5.0
15402,5.0
15928,4.0
113,5.0
674,5.0
14729,5.0
14849,5.0
20071,5.0
4113,5.0
16080,4.0
14543,5.0
19346,4.0
5240,4.0
816,5.0
1998,5.0
18012,3.0
2034,5.0
23392,4.0
7419,5.0
20627,3.0
5781,5.0
8810,4.0
17751,5.0
6907,4.0
13337,5.0
14143,4.0
20884,5.0
3739,5.0
17797,5.0
10643,2.0
16587,5.0
14832,4.0
5083,5.0
20138,5.0
13607,4.0
5880,5.0
20072,5.0
13926,5.0
19637,5.0
15761,4.0
3304,5.0
13822,5.0
3666,5.0
19836,5.0
12130,5.0
11326,4.0
17664,4.0
16751,3.0
12040,1.0
3243,4.0
10849,5.0
4102,5.0
6190,5.0
15658,3.0
21817,4.0
10936,5.0
12716,5.0
459,5.0
5608,3.0
10780,3.0
19171,4.0
17459,4.0
19768,5.0
19913,4.0
8672,5.0
1772,5.0
18272,2.0
2079,5.0
955,5.0
1085,5.0
17340,4.0
14155,5.0
16035,5.0
233,5.0
4753,5.0
23704,5.0
2633,5.0
20775,5.0
13602,3.0
11331,5.0
4521,5.0
18609,5.0
18320,5.0
4683,4.0
15037,5.0
13161,4.0
4491,4.0
6256,5.0
8062,4.0
19015,3.0
3607,5.0
8982,4.0
20070,1.0
19471,5.0
19968,5.0
10035,5.0
8719,5.0
2640,2.0
20544,4.0
8704,5.0
1220,5.0
20436,3.0
13536,5.0
20950,2.0
6389,5.0
8235,5.0
18882,5.0
22375,5.0
13520,5.0
5076,5.0
10907,3.0
5269,5.0
14698,5.0
1838,4.0
7237,5.0
8858,1.0
20509,3.0
14635,4.0
8100,5.0
11583,5.0
13265,4.0
961,5.0
18962,3.0
11271,4.0
1572,5.0
837,5.0
11754,4.0
10288,4.0
16828,4.0
939,5.0
15858,5.0
16921,4.0
6489,4.0
3005,5.0
5370,5.0
20540,2.0
22116,5.0
16811,3.0
8855,4.0
17072,4.0
12524,4.0
22415,5.0
11535,4.0
4270,5.0
12293,5.0
19021,5.0
1336,4.0
1742,5.0
14012,4.0
17475,4.0
10712,5.0
3703,2.0
23747,3.0
2339,5.0
18194,5.0
21713,4.0
19475,3.0
18454,5.0
4269,5.0
19997,2.0
17277,3.0
447,5.0
11051,4.0
10422,5.0
13483,5.0
12774,4.0
9721,5.0
23028,5.0
15426,4.0
3439,5.0
9394,5.0
15407,5.0
17638,5.0
15915,3.0
16072,5.0
2384,3.0
16756,2.0
2119,5.0
16141,5.0
14687,4.0
22457,3.0
10583,4.0
3520,5.0
3161,3.0
18377,4.0
17879,3.0
20730,3.0
11556,3.0
10794,4.0
44,2.0
12284,3.0
13040,5.0
2522,4.0
3683,5.0
5636,5.0
21190,4.0
354,5.0
21985,4.0
2455,3.0
19236,5.0
17322,3.0
5797,3.0
12287,5.0
17776,5.0
2946,4.0
12870,4.0
13025,5.0
15563,5.0
10347,1.0
7888,4.0
17193,4.0
17704,5.0
13326,2.0
10047,5.0
5411,5.0
14550,4.0
843,3.0
4121,5.0
23203,4.0
9893,5.0
20568,4.0
14877,5.0
7394,5.0
628,5.0
10281,5.0
607,5.0
16604,5.0
17661,5.0
5283,5.0
12479,3.0
11635,4.0
9202,5.0
18471,1.0
19936,5.0
8071,5.0
17836,1.0
13080,4.0
22865,5.0
20812,4.0
10472,4.0
8800,4.0
23591,5.0
15646,2.0
19202,5.0
20904,5.0
19530,2.0
15856,4.0
19388,5.0
6935,4.0
1166,5.0
16607,4.0
3146,5.0
16565,3.0
7970,5.0
9774,5.0
2356,5.0
11171,4.0
9829,4.0
9444,5.0
10052,5.0
13514,5.0
21157,5.0
10207,5.0
8136,4.0
2478,5.0
2353,5.0
20032,5.0
9301,5.0
14226,4.0
7510,5.0
10137,5.0
20834,5.0
15551,4.0
1698,5.0
12879,3.0
1098,3.0
1097,5.0
20538,3.0
8776,5.0
14584,5.0
22930,4.0
11581,4.0
20973,4.0
13342,4.0
5957,5.0
21409,5.0
2206,5.0
8149,5.0
7515,5.0
20,5.0
7682,5.0
18262,4.0
11965,5.0
8312,5.0
2975,4.0
3229,5.0
14128,4.0
20555,4.0
9361,5.0
17347,4.0
16286,4.0
840,4.0
2812,5.0
17292,4.0
21660,2.0
7903,4.0
18710,2.0
3591,4.0
23713,3.0
2270,4.0
16523,4.0
10765,1.0
6395,2.0
20053,4.0
874,5.0
8399,5.0
1963,5.0
18519,5.0
20287,5.0
17024,5.0
3049,5.0
23659,5.0
21053,5.0
1972,5.0
6792,5.0
8188,5.0
11419,3.0
11505,3.0
12661,4.0
20895,3.0
9639,5.0
9644,4.0
2973,5.0
11958,5.0
11169,1.0
227,5.0
23589,3.0
4136,3.0
19640,4.0
9621,2.0
9486,5.0
20412,3.0
20993,1.0
18873,4.0
19047,1.0
12657,1.0
8392,3.0
19845,5.0
9627,4.0
1867,4.0
17343,5.0
11317,4.0
3337,5.0
1699,5.0
14056,5.0
4302,4.0
3816,5.0
1462,5.0
2844,4.0
20860,4.0
10766,1.0
19462,1.0
15314,1.0
18322,4.0
19641,5.0
18647,5.0
586,5.0
8624,5.0
4624,5.0
21947,4.0
9924,4.0
17361,4.0
15852,5.0
2636,4.0
17315,4.0
11334,4.0
2169,5.0
11442,2.0
11369,4.0
10687,5.0
5389,5.0
7079,4.0
17736,3.0
22463,5.0
22387,5.0
10029,5.0
8712,5.0
16700,4.0
19516,4.0
14642,5.0
21801,5.0
13920,3.0
1306,4.0
23067,5.0
23072,5.0
1815,4.0
17606,2.0
14659,5.0
11720,5.0
10334,4.0
9031,2.0
12736,4.0
12089,4.0
20493,1.0
20936,4.0
1476,5.0
21388,4.0
11109,5.0
14539,4.0
11193,1.0
12231,5.0
21210,4.0
21199,3.0
20991,3.0
2074,5.0
4592,5.0
15245,3.0
21971,1.0
13769,5.0
16945,5.0
917,3.0
17330,4.0
5195,5.0
11766,1.0
8578,4.0
3074,4.0
14265,2.0
7473,5.0
959,4.0
4928,5.0
9366,5.0
9359,4.0
251,5.0
20774,4.0
8782,5.0
17670,4.0
16458,5.0
7037,4.0
23154,4.0
16392,1.0
2720,4.0
13426,5.0
8603,5.0
21913,5.0
831,5.0
20571,5.0
21969,3.0
17515,3.0
15275,1.0
11209,5.0
4924,5.0
2212,5.0
8027,5.0
2730,5.0
10446,5.0
21570,3.0
23151,5.0
22984,4.0
12622,2.0
15084,5.0
22317,4.0
10270,5.0
1688,5.0
11428,5.0
1263,1.0
17390,5.0
6631,5.0
15967,5.0
20196,4.0
20106,5.0
10678,4.0
9722,5.0
1286,5.0
7035,4.0
6507,5.0
5949,3.0
6712,5.0
19114,5.0
20168,5.0
2075,5.0
15156,2.0
11165,5.0
10033,5.0
8777,4.0
1352,5.0
15591,5.0
8791,1.0
19699,5.0
2863,5.0
8622,3.0
16395,5.0
21816,5.0
6242,4.0
17333,5.0
17152,5.0
10220,5.0
5467,4.0
471,5.0
9363,4.0
7770,5.0
6563,5.0
8300,3.0
12908,4.0
10542,4.0
11940,5.0
2109,5.0
15294,5.0
19443,1.0
8459,5.0
22691,5.0
19521,4.0
13215,5.0
4771,5.0
15050,5.0
11267,3.0
14817,4.0
22119,5.0
18588,3.0
16755,2.0
6294,5.0
12689,4.0
21164,5.0
15381,1.0
11894,5.0
12798,5.0
9043,4.0
998,4.0
16623,3.0
20845,3.0
4542,4.0
21923,5.0
3422,5.0
19613,5.0
2263,5.0
9449,5.0
11961,3.0
21782,4.0
3940,4.0
21697,4.0
10406,5.0
19142,4.0
8751,4.0
20599,5.0
2959,5.0
480,5.0
3235,3.0
20741,5.0
15950,2.0
4719,4.0
21527,5.0
13928,2.0
9445,5.0
16544,4.0
8268,5.0
18315,5.0
9045,5.0
9692,5.0
23633,4.0
16611,5.0
15193,5.0
12901,4.0
20198,4.0
8631,4.0
12056,4.0
3009,5.0
3640,5.0
16344,5.0
7995,5.0
3266,5.0
6037,5.0
15775,5.0
3681,4.0
16563,5.0
11930,4.0
13490,5.0
3977,4.0
4710,5.0
3832,4.0
19788,5.0
546,4.0
4764,3.0
14712,3.0
13119,1.0
5164,3.0
17363,5.0
2400,3.0
7649,5.0
13032,5.0
18179,4.0
11781,2.0
22259,5.0
18281,3.0
16287,3.0
13761,5.0
2600,4.0
1188,5.0
15848,5.0
9823,4.0
307,4.0
3011,5.0
23547,5.0
23481,4.0
4292,5.0
2880,3.0
1869,5.0
4608,3.0
20716,4.0
11067,5.0
12786,5.0
14193,5.0
13775,5.0
1502,5.0
21390,4.0
11124,5.0
19566,4.0
6934,5.0
16262,2.0
3085,5.0
12359,2.0
5692,5.0
6812,5.0
14980,5.0
13904,4.0
6959,2.0
2371,4.0
9703,5.0
19873,5.0
12983,5.0
21493,3.0
22295,5.0
730,5.0
13545,5.0
14167,3.0
11423,5.0
18627,4.0
14124,4.0
12665,4.0
21241,3.0
19466,4.0
14387,4.0
5660,4.0
20905,5.0
7383,4.0
6149,3.0
14218,4.0
2463,5.0
10777,1.0
4802,5.0
21518,5.0
17304,4.0
20362,4.0
450,3.0
14211,5.0
7746,5.0
1690,5.0
4653,5.0
4568,5.0
8511,4.0
11383,4.0
15781,5.0
10499,5.0
16526,5.0
10805,5.0
11078,5.0
5377,5.0
20800,5.0
5528,5.0
455,4.0
18529,4.0
2984,5.0
12952,4.0
18878,4.0
1732,5.0
10009,4.0
5002,5.0
15126,5.0
4093,3.0
18007,4.0
17409,5.0
5542,3.0
4447,5.0
2954,5.0
2935,4.0
388,5.0
19331,4.0
22951,4.0
815,5.0
13842,4.0
16971,5.0
13190,5.0
10481,5.0
12808,5.0
14634,5.0
16533,5.0
18547,4.0
20160,5.0
18586,4.0
3733,4.0
6578,3.0
6783,5.0
12954,5.0
8403,5.0
18835,3.0
1910,5.0
9315,5.0
17026,4.0
19973,4.0
1423,5.0
5620,5.0
18460,4.0
1765,5.0
14714,5.0
18393,4.0
1488,5.0
5300,5.0
7587,5.0
18513,5.0
22546,4.0
13885,5.0
2196,5.0
12429,5.0
18900,4.0
13001,5.0
2704,3.0
18062,2.0
1201,3.0
20701,4.0
16557,5.0
23494,5.0
17028,4.0
392,5.0
10837,3.0
6875,4.0
14307,3.0
12834,5.0
12261,5.0
21358,5.0
1996,5.0
6909,3.0
19484,5.0
3399,4.0
3432,4.0
5968,5.0
6141,5.0
9460,5.0
8921,5.0
90,5.0
6945,5.0
14368,5.0
19177,5.0
1474,4.0
2486,5.0
12457,5.0
10497,5.0
21761,4.0
3883,5.0
20802,4.0
6818,5.0
2101,4.0
19105,5.0
12363,4.0
8377,5.0
12532,5.0
18434,4.0
971,4.0
4817,4.0
13163,5.0
18346,5.0
19025,4.0
10377,5.0
9765,4.0
5308,5.0
23641,4.0
16448,4.0
22129,4.0
19343,4.0
2699,5.0
13600,5.0
22999,1.0
11208,3.0
17778,5.0
7262,5.0
17612,3.0
11388,5.0
22590,1.0
8856,1.0
1430,5.0
1549,5.0
10594,4.0
141,5.0
23218,5.0
15205,5.0
162,5.0
21248,4.0
21286,5.0
21290,5.0
3929,5.0
1666,3.0
18191,5.0
11126,5.0
21104,2.0
21513,5.0
21940,5.0
9339,5.0
10243,3.0
7265,5.0
17251,4.0
18146,5.0
1694,5.0
20228,4.0
12909,5.0
22001,5.0
12243,5.0
18771,5.0
5258,4.0
10626,5.0
11155,4.0
17160,5.0
1186,5.0
11260,5.0
1434,5.0
19852,5.0
10634,3.0
11929,4.0
20514,5.0
14610,5.0
15482,5.0
15298,4.0
21927,1.0
9707,5.0
15027,4.0
6771,5.0
15090,5.0
10215,4.0
11262,3.0
20685,5.0
20933,4.0
11611,5.0
7416,5.0
11743,1.0
21183,4.0
10910,4.0
21938,5.0
16435,4.0
6073,4.0
5811,5.0
12585,4.0
700,4.0
18110,5.0
15079,2.0
2896,5.0
23739,4.0
8482,2.0
5174,5.0
10897,4.0
7771,3.0
7358,4.0
17966,5.0
18402,5.0
23746,4.0
23476,5.0
6827,5.0
9771,5.0
15615,4.0
22547,5.0
21671,5.0
9809,4.0
10785,1.0
13829,5.0
3693,5.0
20681,5.0
14142,1.0
13389,5.0
5892,5.0
13388,5.0
17682,4.0
14508,5.0
13465,4.0
8928,1.0
18928,4.0
10479,1.0
17042,5.0
12051,5.0
5931,5.0
10886,5.0
23441,5.0
6601,4.0
18104,5.0
1315,5.0
12543,4.0
17018,4.0
9570,5.0
13472,4.0
16325,4.0
1689,4.0
632,5.0
2544,5.0
14292,4.0
2678,5.0
20537,5.0
15264,5.0
20616,5.0
4212,5.0
8934,3.0
15239,4.0
889,5.0
14202,5.0
14521,4.0
16572,5.0
22189,5.0
19089,3.0
22209,4.0
9502,5.0
9866,5.0
16601,5.0
5639,4.0
6860,3.0
1307,3.0
4770,4.0
1030,3.0
18303,3.0
20975,5.0
10411,2.0
22294,5.0
3211,5.0
4902,2.0
7578,5.0
5630,5.0
7484,3.0
15758,4.0
16850,4.0
3335,5.0
17147,5.0
9512,5.0
8817,5.0
10774,1.0
8461,3.0
1842,5.0
5082,5.0
736,4.0
13517,5.0
21839,4.0
6126,2.0
11756,4.0
11528,4.0
10186,5.0
8063,4.0
15507,5.0
4159,5.0
10871,5.0
10511,5.0
11445,5.0
10739,5.0
16754,5.0
8690,5.0
6786,4.0
10117,5.0
1985,5.0
7453,5.0
8303,4.0
16917,3.0
9255,5.0
4124,5.0
16982,2.0
15671,5.0
16709,5.0
8271,5.0
23663,1.0
14008,4.0
9732,2.0
17464,5.0
17221,3.0
12153,2.0
17936,5.0
10898,4.0
3181,5.0
22004,4.0
19715,4.0
11835,5.0
22271,5.0
19430,3.0
8577,4.0
20402,5.0
20078,5.0
12021,2.0
1676,5.0
22522,5.0
16516,4.0
879,4.0
1860,5.0
10998,5.0
23106,4.0
15793,5.0
21441,5.0
15137,1.0
17850,1.0
3083,4.0
9631,4.0
3514,5.0
22855,3.0
1205,4.0
18345,2.0
2978,5.0
15787,4.0
3820,5.0
18066,4.0
7156,5.0
4069,5.0
16615,5.0
17784,4.0
3931,5.0
17968,5.0
9962,3.0
7605,5.0
10223,5.0
7619,5.0
6148,4.0
20293,4.0
9224,5.0
13148,4.0
20047,4.0
2514,5.0
14065,5.0
17269,2.0
4376,5.0
3228,5.0
844,5.0
15667,5.0
12156,5.0
15004,4.0
9532,1.0
2659,5.0
3620,5.0
7059,1.0
17186,4.0
10332,5.0
8617,5.0
13882,1.0
12158,5.0
21383,5.0
11269,4.0
18339,2.0
20593,5.0
991,5.0
7738,5.0
5632,3.0
15022,3.0
3827,4.0
18897,2.0
11121,4.0
10654,4.0
10065,5.0
15560,5.0
2139,5.0
19938,4.0
14375,3.0
1470,5.0
15253,4.0
59,5.0
21041,4.0
22815,5.0
9197,4.0
20930,5.0
3330,5.0
21223,5.0
842,2.0
145,5.0
14963,1.0
22222,1.0
23805,3.0
15595,5.0
17098,5.0
22857,5.0
9559,1.0
5631,5.0
5369,4.0
1775,5.0
14038,5.0
5266,5.0
18692,4.0
15217,5.0
3426,5.0
12873,2.0
8827,5.0
19939,3.0
4327,5.0
7921,5.0
11730,2.0
2733,5.0
875,5.0
3516,5.0
10226,5.0
876,5.0
21835,5.0
4104,4.0
2817,4.0
12584,5.0
7656,5.0
5134,5.0
9310,5.0
17453,5.0
10345,5.0
7166,5.0
15210,5.0
7742,5.0
23070,4.0
21470,3.0
19839,5.0
476,5.0
7603,4.0
545,5.0
15483,3.0
9121,5.0
20864,5.0
5340,3.0
18872,4.0
16138,2.0
22095,4.0
3891,5.0
22788,4.0
10135,5.0
3213,4.0
17746,4.0
17816,5.0
12764,5.0
5843,5.0
17837,1.0
3216,5.0
18623,5.0
1486,5.0
9505,2.0
14233,3.0
12278,5.0
20179,1.0
7109,5.0
3338,5.0
394,5.0
14927,4.0
20221,2.0
14351,1.0
5028,4.0
646,5.0
7048,2.0
22559,5.0
9213,5.0
7862,5.0
13454,1.0
12892,3.0
9610,5.0
10966,5.0
9748,4.0
16018,1.0
23201,5.0
19218,2.0
12270,5.0
17037,5.0
22475,5.0
12265,5.0
6033,5.0
13225,5.0
5917,5.0
15209,5.0
23053,3.0
17983,3.0
3994,5.0
5729,5.0
18729,4.0
965,5.0
13196,1.0
8802,5.0
19918,5.0
23226,5.0
785,5.0
1417,4.0
20829,5.0
6134,5.0
16024,5.0
194,4.0
6077,5.0
21649,5.0
15974,3.0
10537,4.0
10415,5.0
15215,4.0
11580,4.0
2823,5.0
20420,4.0
6633,5.0
19787,5.0
15148,1.0
14633,5.0
8825,5.0
9206,5.0
5567,5.0
14920,4.0
12640,5.0
10450,4.0
11222,3.0
5577,5.0
1153,4.0
17764,4.0
5919,5.0
22031,5.0
12485,3.0
15639,3.0
6051,5.0
18788,5.0
6266,3.0
7212,5.0
21352,4.0
2739,5.0
18245,5.0
19527,3.0
2094,4.0
13002,5.0
1372,3.0
10110,5.0
2437,5.0
435,5.0
23126,5.0
13880,5.0
20562,5.0
5809,5.0
12323,5.0
15657,3.0
9108,4.0
14335,1.0
19744,1.0
4821,4.0
8285,4.0
22902,4.0
5678,5.0
5127,5.0
20711,5.0
3226,5.0
13733,5.0
23297,4.0
21306,4.0
8779,5.0
14748,4.0
2906,3.0
12803,5.0
2221,5.0
1663,3.0
10644,2.0
142,3.0
6974,5.0
21790,5.0
22725,4.0
4151,5.0
18598,5.0
20313,4.0
7169,3.0
22528,5.0
3276,5.0
19323,4.0
847,5.0
11080,5.0
21205,4.0
19846,3.0
46,4.0
9865,5.0
9038,5.0
1199,5.0
18537,5.0
9172,1.0
10160,1.0
21709,5.0
3750,4.0
5110,5.0
2536,5.0
1332,5.0
21679,3.0
12776,5.0
17260,4.0
6082,5.0
4103,5.0
15876,4.0
18003,1.0
11366,3.0
11406,3.0
6468,5.0
20064,5.0
15062,4.0
13978,5.0
5604,5.0
1613,5.0
12896,3.0
18258,2.0
22076,5.0
22026,5.0
22503,4.0
8823,5.0
14148,5.0
17947,5.0
7794,4.0
9409,5.0
4948,5.0
7244,5.0
7174,5.0
5784,5.0
18411,3.0
6168,5.0
5059,4.0
8739,5.0
1661,5.0
14021,5.0
1556,4.0
278,5.0
1398,4.0
15121,4.0
21928,3.0
17413,2.0
6954,5.0
8282,5.0
17585,4.0
9827,4.0
14442,5.0
21064,5.0
7533,3.0
23523,5.0
3537,5.0
18101,5.0
10144,5.0
5176,5.0
5462,4.0
14655,3.0
1970,5.0
20302,5.0
8378,5.0
14181,3.0
2204,5.0
12555,5.0
18652,5.0
1881,4.0
13598,4.0
15901,1.0
16164,5.0
17110,5.0
17603,3.0
14939,5.0
19104,5.0
4314,5.0
7038,5.0
17365,4.0
9376,2.0
10111,5.0
13276,5.0
20314,5.0
18165,5.0
10856,5.0
23044,4.0
17912,2.0
6030,4.0
2091,5.0
221,5.0
15370,5.0
2085,5.0
12257,5.0
7482,5.0
23473,3.0
1485,5.0
13250,2.0
1142,4.0
15701,2.0
5,1.0
1043,5.0
4982,4.0
2878,5.0
23563,5.0
14777,5.0
20541,3.0
2848,4.0
18568,3.0
12199,4.0
8545,5.0
2727,5.0
60,5.0
18139,5.0
19117,5.0
15685,5.0
22596,5.0
6276,4.0
17904,3.0
7536,5.0
22268,4.0
3846,5.0
15114,4.0
22564,5.0
14716,2.0
11893,5.0
11257,5.0
1069,5.0
13034,5.0
13257,4.0
20790,3.0
7529,5.0
5550,5.0
16365,5.0
21022,1.0
10690,5.0
1493,3.0
15771,4.0
5740,5.0
13578,3.0
12123,3.0
11241,3.0
17696,4.0
9612,1.0
20189,4.0
9817,4.0
20083,3.0
17366,4.0
8584,5.0
12549,5.0
11593,4.0
7017,4.0
8439,4.0
22807,4.0
6024,4.0
10041,5.0
558,3.0
22370,5.0
86,5.0
8995,5.0
21399,5.0
5870,5.0
5422,5.0
4332,5.0
21468,4.0
6270,3.0
21074,4.0
19926,4.0
19291,5.0
1251,5.0
15244,3.0
4223,5.0
13296,5.0
21534,5.0
10088,5.0
15804,3.0
5794,5.0
19434,3.0
10518,3.0
12371,5.0
19458,5.0
11205,5.0
23216,5.0
18855,4.0
20095,5.0
23711,5.0
13528,1.0
14914,4.0
18847,4.0
14082,2.0
22642,3.0
437,5.0
7144,5.0
4561,5.0
20391,4.0
15888,5.0
17163,5.0
10969,5.0
2902,5.0
1099,5.0
23383,5.0
3192,5.0
18704,5.0
19517,2.0
3281,5.0
2497,5.0
8141,5.0
8107,5.0
17885,3.0
4070,5.0
15116,4.0
3936,5.0
5945,4.0
3375,5.0
14690,5.0
8153,4.0
19127,4.0
8984,5.0
146,5.0
11351,5.0
8933,5.0
11132,4.0
10938,4.0
13396,4.0
16145,4.0
16418,3.0
4442,4.0
8962,5.0
14150,4.0
8406,5.0
19639,3.0
11477,2.0
19649,5.0
3815,5.0
21070,3.0
12541,4.0
19351,5.0
7575,5.0
7297,4.0
2986,3.0
7148,4.0
19947,4.0
20040,4.0
2161,4.0
11906,4.0
17962,1.0
3092,5.0
3129,5.0
1158,4.0
12837,4.0
1872,5.0
6359,5.0
14657,4.0
15601,5.0
22072,5.0
1049,5.0
16268,4.0
16566,3.0
11907,4.0
13391,5.0
3639,2.0
67,1.0
23452,4.0
14662,5.0
4077,5.0
6095,4.0
21506,4.0
6690,5.0
21418,2.0
10389,3.0
21988,5.0
22969,2.0
8839,5.0
22096,4.0
2930,5.0
14732,5.0
7268,4.0
13394,4.0
11643,4.0
20418,5.0
4261,4.0
1780,5.0
23393,4.0
11877,4.0
8750,3.0
15952,4.0
8250,5.0
11737,3.0
3676,5.0
17969,4.0
12972,5.0
5099,4.0
22710,4.0
21647,3.0
8020,5.0
15052,3.0
5806,5.0
16041,3.0
10963,5.0
19814,5.0
7783,4.0
22599,4.0
12848,5.0
10834,5.0
12887,5.0
3057,5.0
22813,2.0
17209,4.0
11710,5.0
20849,4.0
7487,5.0
17062,4.0
15944,3.0
9701,5.0
22980,5.0
19401,4.0
5500,4.0
10141,5.0
1213,1.0
14019,4.0
780,5.0
14720,5.0
10674,5.0
3561,5.0
3682,5.0
6665,5.0
8604,3.0
21836,4.0
719,5.0
1207,3.0
10571,5.0
15373,5.0
11239,5.0
13877,4.0
11748,3.0
11410,4.0
11671,2.0
14178,3.0
390,5.0
19370,5.0
22878,1.0
7647,4.0
18566,5.0
9420,3.0
9641,4.0
12620,4.0
12244,5.0
13201,3.0
6514,3.0
11545,5.0
13125,5.0
8108,4.0
23701,5.0
20810,3.0
5342,5.0
16208,1.0
18839,5.0
19216,5.0
20154,5.0
20121,1.0
5571,2.0
20953,5.0
14417,5.0
11689,5.0
9094,5.0
6591,5.0
10386,5.0
9303,4.0
5956,5.0
7934,5.0
3863,4.0
13839,4.0
13488,5.0
8437,4.0
8885,1.0
4973,3.0
13480,5.0
14972,5.0
2281,5.0
18024,5.0
2981,5.0
7951,5.0
20647,5.0
3747,5.0
8840,4.0
18584,5.0
4015,3.0
22597,3.0
5883,5.0
17815,4.0
22309,4.0
11111,4.0
7881,5.0
16334,5.0
12959,4.0
3628,2.0
5944,5.0
14015,2.0
17766,1.0
20061,3.0
11107,2.0
11065,5.0
23162,5.0
1443,2.0
16239,3.0
3323,5.0
21884,5.0
8805,5.0
1947,5.0
4581,5.0
19638,5.0
12076,4.0
1383,4.0
18701,5.0
1745,4.0
19528,4.0
21413,5.0
7769,4.0
8212,4.0
1969,5.0
6260,5.0
6615,4.0
23012,4.0
9017,4.0
13288,5.0
5766,5.0
18016,4.0
18015,5.0
8517,4.0
21511,4.0
6567,5.0
13018,3.0
10419,4.0
5132,4.0
5775,1.0
6174,4.0
13484,5.0
18886,4.0
1586,5.0
11602,5.0
11541,5.0
12174,5.0
1184,5.0
3496,2.0
6729,5.0
2128,3.0
15930,4.0
16126,3.0
15094,5.0
17809,5.0
18431,3.0
4854,3.0
14736,4.0
1366,5.0
15238,2.0
8113,5.0
4206,5.0
18806,5.0
21543,4.0
19784,4.0
20942,5.0
4893,2.0
6009,5.0
7456,5.0
14022,5.0
18925,4.0
21440,2.0
7700,5.0
3500,5.0
12444,4.0
23047,1.0
14755,5.0
16439,5.0
10835,4.0
7368,4.0
6191,5.0
7310,5.0
18975,3.0
15440,4.0
22033,4.0
13755,3.0
7062,3.0
12119,4.0
4813,4.0
14443,5.0
5747,5.0
12054,4.0
15499,2.0
15565,5.0
14134,4.0
13529,2.0
9869,3.0
905,4.0
7871,5.0
18391,4.0
12841,5.0
6145,5.0
22339,3.0
1171,5.0
17404,4.0
21625,3.0
7050,3.0
16778,2.0
16288,3.0
19077,4.0
14491,3.0
22087,5.0
12219,5.0
10426,5.0
5908,5.0
11145,5.0
4402,4.0
23800,3.0
11621,4.0
15669,5.0
20797,4.0
515,4.0
9180,5.0
6119,4.0
19393,2.0
8227,5.0
4290,4.0
3657,3.0
21364,4.0
5717,5.0
18297,3.0
19518,5.0
6288,2.0
16662,4.0
4320,5.0
15883,1.0
2805,4.0
2053,5.0
22507,1.0
9378,5.0
16494,5.0
1524,5.0
2238,5.0
19889,4.0
18612,4.0
16510,5.0
11139,4.0
1714,4.0
17628,5.0
5888,4.0
2004,5.0
19842,3.0
2670,5.0
5992,5.0
10344,4.0
16854,3.0
7234,4.0
15662,5.0
16468,5.0
11439,1.0
6044,4.0
472,5.0
21349,1.0
9567,5.0
479,5.0
12951,4.0
8552,5.0
21636,3.0
17410,5.0
588,5.0
23367,5.0
12801,4.0
7061,5.0
8741,4.0
1931,4.0
9764,5.0
18330,5.0
853,5.0
5993,5.0
12035,3.0
15992,5.0
1047,5.0
5196,5.0
19793,5.0
7788,4.0
2813,5.0
6329,5.0
9220,5.0
15220,5.0
6484,1.0
15308,5.0
12135,4.0
16006,4.0
19199,5.0
12084,5.0
21423,5.0
11603,5.0
4097,5.0
8298,5.0
20527,5.0
2255,4.0
10198,1.0
7452,5.0
19669,4.0
21094,5.0
17244,4.0
22805,5.0
19681,5.0
12621,2.0
23802,5.0
851,5.0
22585,5.0
14510,4.0
11681,3.0
18244,5.0
21274,4.0
9574,5.0
11438,1.0
20182,5.0
2994,5.0
14125,2.0
12036,3.0
3121,5.0
9347,1.0
2251,3.0
7861,5.0
17832,5.0
21622,5.0
23100,5.0
10023,5.0
9358,5.0
8627,5.0
7207,5.0
5913,5.0
9231,3.0
22883,5.0
7367,5.0
18396,4.0
20580,4.0
16878,5.0
14579,5.0
9331,5.0
1707,4.0
8612,3.0
9008,3.0
7919,4.0
2770,4.0
15746,5.0
1296,4.0
7181,5.0
18691,5.0
3865,5.0
7909,5.0
2320,5.0
806,4.0
127,5.0
2503,3.0
14436,5.0
20143,5.0
924,5.0
21521,5.0
9894,5.0
19082,5.0
16616,5.0
6898,5.0
12839,3.0
14846,4.0
9228,5.0
22688,5.0
7462,5.0
4300,5.0
18533,5.0
7504,5.0
3813,4.0
13156,4.0
15204,5.0
6446,5.0
6091,5.0
13347,4.0
2712,5.0
18112,3.0
1253,5.0
17161,5.0
16111,5.0
13527,1.0
4412,4.0
23426,5.0
19584,2.0
5346,5.0
12950,4.0
5976,5.0
2029,5.0
11183,3.0
3760,5.0
19864,4.0
5471,5.0
3708,5.0
668,5.0
5226,3.0
977,5.0
10284,2.0
14532,1.0
7517,3.0
18204,4.0
3688,3.0
5039,4.0
3579,5.0
7709,5.0
4590,5.0
2847,5.0
22638,1.0
5473,4.0
7668,5.0
11753,4.0
15111,4.0
21514,1.0
16300,5.0
19761,5.0
502,3.0
16746,4.0
9600,5.0
7028,5.0
6610,5.0
10989,3.0
22898,5.0
489,5.0
2415,3.0
20346,5.0
16054,5.0
16273,5.0
9652,5.0
11814,4.0
15598,5.0
6071,5.0
22265,4.0
23029,5.0
1252,5.0
13081,4.0
5734,5.0
16211,3.0
8389,1.0
10,4.0
6041,5.0
22043,1.0
15152,4.0
19384,5.0
4937,5.0
14845,4.0
20139,5.0
9982,5.0
5418,5.0
23267,5.0
5464,5.0
14273,2.0
20416,5.0
17593,5.0
9911,3.0
9603,5.0
9397,4.0
23796,5.0
16431,3.0
20830,5.0
9157,5.0
14949,4.0
22013,5.0
16535,4.0
21892,3.0
4535,4.0
375,4.0
6525,2.0
8900,5.0
17433,5.0
16165,4.0
14086,5.0
544,5.0
22595,4.0
16825,4.0
5574,5.0
22753,5.0
8232,5.0
4789,4.0
4509,2.0
16453,3.0
19173,1.0
13443,5.0
7974,5.0
22373,5.0
23539,5.0
12433,1.0
20807,5.0
16,3.0
14350,4.0
9100,5.0
6817,4.0
788,5.0
15017,3.0
7393,5.0
19568,3.0
22766,2.0
11709,5.0
22404,4.0
18933,4.0
18540,5.0
900,4.0
6401,4.0
8092,5.0
8438,5.0
5761,5.0
10496,4.0
15640,3.0
1358,4.0
14806,1.0
18684,5.0
8618,5.0
14961,4.0
23230,5.0
10742,5.0
4098,5.0
841,5.0
1617,4.0
8431,1.0
11098,5.0
2345,5.0
18673,3.0
444,5.0
22384,4.0
9457,5.0
23399,3.0
15179,5.0
17932,5.0
22803,5.0
11529,5.0
3446,4.0
11412,5.0
16661,4.0
20117,1.0
11726,4.0
8031,5.0
3170,5.0
17631,4.0
10807,5.0
16260,4.0
7348,5.0
8653,5.0
22908,4.0
2649,2.0
3949,4.0
18512,5.0
19064,5.0
6632,5.0
8082,5.0
15225,3.0
5950,5.0
16845,4.0
19399,5.0
19550,5.0
12553,5.0
532,4.0
7281,4.0
12104,4.0
3152,4.0
5593,5.0
16900,5.0
3442,3.0
18724,3.0
10059,4.0
11497,3.0
20592,5.0
23532,5.0
7164,5.0
11921,5.0
11931,4.0
22468,3.0
9511,5.0
13708,5.0
20805,1.0
6886,5.0
17248,5.0
10647,5.0
3915,4.0
10473,3.0
9156,5.0
648,4.0
4968,4.0
15164,4.0
9106,5.0
6112,4.0
8909,4.0
7445,4.0
20056,5.0
17360,5.0
15645,2.0
7084,4.0
19050,1.0
16167,4.0
5971,4.0
4170,4.0
4974,4.0
1964,5.0
9342,5.0
18040,5.0
22018,4.0
11306,5.0
8104,5.0
3971,5.0
21776,5.0
11638,4.0
1933,5.0
13027,5.0
18680,5.0
21937,5.0
9978,2.0
18087,4.0
2335,4.0
15607,2.0
8284,4.0
9899,5.0
20535,4.0
22230,4.0
23462,3.0
3316,5.0
8955,5.0
22135,5.0
11738,3.0
17021,5.0
14654,5.0
12459,4.0
6449,5.0
3174,5.0
18205,3.0
7450,4.0
2815,5.0
4768,4.0
8658,5.0
22133,4.0
23222,3.0
21479,3.0
15584,4.0
20309,4.0
10245,5.0
18483,5.0
9304,4.0
1078,4.0
10899,4.0
21921,5.0
2723,5.0
16598,4.0
11918,5.0
2063,5.0
22623,4.0
21717,4.0
21727,4.0
6187,5.0
11589,5.0
17259,4.0
7802,5.0
7710,5.0
7141,3.0
7589,5.0
6065,5.0
4742,1.0
13797,3.0
23718,5.0
1119,5.0
6421,5.0
3889,4.0
17874,4.0
951,5.0
11916,4.0
23365,5.0
20447,3.0
22730,5.0
1923,5.0
5074,5.0
17788,2.0
716,5.0
6492,5.0
21608,4.0
12573,4.0
7150,5.0
20878,3.0
5741,5.0
22700,3.0
19712,5.0
10466,1.0
12858,5.0
10236,5.0
18920,4.0
20018,5.0
6179,5.0
1317,5.0
13876,5.0
4983,2.0
9269,4.0
19299,5.0
14308,3.0
15453,5.0
6284,5.0
7937,5.0
15045,5.0
6454,5.0
20239,5.0
16070,5.0
18823,4.0
1198,5.0
8537,5.0
19318,5.0
21833,5.0
9986,5.0
1214,5.0
18035,3.0
13412,5.0
4633,5.0
5923,5.0
20581,4.0
4728,5.0
3190,5.0
23143,1.0
18274,4.0
8496,5.0
1163,5.0
17894,4.0
15034,4.0
10509,3.0
16033,4.0
14783,5.0
17577,5.0
19934,5.0
5562,5.0
15518,5.0
20915,5.0
8228,5.0
11731,5.0
10601,2.0
15149,4.0
18086,4.0
21862,4.0
13507,3.0
16731,4.0
10433,4.0
6064,3.0
7472,5.0
13854,5.0
2573,4.0
17427,2.0
23549,5.0
11120,5.0
17495,5.0
17767,4.0
14505,5.0
8711,5.0
3909,5.0
11990,4.0
5381,3.0
15449,3.0
6724,5.0
19098,3.0
1902,4.0
16848,3.0
8138,5.0
1669,1.0
2634,4.0
5417,5.0
7922,5.0
3391,1.0
11790,5.0
6545,5.0
9952,4.0
4282,5.0
10148,4.0
16584,3.0
4824,5.0
6804,3.0
17281,4.0
14173,3.0
20887,4.0
8848,3.0
5190,3.0
14110,5.0
7020,5.0
22407,5.0
9110,5.0
9761,5.0
11374,5.0
19226,4.0
8003,3.0
10803,5.0
13577,3.0
1176,5.0
23613,5.0
7027,3.0
1784,5.0
5081,4.0
1009,4.0
13083,3.0
8155,5.0
5628,2.0
12750,5.0
2721,5.0
21613,2.0
20461,5.0
4325,3.0
773,5.0
10779,3.0
14915,4.0
4652,5.0
488,4.0
5669,5.0
4565,4.0
5362,5.0
14358,4.0
21670,5.0
2682,5.0
17135,4.0
20713,3.0
12706,5.0
10174,4.0
3242,5.0
12678,5.0
3363,5.0
16994,5.0
13987,4.0
11048,4.0
22888,2.0
11464,4.0
15711,3.0
22330,5.0
20218,5.0
393,4.0
7929,5.0
8602,5.0
7074,1.0
9126,5.0
13817,5.0
9316,5.0
18789,4.0
19112,3.0
14270,4.0
12638,5.0
4874,5.0
8935,4.0
18252,4.0
19349,5.0
12262,5.0
22696,5.0
18998,5.0
10427,5.0
11939,5.0
12029,5.0
18843,3.0
17954,5.0
23568,5.0
8718,5.0
17684,4.0
14126,2.0
15219,5.0
19769,5.0
15752,3.0
13809,5.0
9007,4.0
14995,4.0
22645,4.0
7330,5.0
10212,5.0
22876,5.0
22989,4.0
13516,5.0
12,5.0
11376,5.0
22363,5.0
16246,5.0
7290,5.0
9433,5.0
23110,4.0
16008,4.0
20403,5.0
18880,4.0
22245,1.0
17976,5.0
9744,4.0
16271,5.0
18688,4.0
11198,2.0
9568,5.0
533,5.0
12380,3.0
22499,5.0
2630,4.0
5363,5.0
18906,3.0
7723,5.0
17368,4.0
13456,4.0
18764,5.0
20759,5.0
14294,1.0
22998,4.0
19940,4.0
8279,5.0
23045,3.0
22032,5.0
18392,1.0
4743,4.0
22936,4.0
18515,4.0
7991,5.0
733,4.0
19999,5.0
7292,5.0
15028,4.0
12806,5.0
23448,3.0
19085,2.0
9725,3.0
2558,5.0
2325,4.0
22440,5.0
21881,5.0
9632,4.0
2680,5.0
3454,5.0
14599,5.0
17341,5.0
3443,5.0
6955,1.0
21798,4.0
2795,4.0
9553,1.0
10590,5.0
3679,3.0
21101,4.0
9162,3.0
16175,4.0
10231,3.0
4112,4.0
23036,3.0
22151,5.0
23541,5.0
13019,2.0
19628,4.0
10153,4.0
17699,4.0
22625,5.0
6799,5.0
22761,4.0
1012,4.0
12626,4.0
3311,4.0
4297,4.0
15110,3.0
19682,5.0
15587,3.0
17327,4.0
6755,4.0
21861,3.0
616,5.0
23799,4.0
16108,5.0
18173,4.0
13431,4.0
11079,5.0
21910,4.0
11844,5.0
16238,3.0
9733,1.0
591,5.0
23472,5.0
2985,5.0
16133,3.0
19095,5.0
18355,4.0
3617,5.0
8381,5.0
6453,5.0
19390,5.0
4512,4.0
12232,5.0
710,4.0
15621,2.0
16936,5.0
14297,5.0
12967,5.0
19525,4.0
5253,5.0
8917,4.0
21393,5.0
14112,5.0
4501,4.0
15438,5.0
9097,4.0
5138,5.0
21944,4.0
6356,4.0
8490,5.0
2233,5.0
1598,5.0
5186,5.0
2539,2.0
22667,5.0
9450,5.0
12327,4.0
6379,4.0
23330,4.0
4855,2.0
21058,5.0
15241,4.0
1133,4.0
10380,5.0
2989,5.0
3600,5.0
14127,4.0
20882,5.0
15540,4.0
7339,4.0
5679,5.0
17721,5.0
19411,5.0
22180,4.0
6597,3.0
19439,2.0
20658,5.0
21574,5.0
13643,4.0
13365,4.0
14395,5.0
7327,4.0
20396,4.0
20063,4.0
10121,5.0
1221,2.0
6544,5.0
17931,5.0
12010,5.0
21394,4.0
15240,4.0
15630,4.0
21580,4.0
15252,5.0
13000,5.0
19023,5.0
1797,5.0
9798,5.0
12747,4.0
20951,2.0
22361,5.0
11359,4.0
691,3.0
19413,5.0
4101,5.0
275,5.0
10726,5.0
23279,5.0
4711,4.0
12805,5.0
6443,5.0
18373,4.0
337,5.0
1046,5.0
1816,5.0
4958,4.0
7720,5.0
18335,5.0
8513,5.0
9728,1.0
9976,2.0
10136,5.0
9785,5.0
474,4.0
22023,3.0
17583,5.0
20613,5.0
7827,5.0
5112,3.0
22887,5.0
1538,5.0
2907,5.0
18885,5.0
2378,5.0
10564,5.0
16599,5.0
19342,2.0
19063,4.0
16573,4.0
20406,4.0
10348,1.0
13313,4.0
13321,1.0
5965,5.0
8524,5.0
11082,5.0
21628,4.0
16775,4.0
789,5.0
10478,4.0
14541,4.0
14681,1.0
22759,5.0
23105,5.0
8689,5.0
6404,4.0
21447,5.0
9092,5.0
18985,5.0
12061,3.0
19400,3.0
9852,5.0
13341,4.0
9727,1.0
17370,4.0
2749,3.0
6695,2.0
21866,1.0
10722,5.0
20508,5.0
12306,5.0
11196,5.0
3850,5.0
20690,5.0
15315,2.0
13198,3.0
16649,5.0
3553,3.0
20831,1.0
21115,5.0
19526,4.0
19319,5.0
11680,3.0
4587,5.0
22409,4.0
10062,5.0
16552,4.0
16407,5.0
5896,5.0
14036,5.0
3613,5.0
4722,5.0
235,4.0
16974,5.0
5997,4.0
8709,5.0
12568,5.0
9912,3.0
19070,5.0
21719,4.0
12710,3.0
4331,4.0
15284,5.0
485,5.0
23581,5.0
23517,5.0
1799,5.0
19233,5.0
2883,4.0
1788,5.0
7653,5.0
15086,5.0
3996,3.0
11785,5.0
10357,4.0
5257,5.0
21144,4.0
6686,3.0
6501,5.0
14696,5.0
8401,4.0
2115,5.0
8453,5.0
13760,4.0
7923,5.0
7944,5.0
5837,5.0
23009,4.0
2515,5.0
14466,5.0
1760,3.0
22324,4.0
23536,5.0
17078,2.0
2553,4.0
8797,5.0
12768,5.0
2922,3.0
23171,4.0
22663,4.0
20833,4.0
3044,4.0
9405,5.0
14419,5.0
17272,5.0
15724,2.0
6790,5.0
22932,3.0
2501,5.0
14959,5.0
3897,4.0
1559,5.0
17255,5.0
20122,4.0
2809,5.0
106,3.0
17992,5.0
14544,5.0
9062,5.0
5229,5.0
2483,3.0
2381,5.0
3462,4.0
19570,4.0
18048,3.0
5121,5.0
13868,4.0
8110,5.0
11900,4.0
11346,4.0
22145,3.0
12591,5.0
20279,5.0
9636,2.0
9373,5.0
20956,5.0
6531,5.0
20473,5.0
4959,5.0
23302,4.0
9498,5.0
2736,3.0
23522,3.0
11349,4.0
4665,5.0
23150,4.0
11072,5.0
20439,5.0
14918,4.0
3164,5.0
946,5.0
19963,4.0
5615,5.0
11197,2.0
21161,5.0
21967,3.0
16102,5.0
11377,5.0
20057,1.0
14413,4.0
1203,5.0
23808,5.0
103,5.0
1466,3.0
2681,5.0
7733,5.0
12006,4.0
17383,4.0
18937,1.0
4,5.0
2361,5.0
23155,2.0
2692,2.0
13561,2.0
8163,3.0
14415,5.0
11829,3.0
17273,4.0
13779,3.0
12974,5.0
11333,4.0
12117,4.0
12811,4.0
3015,5.0
17267,4.0
19675,4.0
10700,5.0
12752,5.0
21943,5.0
5723,5.0
14597,5.0
20692,4.0
14391,4.0
20932,5.0
19780,3.0
17008,5.0
3109,5.0
5148,5.0
8512,4.0
7778,5.0
13714,4.0
4595,4.0
3470,4.0
11576,5.0
8960,4.0
4345,5.0
15486,5.0
22901,4.0
18765,4.0
11604,5.0
9615,3.0
2439,4.0
15951,4.0
2399,5.0
20166,5.0
914,5.0
21737,5.0
18182,4.0
9860,4.0
20873,5.0
1034,3.0
8049,5.0
20265,5.0
17680,4.0
22385,4.0
3741,4.0
17486,1.0
6173,4.0
11553,4.0
22713,5.0
19928,3.0
2708,5.0
18155,5.0
10821,4.0
9028,5.0
907,3.0
3504,4.0
7036,4.0
975,5.0
23289,3.0
23618,5.0
21475,5.0
19802,5.0
16088,4.0
5724,5.0
1495,4.0
9741,3.0
15446,5.0
18257,4.0
19445,3.0
15296,5.0
4502,3.0
15131,5.0
3479,5.0
1712,3.0
16173,4.0
14283,2.0
14674,2.0
15571,5.0
23382,4.0
11649,3.0
13497,5.0
8065,4.0
15008,5.0
10375,5.0
15010,5.0
12636,5.0
11683,3.0
5755,5.0
20315,4.0
400,5.0
17060,5.0
20853,3.0
19818,5.0
14475,4.0
17188,4.0
329,5.0
22104,4.0
18233,4.0
4560,5.0
703,4.0
122,5.0
20737,1.0
22572,5.0
10902,4.0
19625,4.0
15578,4.0
18423,4.0
635,5.0
12416,5.0
3821,5.0
2262,5.0
2257,5.0
14948,5.0
10475,2.0
12273,5.0
21027,5.0
1939,5.0
8148,5.0
7846,5.0
18079,5.0
3805,5.0
8425,4.0
2350,5.0
9479,5.0
11457,4.0
8728,5.0
10508,5.0
5846,4.0
17881,3.0
13056,4.0
18265,4.0
5485,5.0
6254,4.0
17887,1.0
16797,5.0
21856,5.0
22323,4.0
17173,4.0
4090,4.0
47,5.0
9006,2.0
18578,5.0
16595,5.0
723,4.0
9173,5.0
18884,5.0
7617,3.0
11665,3.0
5224,1.0
8361,5.0
4861,5.0
310,4.0
18971,2.0
7707,5.0
19397,5.0
7352,5.0
4576,4.0
8276,5.0
7222,5.0
137,4.0
22344,5.0
7138,5.0
8018,5.0
13363,4.0
7072,4.0
19090,1.0
11075,5.0
13438,3.0
2767,3.0
21986,5.0
15359,5.0
13744,5.0
255,5.0
3224,4.0
22068,4.0
22249,2.0
16839,5.0
21757,4.0
18,4.0
23400,5.0
5219,5.0
6583,1.0
15870,4.0
2288,4.0
23420,5.0
13659,5.0
21056,4.0
3945,5.0
7766,5.0
6417,5.0
11554,4.0
19975,2.0
19251,5.0
20481,4.0
17925,5.0
16556,5.0
9695,5.0
22093,4.0
14275,4.0
6087,4.0
16219,2.0
10420,4.0
15527,4.0
22220,5.0
7555,4.0
8313,5.0
2660,5.0
1601,5.0
4500,5.0
20222,5.0
23173,5.0
19796,5.0
3988,4.0
16101,5.0
22844,4.0
17858,4.0
16316,2.0
12590,5.0
15509,5.0
5847,4.0
10973,3.0
4996,4.0
2287,5.0
11286,4.0
5438,5.0
19033,2.0
17599,5.0
21165,5.0
18209,4.0
5921,5.0
2337,4.0
9737,3.0
18098,5.0
12403,2.0
23182,4.0
15514,5.0
19017,4.0
15410,5.0
15305,3.0
9192,5.0
18941,3.0
61,5.0
13730,4.0
779,4.0
21039,5.0
9588,5.0
746,5.0
23078,4.0
12605,3.0
3534,5.0
19283,5.0
22028,1.0
17312,4.0
12282,5.0
14883,3.0
2881,5.0
16810,4.0
10303,5.0
11463,4.0
12675,5.0
23457,5.0
19898,4.0
1977,5.0
9793,5.0
4623,2.0
20824,5.0
16227,2.0
9834,3.0
4954,5.0
3942,5.0
6208,3.0
10857,5.0
18599,5.0
10119,5.0
384,5.0
19648,5.0
7828,5.0
443,5.0
15302,1.0
9662,5.0
18631,4.0
2962,5.0
2619,5.0
7427,4.0
8590,4.0
12984,5.0
6920,4.0
8896,5.0
14099,4.0
58,5.0
6193,5.0
7877,5.0
7179,5.0
18407,5.0
23734,5.0
11546,5.0
15813,4.0
13824,5.0
16985,5.0
11825,4.0
7947,5.0
5147,5.0
3646,2.0
686,1.0
9870,3.0
23542,5.0
425,4.0
4594,5.0
7278,5.0
6240,5.0
11915,4.0
8299,3.0
6365,4.0
20501,4.0
15377,1.0
10891,5.0
17543,4.0
2061,5.0
8170,4.0
19437,1.0
10512,5.0
13778,5.0
17089,1.0
17964,5.0
2280,5.0
19794,2.0
22657,5.0
2535,5.0
16983,1.0
2575,5.0
17435,5.0
9954,4.0
23416,5.0
14496,5.0
14874,5.0
16522,4.0
2955,5.0
11888,5.0
23161,5.0
5572,5.0
12321,5.0
16795,4.0
11179,1.0
20529,5.0
16658,2.0
18777,4.0
4457,5.0
5948,3.0
2861,5.0
7523,5.0
9719,5.0
10977,3.0
11180,1.0
18193,1.0
13334,5.0
6200,5.0
16478,2.0
12463,3.0
15066,4.0
9131,5.0
10159,1.0
14966,4.0
4022,4.0
12055,4.0
12012,5.0
15018,3.0
13984,4.0
5205,4.0
22213,4.0
23257,4.0
21381,4.0
3833,4.0
2716,5.0
16053,5.0
21999,4.0
15918,3.0
22780,3.0
5859,5.0
9364,4.0
484,5.0
21367,4.0
3754,4.0
11058,4.0
22505,1.0
18068,3.0
18697,4.0
11462,3.0
6715,5.0
1082,4.0
4060,4.0
13589,2.0
10593,4.0
696,1.0
22786,4.0
12311,4.0
417,5.0
23538,5.0
19548,4.0
18986,4.0
3100,5.0
7286,5.0
22867,5.0
8388,4.0
17654,5.0
13603,4.0
16428,4.0
1283,5.0
16005,4.0
3478,4.0
21219,3.0
18660,4.0
18681,1.0
15102,4.0
13214,1.0
6027,5.0
16909,5.0
1633,5.0
13521,1.0
5336,2.0
4271,2.0
17380,5.0
21105,5.0
18953,1.0
11362,4.0
21595,5.0
2538,1.0
1422,4.0
183,5.0
5970,5.0
19212,4.0
21763,5.0
19643,4.0
10629,3.0
5065,5.0
10979,5.0
20906,5.0
19164,4.0
2793,5.0
10183,5.0
13007,4.0
928,4.0
18930,4.0
14396,5.0
19729,5.0
1857,4.0
18108,5.0
7838,5.0
15227,4.0
21630,5.0
1710,5.0
16946,5.0
20791,4.0
14988,3.0
10597,5.0
12784,4.0
9831,5.0
5053,5.0
6444,4.0
8988,5.0
14338,1.0
7684,4.0
17017,4.0
9842,4.0
2977,3.0
4567,5.0
21371,5.0
20706,3.0
17469,5.0
13620,5.0
1356,5.0
15569,5.0
11308,5.0
16148,5.0
21433,5.0
2940,5.0
320,4.0
14522,4.0
5694,4.0
13522,1.0
18879,5.0
10155,4.0
18613,5.0
16977,2.0
15457,4.0
18472,5.0
16310,5.0
17389,5.0
22237,4.0
6001,4.0
19972,4.0
17765,1.0
11612,5.0
12520,4.0
949,4.0
10206,5.0
17702,5.0
1503,5.0
11371,4.0
14043,5.0
20649,3.0
20337,1.0
8059,5.0
8106,5.0
772,1.0
1577,5.0
21736,4.0
1424,5.0
16415,5.0
1811,5.0
15897,5.0
1154,5.0
22925,5.0
21335,5.0
19429,5.0
19450,4.0
6822,3.0
538,4.0
11677,4.0
1874,5.0
10770,5.0
22810,4.0
6340,5.0
200,5.0
17801,4.0
7833,5.0
10434,4.0
11456,5.0
2224,5.0
19181,5.0
3598,5.0
13174,3.0
18846,5.0
5295,5.0
16241,4.0
8546,5.0
4263,5.0
8963,3.0
15773,3.0
5072,4.0
16734,4.0
1385,5.0
23708,5.0
21366,5.0
20816,5.0
8749,3.0
852,4.0
7370,3.0
21954,4.0
9436,5.0
23744,5.0
23474,5.0
10903,4.0
2143,5.0
19190,4.0
17883,1.0
2002,5.0
19732,3.0
15047,5.0
12991,4.0
3424,5.0
20814,4.0
7790,5.0
14498,5.0
6370,5.0
334,5.0
8256,3.0
2799,5.0
9790,5.0
9693,5.0
10210,5.0
6741,5.0
13911,5.0
2390,5.0
4470,4.0
23251,5.0
510,5.0
14197,5.0
22589,1.0
5871,5.0
20433,5.0
4076,5.0
3720,5.0
20303,5.0
1410,5.0
11824,5.0
9626,1.0
14179,2.0
13200,5.0
13435,5.0
23562,5.0
2785,5.0
20848,1.0
8595,5.0
4655,5.0
6244,5.0
13329,3.0
21450,5.0
10673,5.0
14987,3.0
18369,1.0
4837,4.0
9362,5.0
9892,4.0
9635,2.0
6068,4.0
4895,5.0
4380,5.0
16205,5.0
18001,1.0
8359,2.0
13282,3.0
2996,5.0
13482,5.0
4597,5.0
7686,5.0
18195,2.0
4209,5.0
8484,5.0
22565,5.0
18564,5.0
7342,5.0
14373,2.0
3159,5.0
23710,5.0
19465,3.0
1351,2.0
15783,5.0
14093,4.0
5206,5.0
5156,5.0
18045,5.0
14282,5.0
22303,4.0
17910,5.0
2583,5.0
15917,3.0
6206,5.0
3702,3.0
22921,5.0
12833,5.0
15966,3.0
16292,4.0
18340,3.0
3567,5.0
3295,5.0
13563,5.0
4714,4.0
12742,5.0
14176,2.0
14252,4.0
19111,4.0
9910,3.0
16381,4.0
4218,5.0
17892,5.0
19962,1.0
14072,4.0
8087,5.0
6218,4.0
14986,3.0
89,5.0
15865,3.0
7273,5.0
2587,3.0
10292,2.0
19891,1.0
6529,2.0
21333,3.0
20308,4.0
7893,5.0
8780,1.0
21917,5.0
16091,1.0
7652,5.0
21285,5.0
2189,5.0
1212,5.0
18596,5.0
5233,5.0
11268,3.0
16596,5.0
11627,4.0
15688,5.0
21273,2.0
1025,5.0
7561,5.0
5085,5.0
4732,5.0
4347,5.0
23408,2.0
15278,4.0
9287,5.0
3730,4.0
16142,5.0
6018,2.0
11724,4.0
12193,5.0
18054,3.0
21945,4.0
1267,4.0
12775,5.0
22884,2.0
4939,5.0
13910,5.0
15559,5.0
22781,4.0
8224,5.0
312,5.0
2933,1.0
7716,5.0
23758,5.0
269,5.0
20694,3.0
6894,5.0
5884,5.0
11191,2.0
18967,4.0
18176,3.0
13852,3.0
16693,4.0
2078,5.0
6034,5.0
23318,5.0
7242,5.0
14316,5.0
19578,5.0
19044,4.0
14897,3.0
9491,4.0
19629,4.0
20369,5.0
13914,3.0
11682,3.0
16313,4.0
2845,3.0
7328,5.0
10114,5.0
16112,5.0
20908,5.0
13575,4.0
10075,5.0
13054,4.0
18403,5.0
1950,2.0
13361,5.0
6781,5.0
9698,4.0
13274,4.0
14132,1.0
22411,5.0
20111,5.0
10340,3.0
2096,5.0
4859,5.0
846,1.0
12845,5.0
16613,3.0
8288,5.0
7834,4.0
4579,5.0
5506,5.0
12115,4.0
10374,4.0
5966,5.0
3860,5.0
10870,4.0
12956,5.0
22134,3.0
1265,4.0
17303,4.0
14479,5.0
9935,5.0
7925,4.0
19777,4.0
19977,4.0
22976,5.0
4458,4.0
5973,5.0
2448,5.0
17572,5.0
17889,4.0
7087,5.0
14296,2.0
6540,5.0
4669,1.0
7333,5.0
17139,4.0
493,4.0
22550,5.0
9466,4.0
11722,5.0
2614,5.0
12817,5.0
6605,5.0
16842,3.0
15165,1.0
547,4.0
20110,5.0
15495,5.0
5209,5.0
5713,5.0
8942,5.0
4252,5.0
4673,3.0
11115,5.0
4086,4.0
8753,5.0
5374,4.0
18251,4.0
12608,5.0
17232,1.0
8,4.0
7151,3.0
3299,3.0
168,5.0
9465,4.0
712,5.0
19103,4.0
4177,2.0
11231,5.0
10477,4.0
20462,5.0
14304,4.0
8654,5.0
11519,5.0
15038,5.0
1111,5.0
23515,1.0
7479,5.0
21019,5.0
8937,5.0
11736,4.0
1309,5.0
3610,5.0
14157,3.0
1537,5.0
13377,5.0
12953,5.0
16902,4.0
20266,2.0
14928,4.0
17038,5.0
2701,4.0
22105,3.0
14102,2.0
2449,5.0
20334,2.0
11599,3.0
12356,2.0
6220,5.0
17775,5.0
19716,4.0
4922,5.0
13478,5.0
2268,5.0
12288,5.0
9019,4.0
17358,2.0
9385,4.0
10879,5.0
9972,3.0
20782,5.0
6969,5.0
18078,5.0
2171,4.0
4989,4.0
2351,5.0
18800,5.0
10934,5.0
6202,5.0
19714,3.0
8949,1.0
10517,3.0
22633,4.0
2176,5.0
21067,5.0
12928,4.0
1301,4.0
8651,4.0
18573,5.0
10395,4.0
4694,5.0
11261,3.0
16503,5.0
19595,5.0
7646,5.0
7111,5.0
12674,5.0
17488,2.0
18608,4.0
5645,2.0
6463,5.0
1191,5.0
16904,5.0
1632,4.0
8715,5.0
3325,5.0
11538,4.0
3378,5.0
670,5.0
11982,3.0
3140,5.0
1672,2.0
7388,5.0
11933,5.0
10289,4.0
16081,4.0
11184,3.0
13615,2.0
23486,5.0
22100,5.0
7019,5.0
3124,5.0
13608,4.0
7194,5.0
17118,3.0
18083,4.0
14504,5.0
13135,5.0
6292,5.0
481,5.0
17183,5.0
6993,5.0
1114,4.0
18397,3.0
20246,4.0
379,5.0
21033,4.0
4157,5.0
7312,4.0
19905,4.0
14049,5.0
5677,5.0
22248,4.0
643,5.0
18474,3.0
22274,4.0
2803,4.0
3944,4.0
1247,3.0
13240,5.0
15873,4.0
18388,5.0
20102,5.0
13632,5.0
11994,2.0
7854,5.0
20979,5.0
11663,4.0
1724,5.0
20940,4.0
23503,5.0
20754,3.0
13492,5.0
1273,5.0
11224,5.0
17388,5.0
19072,5.0
18763,5.0
19037,3.0
7719,5.0
3006,4.0
8892,5.0
20178,4.0
8558,5.0
11229,5.0
20679,4.0
19122,5.0
3023,5.0
694,5.0
12493,5.0
18838,5.0
7714,5.0
20235,4.0
21188,5.0
20449,5.0
21326,5.0
7413,5.0
2491,5.0
20451,3.0
13112,5.0
13696,4.0
7010,4.0
11487,5.0
15095,5.0
16318,4.0
5235,4.0
18206,1.0
11023,5.0
17189,1.0
13259,4.0
13463,4.0
4849,5.0
12644,4.0
21813,5.0
13739,5.0
1826,5.0
5543,3.0
16948,5.0
10581,5.0
23360,5.0
11694,5.0
5622,5.0
4882,5.0
1456,4.0
4034,3.0
22053,3.0
4941,5.0
7258,5.0
20995,4.0
17785,4.0
21509,5.0
20273,4.0
3616,4.0
69,4.0
11502,2.0
23417,2.0
10465,1.0
20000,3.0
2851,5.0
19262,5.0
10706,5.0
1579,5.0
11056,4.0
18560,2.0
10330,5.0
19858,3.0
8677,5.0
23665,5.0
11645,4.0
2837,5.0
12569,4.0
2895,4.0
14649,5.0
3061,5.0
19709,4.0
20661,4.0
10339,3.0
21743,5.0
12755,5.0
18536,5.0
15488,3.0
888,4.0
6327,5.0
3955,4.0
20025,4.0
22513,5.0
5251,5.0
4195,5.0
6824,5.0
13327,2.0
4130,5.0
4355,5.0
10127,5.0
23570,3.0
15266,4.0
21137,4.0
4032,5.0
17006,4.0
20357,4.0
2297,4.0
16785,3.0
15283,5.0
5875,5.0
6705,5.0
18013,5.0
23335,5.0
13616,2.0
17393,5.0
13186,4.0
6419,5.0
20409,4.0
3731,5.0
16449,4.0
20752,4.0
2662,5.0
6976,5.0
4876,5.0
11943,4.0
8451,1.0
16230,4.0
19060,5.0
13990,5.0
20073,4.0
7320,3.0
18410,4.0
23262,4.0
15550,2.0
9596,4.0
10037,4.0
4810,4.0
21642,4.0
8412,5.0
10928,4.0
1648,1.0
15375,4.0
1771,5.0
21585,3.0
20148,5.0
3941,4.0
17401,5.0
6004,5.0
16629,2.0
16363,5.0
20340,3.0
13542,5.0
17210,4.0
20523,3.0
22470,5.0
23406,5.0
22601,3.0
19772,2.0
15277,4.0
21049,5.0
22109,3.0
23240,5.0
257,4.0
7654,5.0
992,5.0
15955,5.0
1807,5.0
1388,4.0
10707,5.0
19676,5.0
16419,5.0
1272,5.0
6863,2.0
18656,5.0
8475,5.0
23027,3.0
787,5.0
3660,4.0
885,4.0
23031,4.0
15309,2.0
12695,5.0
1330,4.0
19902,4.0
22839,2.0
3524,5.0
4786,5.0
13312,4.0
6418,3.0
11327,5.0
4190,4.0
11549,5.0
17733,1.0
11206,5.0
15176,5.0
17069,5.0
8038,5.0
403,4.0
15641,4.0
17162,5.0
6692,5.0
10124,5.0
4640,2.0
6093,5.0
11712,5.0
10859,5.0
5385,2.0
15736,5.0
21427,4.0
10579,5.0
22966,5.0
23323,5.0
2657,5.0
5941,5.0
15412,3.0
9921,5.0
7992,5.0
1975,3.0
13256,4.0
2301,5.0
7662,4.0
12547,5.0
2862,4.0
2137,5.0
418,5.0
22120,4.0
3635,5.0
22543,5.0
12749,5.0
857,4.0
19259,5.0
5885,3.0
16999,4.0
7402,5.0
9318,5.0
18292,5.0
4002,2.0
22386,5.0
10894,4.0
14844,4.0
3014,4.0
6451,5.0
11355,5.0
7985,5.0
25,5.0
18226,1.0
654,4.0
18042,5.0
18563,4.0
22532,4.0
10145,4.0
3577,5.0
21055,5.0
2062,5.0
20633,1.0
23349,5.0
17781,1.0
10793,4.0
16358,3.0
13722,5.0
4780,5.0
23020,3.0
655,5.0
3943,5.0
1650,5.0
12963,4.0
13504,5.0
12118,4.0
18148,5.0
14910,2.0
6250,5.0
21467,5.0
1930,5.0
16551,4.0
19010,4.0
15455,5.0
11163,3.0
11742,3.0
5771,5.0
20825,2.0
3691,3.0
3933,5.0
22277,4.0
4366,4.0
13892,5.0
18976,5.0
14106,4.0
16891,3.0
6409,3.0
4617,4.0
7248,5.0
13028,5.0
2347,5.0
8745,3.0
21135,5.0
16749,4.0
9594,5.0
14471,5.0
12128,5.0
3029,5.0
10983,1.0
7488,3.0
13858,3.0
140,5.0
13558,4.0
15435,5.0
12166,5.0
9329,4.0
8830,5.0
4483,4.0
15834,4.0
5263,5.0
4259,5.0
21968,1.0
23496,5.0
2311,5.0
16038,5.0
21689,3.0
4140,4.0
1079,4.0
12554,5.0
1893,4.0
14463,3.0
10956,5.0
22748,4.0
1995,5.0
17369,4.0
3282,5.0
1416,5.0
17614,5.0
1323,4.0
22820,3.0
108,5.0
20602,5.0
14889,4.0
9754,5.0
3603,4.0
16076,4.0
2781,3.0
639,5.0
10944,5.0
12445,5.0
9762,5.0
9995,5.0
21008,5.0
22711,5.0
11288,4.0
7717,4.0
5397,4.0
6230,5.0
23308,5.0
6361,5.0
12007,5.0
13280,5.0
18722,4.0
7952,5.0
886,5.0
8954,4.0
999,5.0
117,5.0
1052,5.0
3466,5.0
12122,4.0
21746,5.0
10098,4.0
22956,5.0
9938,4.0
9520,4.0
8123,5.0
4729,5.0
3966,4.0
20768,5.0
13847,5.0
14903,1.0
23767,5.0
7567,4.0
22587,5.0
19016,5.0
12630,4.0
11427,5.0
14480,5.0
17630,5.0
19225,4.0
14325,1.0
2734,4.0
22161,4.0
7631,3.0
6508,4.0
8736,5.0
8433,3.0
15292,5.0
18686,4.0
23544,3.0
10195,4.0
1094,5.0
1394,5.0
1536,5.0
2877,5.0
7667,5.0
13261,5.0
15753,5.0
7611,4.0
3062,5.0
5762,5.0
8605,5.0
3814,5.0
10403,4.0
15422,3.0
5868,5.0
6851,5.0
23157,4.0
15409,5.0
20043,3.0
3780,5.0
23778,5.0
14041,4.0
6647,5.0
966,4.0
8973,4.0
4242,5.0
17982,4.0
16704,3.0
1375,5.0
10184,5.0
11005,5.0
22643,4.0
4569,5.0
17918,5.0
16508,5.0
19644,4.0
8287,5.0
19827,5.0
6003,5.0
11299,5.0
20307,3.0
5869,5.0
1871,5.0
5020,4.0
7276,5.0
4110,4.0
3041,5.0
23682,4.0
19361,2.0
14456,5.0
12160,3.0
5862,5.0
13801,3.0
12746,4.0
12495,4.0
7755,5.0
19099,4.0
3292,4.0
2683,4.0
1386,3.0
17678,5.0
7365,4.0
16579,4.0
19771,3.0
23229,5.0
4779,5.0
8867,5.0
15394,4.0
15625,5.0
22670,5.0
8615,5.0
12878,3.0
17402,5.0
15280,4.0
3461,5.0
23359,5.0
12222,5.0
15906,5.0
18440,4.0
14669,3.0
15953,5.0
3664,4.0
7002,5.0
19737,2.0
23042,4.0
23552,5.0
23043,5.0
16720,5.0
6118,5.0
6897,5.0
17140,4.0
15019,3.0
5656,5.0
16846,4.0
10877,4.0
13989,5.0
21061,4.0
3212,5.0
14269,4.0
442,3.0
5154,1.0
21785,4.0
22472,5.0
21577,4.0
2303,4.0
1891,5.0
19382,1.0
9059,5.0
14884,3.0
20247,4.0
21957,1.0
14315,5.0
9965,4.0
16017,1.0
18958,4.0
5982,4.0
16226,3.0
20818,4.0
21687,4.0
18935,3.0
11491,5.0
7189,5.0
11408,4.0
8594,5.0
6594,5.0
4908,5.0
8234,5.0
13871,5.0
12521,5.0
7715,5.0
4934,4.0
20048,4.0
9411,4.0
13957,4.0
17971,5.0
5091,5.0
19756,4.0
1916,5.0
1349,5.0
22742,2.0
92,5.0
15191,5.0
16955,4.0
17560,4.0
4809,4.0
7015,4.0
13051,5.0
903,4.0
15333,4.0
20912,5.0
1455,4.0
5810,5.0
6662,5.0
14580,5.0
17407,4.0
17223,5.0
2510,5.0
18095,1.0
22872,4.0
22454,4.0
12224,2.0
14976,4.0
18803,5.0
5815,5.0
11319,3.0
1715,4.0
6069,5.0
8352,4.0
9723,4.0
4377,4.0
291,5.0
11192,2.0
2839,5.0
15750,4.0
17199,1.0
5763,5.0
20159,5.0
7706,5.0
17009,5.0
830,4.0
12023,2.0
17735,3.0
17595,5.0
23387,5.0
21831,5.0
12925,5.0
20588,4.0
9271,5.0
3075,3.0
14827,1.0
14824,5.0
21076,4.0
22770,5.0
6765,4.0
21495,4.0
3669,5.0
369,5.0
17297,3.0
17,5.0
2903,4.0
14285,4.0
9862,3.0
14140,5.0
14237,5.0
11151,3.0
21569,5.0
12385,4.0
20446,4.0
7219,5.0
3778,4.0
4677,5.0
3566,4.0
10817,5.0
1240,5.0
4006,2.0
7147,3.0
13805,4.0
8539,3.0
21327,5.0
9324,5.0
13662,4.0
5038,5.0
12378,5.0
23592,5.0
8237,4.0
10428,5.0
3709,4.0
11698,5.0
3071,5.0
13332,3.0
4892,5.0
5056,3.0
23409,5.0
9907,4.0
9336,4.0
1179,4.0
11938,4.0
1377,5.0
20080,5.0
4449,5.0
15590,5.0
16105,5.0
4473,5.0
16542,4.0
19160,5.0
8553,4.0
16870,3.0
6677,5.0
5854,5.0
5718,5.0
17111,4.0
17479,5.0
19189,4.0
7103,5.0
10836,4.0
15469,5.0
11526,5.0
12228,5.0
17194,4.0
6516,5.0
10269,5.0
6947,4.0
21271,4.0
22101,4.0
1285,5.0
9259,3.0
504,4.0
15188,5.0
19008,5.0
220,5.0
19861,4.0
7588,5.0
7112,4.0
9546,1.0
2178,5.0
19057,5.0
1729,5.0
15485,5.0
3257,4.0
21640,4.0
15181,5.0
13138,4.0
16414,5.0
10068,5.0
11641,5.0
4572,5.0
14875,3.0
15074,4.0
1288,5.0
14979,5.0
20767,1.0
3346,5.0
10342,4.0
23300,4.0
17096,5.0
7689,5.0
1224,5.0
15585,5.0
12666,4.0
13285,5.0
18597,2.0
14352,1.0
18496,4.0
13713,4.0
21017,5.0
22835,5.0
14699,1.0
1037,4.0
5751,5.0
8088,4.0
5448,5.0
18162,5.0
613,5.0
4716,5.0
715,5.0
2685,5.0
6995,4.0
22162,4.0
2458,5.0
13348,4.0
23298,5.0
5194,4.0
14823,5.0
18805,5.0
21619,5.0
7322,5.0
16483,4.0
23217,5.0
1991,3.0
5238,3.0
16886,4.0
5675,4.0
15649,2.0
2949,4.0
12362,5.0
4990,5.0
2140,5.0
18544,4.0
15803,3.0
17482,1.0
11560,3.0
13172,1.0
1911,5.0
682,5.0
4305,5.0
9309,5.0
3356,5.0
2174,5.0
1938,5.0
12182,5.0
2308,2.0
9246,5.0
155,1.0
517,5.0
16218,5.0
16377,4.0
3582,5.0
14594,5.0
1363,3.0
7641,5.0
19790,5.0
2321,5.0
17122,4.0
9286,4.0
3038,5.0
23109,3.0
21916,3.0
7215,4.0
1008,4.0
20820,3.0
10296,4.0
13776,5.0
9848,5.0
17608,1.0
22652,5.0
15784,5.0
21054,3.0
2865,5.0
19770,5.0
8503,5.0
23352,5.0
12302,4.0
7289,4.0
6456,4.0
15169,3.0
1562,4.0
2584,5.0
3434,4.0
3263,4.0
1208,4.0
6628,5.0
20656,4.0
12443,4.0
8056,3.0
16967,5.0
2374,4.0
12894,2.0
8327,5.0
13068,4.0
7224,5.0
5983,5.0
13093,3.0
23453,5.0
3096,5.0
5527,5.0
13183,5.0
15057,3.0
12237,5.0
6919,4.0
2531,5.0
1209,4.0
17884,4.0
19126,4.0
563,4.0
13328,2.0
21323,1.0
15056,5.0
1337,5.0
13823,5.0
4471,5.0
8264,2.0
6725,4.0
7187,3.0
12052,5.0
10006,4.0
2668,5.0
12615,1.0
21691,4.0
1026,5.0
20984,2.0
22332,4.0
22483,4.0
1324,5.0
11394,4.0
1020,4.0
20653,4.0
188,5.0
16276,5.0
23686,3.0
10729,2.0
6209,4.0
11964,5.0
17391,5.0
5563,5.0
26,5.0
2175,5.0
2753,5.0
21755,4.0
3050,5.0
21951,4.0
412,5.0
8007,5.0
2990,5.0
1509,5.0
13594,5.0
1512,5.0
17076,2.0
22848,4.0
5093,5.0
9554,1.0
21539,5.0
17994,5.0
12438,5.0
13752,5.0
6869,3.0
21029,5.0
4763,5.0
8662,4.0
7915,5.0
19590,5.0
13421,5.0
9524,3.0
18181,5.0
16739,5.0
13008,4.0
5309,5.0
16229,4.0
18713,5.0
21632,5.0
5159,5.0
18538,5.0
23163,4.0
8589,5.0
9086,5.0
4339,5.0
15207,5.0
22005,3.0
11948,4.0
19491,5.0
16993,5.0
4818,3.0
6680,5.0
781,5.0
14268,4.0
9960,5.0
17201,4.0
8273,5.0
19176,4.0
8560,5.0
9410,5.0
15985,5.0
11827,4.0
1754,5.0
19502,4.0
15272,4.0
6582,5.0
17772,4.0
582,5.0
14830,1.0
5203,4.0
15849,4.0
17719,5.0
17730,3.0
2797,3.0
9221,5.0
11858,5.0
19932,4.0
7175,5.0
12637,5.0
19091,4.0
23273,5.0
10072,4.0
8315,3.0
8815,1.0
10115,5.0
1741,5.0
7601,5.0
17040,5.0
12103,4.0
8307,4.0
8338,5.0
22169,3.0
17013,3.0
7354,5.0
13479,5.0
18618,5.0
20145,5.0
14807,4.0
7277,5.0
1146,3.0
16188,5.0
19442,5.0
4744,5.0
7793,4.0
18288,5.0
20034,4.0
20317,2.0
17859,5.0
6709,4.0
22350,3.0
11059,4.0
21549,5.0
19014,4.0
22232,4.0
22099,4.0
23246,2.0
19832,5.0
11532,5.0
16622,5.0
11734,5.0
11548,4.0
5830,4.0
7978,4.0
7520,5.0
1997,5.0
12205,4.0
6590,1.0
21598,5.0
14454,5.0
11522,3.0
7203,5.0
13368,4.0
8432,5.0
17626,4.0
16406,5.0
16118,4.0
13634,4.0
22354,5.0
1419,4.0
15872,5.0
15042,4.0
19185,4.0
20248,5.0
22885,5.0
19923,5.0
2201,3.0
14637,5.0
9370,4.0
21196,3.0
5687,5.0
12077,5.0
3204,3.0
21483,4.0
16244,5.0
11488,5.0
13469,1.0
20563,5.0
6486,4.0
23776,4.0
4393,5.0
11904,5.0
17568,5.0
2050,5.0
1545,5.0
3519,5.0
15304,5.0
9854,4.0
17311,4.0
14513,3.0
3067,5.0
13613,5.0
19338,2.0
20270,1.0
7089,5.0
22047,4.0
15456,5.0
2145,5.0
18134,3.0
15567,4.0
19674,4.0
207,5.0
20283,5.0
8292,5.0
2479,5.0
14309,3.0
6224,4.0
3535,4.0
12180,5.0
22840,5.0
6701,4.0
3951,5.0
10667,5.0
3139,5.0
13566,5.0
7633,5.0
3551,3.0
21099,5.0
4037,5.0
11879,4.0
11324,1.0
20674,5.0
14565,3.0
9877,3.0
3706,3.0
17429,5.0
17779,3.0
22830,3.0
8582,5.0
2271,4.0
15929,4.0
13029,5.0
6687,4.0
5555,3.0
10941,5.0
14862,4.0
14701,4.0
2459,5.0
10876,4.0
12922,4.0
16013,2.0
19719,4.0
3265,5.0
8218,4.0
7518,5.0
10435,5.0
6921,3.0
19504,4.0
2627,4.0
11984,2.0
16504,5.0
1917,5.0
21233,5.0
13047,5.0
3597,5.0
17915,5.0
4105,5.0
23631,5.0
5435,4.0
2943,5.0
12921,4.0
7399,5.0
8281,5.0
3541,3.0
9758,1.0
5153,5.0
10487,5.0
12112,4.0
14880,3.0
10351,4.0
16450,4.0
6236,5.0
13071,5.0
22971,5.0
19417,5.0
20566,4.0
21811,5.0
16515,4.0
18201,4.0
11112,4.0
5890,5.0
22973,5.0
12082,3.0
6689,4.0
19371,4.0
7927,3.0
12272,4.0
19012,1.0
6231,5.0
4492,5.0
7444,5.0
23588,5.0
18210,5.0
7345,4.0
3704,5.0
5323,4.0
4845,5.0
11653,5.0
19353,5.0
14990,3.0
3808,5.0
5672,5.0
8421,5.0
5382,4.0
9406,5.0
8829,5.0
4905,5.0
9073,3.0
10533,4.0
6872,5.0
20591,4.0
17742,4.0
4187,4.0
19058,5.0
13867,4.0
21484,5.0
11810,4.0
17374,4.0
9264,5.0
14548,5.0
9140,4.0
9527,4.0
20844,3.0
23628,5.0
16813,4.0
19336,1.0
7776,5.0
5767,5.0
5008,5.0
74,4.0
22348,4.0
7543,5.0
22353,5.0
22578,5.0
14458,4.0
9243,4.0
5546,5.0
9103,3.0
21903,4.0
18230,5.0
22464,5.0
7552,4.0
4040,5.0
22054,4.0
3953,5.0
3027,5.0
16730,4.0
8143,5.0
12100,5.0
9839,4.0
10398,5.0
10734,1.0
8341,5.0
6155,5.0
12096,2.0
19642,5.0
3624,2.0
3609,5.0
8925,3.0
16058,4.0
4505,5.0
17500,4.0
12258,5.0
20610,5.0
824,2.0
21420,4.0
943,5.0
6483,5.0
20926,4.0
22236,4.0
17490,4.0
22184,4.0
19386,3.0
14779,4.0
2318,4.0
17180,4.0
4747,4.0
1651,4.0
10638,4.0
22877,5.0
14,5.0
7752,5.0
9381,2.0
10282,5.0
23283,5.0
4244,5.0
15346,1.0
14133,4.0
4054,4.0
17418,4.0
4637,4.0
22280,4.0
13855,5.0
11836,5.0
8635,5.0
23415,2.0
3510,5.0
4279,5.0
5817,5.0
18837,5.0
6534,5.0
18046,5.0
1877,4.0
2572,5.0
21159,4.0
11639,5.0
477,5.0
1532,5.0
5092,5.0
8547,5.0
9573,5.0
6744,5.0
1056,4.0
1718,5.0
15416,5.0
22450,5.0
1983,5.0
21885,5.0
19592,4.0
2454,5.0
5579,5.0
19826,5.0
15749,4.0
20039,5.0
12890,3.0
18470,4.0
2302,5.0
15538,5.0
11420,3.0
3545,3.0
18466,4.0
18364,5.0
11296,3.0
819,5.0
9421,5.0
19726,5.0
9179,5.0
19670,4.0
14977,5.0
1500,5.0
3826,4.0
14511,5.0
10695,5.0
17213,3.0
9736,5.0
11318,4.0
6911,5.0
11809,4.0
14462,3.0
12618,2.0
11140,4.0
14641,5.0
16264,3.0
11952,5.0
6225,5.0
8813,5.0
3586,5.0
18390,4.0
17334,5.0
21551,2.0
6791,5.0
15936,4.0
6573,5.0
8862,5.0
5776,5.0
12266,5.0
16500,4.0
4663,5.0
23569,3.0
6691,4.0
3712,4.0
19125,1.0
3360,4.0
15842,4.0
10864,4.0
3810,5.0
11386,5.0
11110,5.0
9383,5.0
4372,3.0
21678,4.0
17329,4.0
20185,3.0
8081,5.0
16569,4.0
3530,5.0
341,2.0
12002,5.0
13924,3.0
11289,4.0
4010,5.0
21605,4.0
22602,4.0
16654,5.0
13467,4.0
16873,5.0
4828,3.0
6776,5.0
16486,5.0
6422,5.0
2724,5.0
16913,5.0
16997,3.0
2082,5.0
8079,5.0
5568,5.0
23024,1.0
6307,3.0
20923,1.0
9589,5.0
5930,5.0
15536,4.0
15534,5.0
4429,5.0
17520,5.0
18720,4.0
6464,5.0
10758,2.0
23519,5.0
16759,1.0
5531,5.0
18061,5.0
14260,2.0
14059,5.0
1597,5.0
5590,5.0
2778,5.0
19904,5.0
13534,4.0
8864,4.0
20765,3.0
2482,5.0
18753,5.0
373,5.0
16896,4.0
2468,5.0
16869,3.0
21060,5.0
12745,4.0
18264,1.0
22035,4.0
15542,4.0
9194,2.0
10336,4.0
13241,4.0
14465,5.0
13611,4.0
19315,5.0
21189,5.0
19243,5.0
8832,5.0
13085,5.0
23703,5.0
11667,4.0
439,5.0
14494,5.0
5705,5.0
4303,5.0
20917,5.0
7026,4.0
21113,5.0
17941,5.0
22036,4.0
23307,5.0
20379,5.0
10669,4.0
13351,5.0
4625,4.0
5420,5.0
11010,5.0
5061,5.0
6221,3.0
17865,5.0
509,5.0
3946,5.0
15789,4.0
13297,5.0
22703,3.0
20181,5.0
1808,4.0
17321,3.0
9888,5.0
8897,5.0
11567,5.0
2615,3.0
16794,5.0
4981,5.0
760,4.0
18367,4.0
12365,1.0
19763,5.0
16136,4.0
9708,5.0
6280,4.0
18432,2.0
17225,5.0
19494,5.0
10806,5.0
4881,5.0
22777,5.0
9832,5.0
11837,5.0
20502,4.0
10585,2.0
17812,4.0
23011,5.0
9434,5.0
13631,5.0
19167,2.0
10162,5.0
17891,5.0
4783,5.0
416,5.0
20999,5.0
6171,5.0
21401,5.0
2758,1.0
11050,5.0
20564,5.0
21802,5.0
23063,5.0
12196,5.0
6796,5.0
13954,4.0
1227,5.0
18979,4.0
19020,5.0
12393,1.0
4551,5.0
7779,5.0
11054,5.0
1744,5.0
7889,5.0
13254,5.0
15705,5.0
366,5.0
15192,5.0
8959,5.0
21340,4.0
23104,4.0
13084,3.0
19431,5.0
111,5.0
15666,3.0
16540,4.0
13988,4.0
22816,2.0
18559,5.0
6332,4.0
20084,3.0
11298,5.0
8852,5.0
3985,3.0
21234,5.0
5991,4.0
16083,4.0
10130,5.0
5873,5.0
16012,4.0
8713,5.0
6314,4.0
17030,5.0
14881,5.0
10740,5.0
23433,4.0
3674,5.0
18556,4.0
8783,5.0
19795,4.0
22021,2.0
22920,4.0
19412,5.0
11485,1.0
7735,4.0
19976,2.0
7407,5.0
1646,1.0
17323,5.0
19630,4.0
14612,3.0
22561,2.0
20539,5.0
7499,5.0
1989,3.0
17825,2.0
5049,3.0
4071,4.0
10393,5.0
3046,5.0
18255,5.0
5609,5.0
151,5.0
16429,4.0
15693,5.0
9863,4.0
14709,3.0
14800,3.0
11823,5.0
8109,4.0
7753,5.0
2923,4.0
5171,5.0
16944,1.0
3540,4.0
11601,5.0
10649,5.0
18476,2.0
20324,5.0
2887,3.0
22738,3.0
23389,5.0
2386,5.0
8661,1.0
1139,4.0
14905,4.0
4459,5.0
6878,5.0
15612,5.0
3380,5.0
9107,5.0
14182,3.0
15445,5.0
16677,5.0
7121,3.0
7545,5.0
9955,3.0
13716,5.0
19246,5.0
14203,4.0
22577,4.0
2760,4.0
7414,5.0
17762,4.0
14258,4.0
631,5.0
17497,5.0
16147,5.0
23504,2.0
15829,5.0
3694,4.0
357,4.0
7521,5.0
4362,4.0
5024,4.0
21324,1.0
22916,3.0
20022,3.0
16650,5.0
13551,4.0
3008,5.0
5591,3.0
15825,4.0
18916,5.0
16480,4.0
18813,4.0
17820,3.0
11537,4.0
3497,4.0
1590,5.0
13091,5.0
16319,5.0
14932,5.0
5037,4.0
10839,5.0
17134,4.0
12113,5.0
4659,5.0
22257,4.0
126,3.0
4364,5.0
10199,3.0
4746,4.0
1331,4.0
16379,5.0
19810,3.0
5533,5.0
12696,5.0
8980,5.0
23484,5.0
22560,4.0
20969,2.0
10118,5.0
5262,5.0
5264,4.0
20297,3.0
19079,5.0
9981,5.0
1635,5.0
5304,5.0
22523,4.0
18992,4.0
14848,4.0
8563,5.0
10875,4.0
7386,5.0
14878,5.0
13127,5.0
21184,4.0
12206,4.0
19687,4.0
1250,2.0
22477,3.0
5218,3.0
10044,5.0
15568,4.0
17706,4.0
12575,4.0
13305,4.0
21621,5.0
3902,5.0
13859,5.0
3113,5.0
1624,4.0
18269,1.0
20583,4.0
17571,5.0
23014,5.0
5276,2.0
11787,3.0
3095,5.0
661,5.0
10689,5.0
14100,4.0
2819,5.0
8350,5.0
21015,5.0
9705,5.0
6734,5.0
10051,5.0
2369,4.0
23574,3.0
8972,4.0
2493,5.0
3354,5.0
3782,5.0
21307,5.0
765,4.0
7241,5.0
19421,4.0
3618,5.0
560,5.0
13446,5.0
8877,4.0
9298,5.0
21176,5.0
3627,4.0
1124,5.0
22673,4.0
7459,5.0
8535,5.0
18116,5.0
12538,5.0
13991,5.0
13271,5.0
16481,4.0
22939,4.0
4294,3.0
22479,4.0
23566,5.0
16752,3.0
7620,3.0
6743,4.0
10510,3.0
13900,5.0
4397,4.0
23579,5.0
10869,4.0
15068,4.0
19179,3.0
5351,5.0
13118,4.0
10874,2.0
9633,4.0
18259,5.0
7967,5.0
6602,5.0
14278,2.0
793,5.0
1011,5.0
3583,5.0
2769,4.0
19581,5.0
2327,5.0
19271,5.0
15026,5.0
21705,5.0
4454,5.0
13260,4.0
8025,4.0
9537,2.0
2831,5.0
10957,4.0
6315,5.0
12701,5.0
4890,4.0
10190,5.0
5938,2.0
19652,4.0
22985,5.0
12108,1.0
15592,5.0
9678,5.0
537,5.0
19798,3.0
23638,5.0
17786,4.0
8214,5.0
14695,5.0
17821,2.0
15937,3.0
14941,4.0
6437,3.0
13597,4.0
1605,4.0
20431,4.0
13199,5.0
2385,5.0
2551,4.0
2045,5.0
1607,5.0
13087,3.0
5912,3.0
10713,5.0
12022,2.0
16492,4.0
14813,4.0
370,5.0
247,5.0
7274,5.0
5470,5.0
9769,3.0
18829,4.0
22224,5.0
3180,5.0
21848,1.0
13248,3.0
11170,1.0
15450,3.0
15172,4.0
18348,4.0
16724,2.0
20890,5.0
12682,5.0
14088,4.0
10704,5.0
7920,5.0
6455,5.0
22942,4.0
22066,4.0
20216,3.0
14700,1.0
8989,5.0
3969,2.0
1312,5.0
3385,2.0
21796,5.0
856,4.0
1897,4.0
7188,5.0
4671,4.0
19775,5.0
4296,5.0
5893,5.0
14077,4.0
22995,4.0
18628,3.0
4612,4.0
6942,5.0
722,5.0
17081,4.0
10608,3.0
11644,4.0
6267,4.0
3732,5.0
10808,5.0
15988,5.0
9152,4.0
11201,5.0
21780,5.0
23208,4.0
14058,5.0
427,5.0
21635,5.0
13264,3.0
13045,4.0
21458,5.0
15494,5.0
8717,5.0
13462,2.0
3585,4.0
4737,3.0
5437,5.0
434,5.0
18503,3.0
20155,5.0
2182,5.0
16703,3.0
13557,4.0
10786,1.0
4985,4.0
5561,5.0
5175,5.0
2295,4.0
23524,5.0
21614,4.0
5769,5.0
20332,4.0
7870,5.0
1839,5.0
23023,2.0
1021,5.0
11959,4.0
14247,5.0
13531,5.0
14329,3.0
23081,3.0
5204,1.0
7628,5.0
13679,5.0
2344,5.0
1118,4.0
4363,5.0
14812,4.0
16028,5.0
11021,5.0
17185,4.0
16507,5.0
7405,5.0
20120,5.0
22168,4.0
20171,5.0
399,5.0
8362,3.0
21128,4.0
7018,3.0
17136,4.0
15524,4.0
17496,5.0
23065,2.0
8021,4.0
15934,4.0
6968,5.0
522,1.0
23368,5.0
17217,5.0
18208,5.0
22979,4.0
13111,5.0
12291,5.0
8029,5.0
20512,5.0
4727,5.0
4807,5.0
17233,5.0
14728,5.0
11226,2.0
8114,5.0
15067,4.0
1949,5.0
23281,5.0
19512,4.0
20201,5.0
10246,5.0
18742,4.0
9076,4.0
15130,4.0
1237,5.0
10743,3.0
20587,4.0
3167,5.0
17054,4.0
8515,5.0
17434,5.0
6010,5.0
10575,4.0
8764,4.0
10538,4.0
10293,1.0
3058,5.0
17688,5.0
5254,5.0
22198,5.0
5282,5.0
23010,5.0
12931,5.0
14842,2.0
3319,4.0
2340,5.0
22126,5.0
1216,5.0
3471,4.0
17588,4.0
20483,4.0
10993,3.0
861,5.0
8710,1.0
2032,5.0
371,4.0
21857,4.0
15706,5.0
10028,5.0
8447,4.0
16455,4.0
17529,4.0
6462,3.0
11520,5.0
5133,5.0
10527,3.0
15036,5.0
2686,3.0
19786,5.0
22418,5.0
16995,3.0
10315,5.0
1235,5.0
10945,4.0
9432,3.0
21224,3.0
12001,5.0
11791,4.0
18450,4.0
16582,2.0
18317,3.0
13939,3.0
21546,5.0
2818,3.0
896,5.0
18517,3.0
6170,5.0
12642,5.0
6107,5.0
14306,4.0
17655,5.0
3982,4.0
18486,4.0
4506,3.0
14929,2.0
14873,5.0
7955,5.0
10996,4.0
12601,5.0
16837,3.0
12654,5.0
11243,5.0
21522,5.0
8708,2.0
16491,4.0
12867,3.0
1612,5.0
7053,5.0
497,3.0
19379,4.0
22284,3.0
4997,5.0
8125,5.0
1528,5.0
19791,4.0
11431,3.0
2543,4.0
22462,4.0
10464,3.0
18121,1.0
23493,5.0
4434,5.0
8965,5.0
10971,5.0
17142,5.0
4518,3.0
19662,3.0
7303,5.0
748,5.0
8308,5.0
21265,4.0
10881,3.0
22396,4.0
9302,5.0
6264,5.0
7711,5.0
13236,2.0
1276,5.0
1038,4.0
11524,1.0
21090,5.0
18502,2.0
17589,5.0
4409,4.0
1084,5.0
13870,4.0
16442,4.0
23321,5.0
9277,3.0
17790,5.0
9223,4.0
9881,5.0
14254,2.0
9996,5.0
19184,4.0
10263,5.0
6839,5.0
4041,4.0
3974,5.0
13963,5.0
18074,4.0
21639,4.0
12539,5.0
21795,3.0
23683,5.0
22746,3.0
18913,4.0
5311,5.0
23343,3.0
18266,5.0
16706,5.0
23480,5.0
14819,5.0
3396,4.0
22752,5.0
7882,4.0
21095,4.0
5361,5.0
16312,5.0
9167,4.0
8675,3.0
22041,3.0
8519,5.0
2130,2.0
22679,5.0
19372,3.0
17973,5.0
21072,4.0
20983,4.0
5455,5.0
1766,5.0
12857,5.0
3132,5.0
10764,2.0
12226,5.0
4125,5.0
15336,5.0
10642,5.0
10323,4.0
17648,5.0
11455,5.0
7780,5.0
8562,5.0
14798,4.0
7441,5.0
119,5.0
21194,4.0
4723,5.0
13724,5.0
3428,5.0
15733,3.0
2014,5.0
16965,5.0
7544,4.0
19295,5.0
8687,5.0
22078,4.0
23046,5.0
1561,5.0
21262,5.0
5650,4.0
12168,5.0
11233,5.0
21571,4.0
10458,5.0
16841,3.0
13407,5.0
9604,5.0
20900,2.0
4520,3.0
21102,5.0
2829,5.0
7496,5.0
18310,4.0
15060,3.0
5891,5.0
2093,3.0
18762,4.0
5573,5.0
20859,4.0
11630,4.0
4319,5.0
1359,4.0
22039,4.0
20188,4.0
20459,5.0
1431,4.0
19778,5.0
3327,4.0
11144,5.0
2090,3.0
10838,3.0
4117,5.0
11624,4.0
16245,5.0
4792,5.0
11430,1.0
5427,2.0
21025,5.0
7910,5.0
16490,3.0
12939,5.0
11190,1.0
19067,5.0
13362,5.0
8384,5.0
919,4.0
13737,2.0
19062,4.0
3769,4.0
13301,4.0
12398,5.0
22223,4.0
1484,5.0
10191,5.0
5960,4.0
7439,5.0
16905,4.0
7724,5.0
6377,5.0
12531,5.0
21065,5.0
1013,4.0
11794,5.0
8251,5.0
18394,4.0
22536,4.0
672,5.0
22081,4.0
12676,5.0
6402,5.0
22275,4.0
3400,5.0
19919,4.0
22034,5.0
15257,5.0
2888,4.0
1433,4.0
21016,5.0
242,5.0
19534,5.0
17524,3.0
16169,5.0
1183,5.0
13145,4.0
3901,5.0
19496,5.0
5642,5.0
10676,4.0
10741,5.0
22397,4.0
20005,5.0
20750,5.0
3992,5.0
19481,5.0
11453,5.0
205,4.0
11178,2.0
16152,4.0
12705,5.0
8111,4.0
16314,4.0
18698,5.0
21710,5.0
11194,1.0
8199,4.0
9012,5.0
18214,2.0
3115,5.0
7677,3.0
9232,3.0
5079,5.0
2718,5.0
6588,4.0
3604,5.0
20806,3.0
16315,2.0
12961,1.0
4326,5.0
24,5.0
16237,3.0
1700,5.0
2787,3.0
14935,5.0
6300,4.0
1125,5.0
2116,5.0
10778,1.0
12899,5.0
18733,3.0
11432,3.0
14802,4.0
9047,4.0
7625,5.0
5850,5.0
11207,3.0
14435,5.0
23450,4.0
14738,4.0
17039,5.0
18488,3.0
15539,4.0
10007,3.0
12101,4.0
14902,5.0
2549,4.0
10823,4.0
6388,5.0
21044,5.0
11490,1.0
1573,5.0
22121,3.0
16196,4.0
20088,4.0
6333,5.0
5313,2.0
10063,1.0
9014,4.0
3028,5.0
14037,5.0
2974,5.0
12598,3.0
12574,4.0
17528,4.0
20390,2.0
13789,4.0
21208,4.0
11925,5.0
4257,4.0
7926,5.0
4356,5.0
18142,1.0
13004,5.0
17477,1.0
9923,4.0
12297,5.0
20732,5.0
9425,3.0
13372,5.0
18273,1.0
7094,3.0
6105,4.0
11387,5.0
13895,4.0
23353,5.0
12387,4.0
1626,4.0
22079,5.0
22206,4.0
5629,4.0
10935,5.0
12008,5.0
16253,4.0
13175,4.0
2481,5.0
13683,4.0
6956,5.0
4745,5.0
13736,5.0
4785,4.0
20217,4.0
8884,3.0
4632,5.0
17313,2.0
19890,4.0
22535,3.0
13224,5.0
8767,3.0
16309,5.0
19005,4.0
13245,5.0
16512,4.0
2033,5.0
6522,3.0
15321,5.0
21408,3.0
10328,5.0
10276,4.0
20038,5.0
8556,5.0
19172,3.0
20855,4.0
12094,5.0
15154,4.0
20776,4.0
3991,4.0
2054,5.0
6775,4.0
16040,4.0
11626,2.0
16966,5.0
9392,5.0
23202,2.0
19210,1.0
6470,5.0
23398,3.0
15007,5.0
4534,3.0
1580,5.0
4950,5.0
20387,5.0
19774,4.0
3973,4.0
17065,5.0
18943,5.0
1546,5.0
21259,3.0
21086,2.0
5451,4.0
8398,4.0
10358,4.0
9997,5.0
904,4.0
583,5.0
206,4.0
1787,3.0
9549,4.0
21869,5.0
16207,1.0
2417,5.0
10016,5.0
8456,1.0
12461,5.0
12031,4.0
19984,4.0
19574,5.0
7900,5.0
18690,4.0
10670,4.0
9305,5.0
4025,5.0
1638,5.0
12852,5.0
14502,4.0
20007,5.0
14621,5.0
13242,4.0
21981,5.0
16488,2.0
22519,5.0
20316,3.0
2025,5.0
8050,4.0
12824,3.0
19945,1.0
19477,5.0
2205,4.0
2810,5.0
14898,3.0
22701,2.0
17808,5.0
2104,5.0
5069,5.0
14587,3.0
1258,5.0
17693,5.0
11336,5.0
20336,3.0
711,5.0
15976,5.0
6560,5.0
9791,5.0
13619,5.0
9238,5.0
2993,4.0
23757,4.0
5433,4.0
21958,5.0
1993,5.0
16951,4.0
20093,2.0
656,4.0
3195,4.0
11339,5.0
10146,4.0
16092,1.0
17627,5.0
9105,5.0
10048,5.0
10951,4.0
22398,4.0
16150,5.0
15301,1.0
22287,3.0
2582,5.0
7798,5.0
7341,5.0
17798,1.0
33,5.0
20191,4.0
18650,2.0
10573,5.0
14704,5.0
6431,5.0
7773,5.0
23187,3.0
6565,4.0
17513,5.0
16657,2.0
17222,3.0
13073,3.0
13834,5.0
2317,5.0
20720,5.0
18115,4.0
6685,5.0
1362,5.0
664,5.0
5390,5.0
11301,5.0
8638,5.0
16814,4.0
4970,5.0
8723,5.0
16919,2.0
9666,5.0
20199,4.0
20545,4.0
13369,5.0
6032,5.0
19896,4.0
13082,4.0
20630,4.0
4658,4.0
8788,4.0
10260,4.0
21354,5.0
5010,5.0
14120,3.0
15081,4.0
4921,5.0
22328,4.0
2729,5.0
6424,5.0
2166,5.0
18418,4.0
10054,5.0
21956,5.0
4697,3.0
6013,2.0
14425,5.0
11290,4.0
14074,3.0
3484,5.0
13154,5.0
18020,3.0
3251,5.0
6738,5.0
14586,4.0
18841,5.0
18934,4.0
21119,4.0
4795,5.0
15242,4.0
20009,4.0
2197,5.0
23176,4.0
16473,4.0
13063,5.0
23602,3.0
11936,2.0
3673,5.0
14232,1.0
23179,4.0
17178,5.0
4944,5.0
4646,4.0
30,5.0
19507,4.0
23632,5.0
5638,5.0
22617,1.0
264,5.0
22061,4.0
20743,3.0
8574,5.0
22802,4.0
4435,5.0
12690,4.0
2731,3.0
14434,5.0
7728,4.0
18683,1.0
15516,2.0
16555,5.0
7066,5.0
14355,5.0
18000,1.0
11469,5.0
10454,5.0
18902,5.0
9225,5.0
921,5.0
6207,5.0
4106,5.0
1022,5.0
17047,5.0
9021,5.0
9538,2.0
14399,4.0
23170,5.0
19408,5.0
16441,4.0
14257,4.0
21130,4.0
13861,5.0
20689,2.0
17636,5.0
9656,4.0
8531,5.0
3076,5.0
12178,4.0
16594,2.0
10501,5.0
17168,5.0
23312,4.0
9355,5.0
19436,2.0
7745,5.0
3060,5.0
23760,4.0
12179,5.0
14703,5.0
19030,5.0
10252,5.0
13706,4.0
18167,4.0
20350,3.0
23082,4.0
22465,5.0
18601,2.0
10795,4.0
15201,5.0
1144,5.0
5135,5.0
1830,5.0
17421,5.0
1491,5.0
16027,5.0
8345,5.0
18293,3.0
2324,5.0
3333,4.0
17938,2.0
4281,4.0
19730,4.0
17373,4.0
18524,2.0
1641,3.0
6104,4.0
15778,4.0
2802,4.0
17049,5.0
10736,1.0
23088,5.0
17988,5.0
16603,5.0
12677,5.0
4618,4.0
20149,4.0
8353,5.0
11136,5.0
1014,4.0
15441,5.0
23060,4.0
7097,5.0
15780,5.0
10745,4.0
19241,2.0
4688,5.0
8700,5.0
20503,3.0
16736,5.0
10920,5.0
15695,5.0
810,5.0
8611,4.0
1187,5.0
17093,5.0
3916,5.0
5487,5.0
878,5.0
5719,5.0
5902,5.0
3777,3.0
13923,3.0
6877,5.0
10783,2.0
23019,3.0
19690,3.0
3654,3.0
19449,5.0
1496,5.0
1954,5.0
6664,5.0
1113,5.0
19258,5.0
1543,5.0
22821,1.0
17691,5.0
3341,4.0
4063,4.0
16770,5.0
9597,5.0
4381,4.0
16376,5.0
15124,4.0
13494,5.0
5598,5.0
1594,4.0
7977,4.0
13777,5.0
21560,4.0
8326,5.0
4029,5.0
12893,2.0
4622,5.0
18923,3.0
22226,4.0
2705,5.0
22945,5.0
14678,1.0
21726,3.0
20876,5.0
10684,4.0
3157,5.0
14556,5.0
3521,5.0
7326,4.0
14123,4.0
22704,5.0
15720,3.0
1761,5.0
13406,5.0
15303,5.0
21557,4.0
13213,1.0
13376,5.0
14868,4.0
13544,5.0
1569,3.0
22401,3.0
8470,4.0
2276,5.0
16250,5.0
22636,4.0
158,5.0
4498,5.0
4335,5.0
7866,5.0
9159,3.0
23526,3.0
2172,5.0
12627,3.0
16728,4.0
6753,3.0
10853,5.0
20123,3.0
4751,5.0
8099,5.0
9401,2.0
22088,4.0
2677,5.0
8674,5.0
8619,4.0
19452,4.0
16466,4.0
20551,5.0
20567,5.0
180,4.0
7982,3.0
15083,5.0
1680,5.0
10176,3.0
21767,4.0
201,5.0
6415,5.0
2446,5.0
14105,4.0
7556,5.0
22003,5.0
11338,4.0
6908,2.0
7192,4.0
10182,5.0
4980,5.0
13345,4.0
6311,4.0
17092,4.0
11507,5.0
12732,3.0
21032,5.0
17489,4.0
22948,5.0
6798,5.0
20306,4.0
9760,5.0
3398,5.0
2100,4.0
18966,5.0
1155,5.0
16117,4.0
20938,3.0
3219,5.0
2826,5.0
18357,5.0
2871,4.0
14859,5.0
15297,4.0
15406,5.0
2117,5.0
12681,5.0
13916,5.0
13584,5.0
1147,4.0
21181,4.0
18239,5.0
10865,5.0
2516,5.0
8678,4.0
20952,5.0
11596,5.0
22912,4.0
3394,5.0
1859,5.0
10754,1.0
11533,5.0
8936,2.0
15699,4.0
22544,4.0
3601,5.0
9060,4.0
12715,5.0
17651,2.0
16860,5.0
21842,5.0
801,4.0
23738,5.0
8043,4.0
11899,4.0
12472,5.0
14236,5.0
7541,5.0
16121,5.0
16981,2.0
8637,5.0
16192,5.0
23455,5.0
22130,5.0
18716,3.0
2261,5.0
10811,4.0
7580,5.0
2247,4.0
16655,5.0
11693,5.0
18646,5.0
16120,2.0
11828,4.0
10943,5.0
12722,4.0
14431,5.0
13743,5.0
18570,4.0
4315,4.0
14921,5.0
10546,4.0
11304,3.0
23775,5.0
6345,2.0
19221,4.0
16348,5.0
23439,3.0
14253,2.0
8048,4.0
17426,3.0
20486,3.0
12004,5.0
23670,3.0
13048,5.0
23372,5.0
1976,5.0
5835,4.0
20489,5.0
13128,5.0
9341,5.0
22190,3.0
22399,5.0
4265,5.0
2495,5.0
19749,4.0
20579,3.0
11123,5.0
16890,5.0
2816,4.0
16306,4.0
21825,5.0
609,5.0
15125,5.0
18217,4.0
6890,5.0
13108,1.0
7362,4.0
6147,2.0
9811,5.0
1160,4.0
908,2.0
9909,3.0
12498,5.0
11822,5.0
21508,5.0
1818,5.0
10461,5.0
15427,5.0
22098,4.0
15777,4.0
10790,3.0
17184,5.0
15085,5.0
4739,4.0
23234,3.0
1802,5.0
9959,5.0
19128,5.0
15097,5.0
21565,3.0
8808,5.0
20177,4.0
19046,1.0
18467,4.0
4143,5.0
826,4.0
761,2.0
14788,5.0
2800,3.0
641,5.0
9398,4.0
12162,3.0
7047,3.0
266,5.0
6106,5.0
18041,3.0
16189,5.0
17996,2.0
18948,4.0
17553,5.0
5963,5.0
5106,4.0
14653,5.0
17734,1.0
7135,5.0
7874,5.0
15109,3.0
14412,4.0
8997,5.0
12440,5.0
20734,4.0
22685,5.0
21984,5.0
18983,3.0
823,2.0
21865,3.0
3324,4.0
786,5.0
22014,4.0
22365,5.0
23565,5.0
9501,5.0
21422,4.0
4199,5.0
1314,5.0
794,3.0
9254,5.0
12184,5.0
23189,3.0
18960,3.0
8532,5.0
314,5.0
15418,1.0
19144,3.0
20609,5.0
195,4.0
7483,5.0
9112,5.0
17392,5.0
11552,1.0
9858,3.0
12827,5.0
6988,3.0
13530,2.0
23132,5.0
361,5.0
17299,3.0
12471,5.0
11251,5.0
20017,5.0
13687,2.0
39,5.0
12070,4.0
20327,1.0
204,4.0
6899,5.0
14245,5.0
2632,5.0
23052,3.0
2490,5.0
17911,5.0
15800,5.0
9186,3.0
8356,5.0
7563,4.0
6150,5.0
15349,4.0
11392,5.0
66,5.0
14632,4.0
5746,5.0
20894,4.0
14407,5.0
4636,5.0
22524,2.0
22359,2.0
6609,5.0
1447,5.0
23470,4.0
22955,5.0
9096,5.0
10507,5.0
8721,4.0
16889,5.0
19312,5.0
7356,4.0
16176,4.0
1086,5.0
15012,3.0
16090,5.0
6335,5.0
14408,5.0
20341,3.0
1752,5.0
14005,5.0
20998,4.0
13143,4.0
5294,4.0
11425,5.0
22799,5.0
14432,5.0
7005,3.0
16106,5.0
6675,5.0
8247,5.0
22997,5.0
17440,5.0
10232,3.0
19647,5.0
23600,5.0
8971,4.0
4165,5.0
22879,5.0
12484,5.0
17610,4.0
22241,5.0
6325,4.0
8636,5.0
14204,4.0
23364,5.0
18150,1.0
1697,5.0
14451,5.0
12981,4.0
21482,5.0
1463,5.0
23695,4.0
19124,3.0
2286,5.0
22554,5.0
23196,5.0
12165,5.0
23286,5.0
16000,4.0
19163,5.0
7082,5.0
17656,5.0
14585,4.0
19855,5.0
21071,4.0
16978,2.0
10567,5.0
16168,4.0
22221,5.0
16378,4.0
8336,5.0
8668,5.0
7576,5.0
8192,5.0
21898,5.0
6394,4.0
20067,5.0
15251,5.0
16456,4.0
22319,4.0
5680,5.0
21587,5.0
3016,5.0
23590,5.0
18053,3.0
8337,5.0
11768,4.0
15472,5.0
22717,5.0
3134,5.0
10846,2.0
15372,2.0
12410,5.0
14389,5.0
16285,4.0
11866,4.0
13896,4.0
18153,3.0
13459,5.0
6688,4.0
13671,4.0
8694,4.0
4564,5.0
16779,4.0
11315,4.0
3430,5.0
19385,5.0
3571,5.0
10188,5.0
14357,4.0
23204,4.0
15597,5.0
12733,4.0
4053,3.0
6253,3.0
620,5.0
20294,5.0
21236,2.0
16434,4.0
4800,4.0
18980,2.0
13477,5.0
8033,5.0
2679,5.0
1955,5.0
283,4.0
8521,5.0
2396,5.0
10962,5.0
10889,2.0
20604,4.0
19296,5.0
19329,5.0
3291,3.0
22914,5.0
15809,5.0
17777,5.0
12684,5.0
13818,5.0
3738,5.0
11758,4.0
7302,3.0
6123,5.0
1840,5.0
9314,4.0
7208,5.0
23315,5.0
5800,4.0
6681,4.0
21243,5.0
7984,4.0
17124,5.0
19908,5.0
20030,5.0
16815,3.0
3472,5.0
8309,5.0
17278,3.0
11778,4.0
2574,5.0
18284,4.0
12200,4.0
23625,5.0
17854,5.0
8961,4.0
20852,4.0
3007,5.0
23259,4.0
10961,5.0
10089,2.0
19596,4.0
675,4.0
128,5.0
6094,5.0
15497,5.0
18374,4.0
18974,4.0
1523,5.0
14398,5.0
11416,4.0
15857,5.0
14667,4.0
6396,3.0
1480,5.0
17835,1.0
4699,5.0
16261,2.0
2532,4.0
10605,2.0
6125,3.0
17170,4.0
22186,1.0
7117,4.0
19696,5.0
2534,5.0
8740,3.0
2250,5.0
5436,4.0
10723,4.0
9332,5.0
13262,5.0
21528,5.0
9122,5.0
20945,4.0
2580,5.0
11633,5.0
17743,4.0
1280,3.0
8127,5.0
2135,5.0
18351,3.0
1152,5.0
3615,2.0
18177,2.0
2523,2.0
12027,5.0
23403,2.0
19933,4.0
11350,4.0
1159,4.0
20920,5.0
23274,5.0
14853,4.0
796,3.0
784,4.0
16128,5.0
1829,3.0
15723,2.0
17714,4.0
19244,4.0
10958,4.0
7495,5.0
10247,5.0
16519,4.0
5365,5.0
6629,5.0
4465,5.0
21357,5.0
17646,4.0
8420,5.0
10641,5.0
7526,3.0
21962,4.0
9091,5.0
867,5.0
22322,4.0
8332,5.0
21001,3.0
8733,5.0
18607,4.0
5071,5.0
5691,5.0
16340,5.0
21133,3.0
6579,5.0
4777,5.0
21098,4.0
16620,2.0
14719,5.0
16367,4.0
4918,5.0
16943,1.0
5802,3.0
6811,3.0
10401,1.0
14656,3.0
20817,5.0
22367,5.0
9607,5.0
159,5.0
5345,2.0
3837,5.0
19121,5.0
8134,5.0
1967,5.0
23647,5.0
17989,5.0
13623,3.0
10800,5.0
1628,4.0
11941,5.0
1467,5.0
14636,4.0
12596,5.0
12431,5.0
12157,5.0
22861,3.0
6985,4.0
7346,5.0
12809,5.0
17055,5.0
22605,5.0
6369,5.0
110,4.0
12294,5.0
18797,3.0
15690,5.0
5594,5.0
1023,5.0
18959,4.0
1175,5.0
19305,4.0
2037,5.0
4233,5.0
171,5.0
3133,5.0
8996,2.0
23764,3.0
17914,3.0
10343,4.0
20278,4.0
20925,4.0
7557,5.0
17974,1.0
6895,5.0
3220,4.0
14851,5.0
7131,5.0
14206,5.0
20770,5.0
12902,4.0
11895,1.0
19605,4.0
18149,5.0
10602,2.0
8569,5.0
14850,5.0
7931,5.0
13985,4.0
16372,4.0
8491,5.0
4400,5.0
21414,4.0
21294,4.0
3201,5.0
7571,5.0
2604,4.0
10896,4.0
16910,5.0
22610,3.0
1095,5.0
8579,3.0
12580,5.0
10960,4.0
948,5.0
1973,5.0
8266,5.0
1178,3.0
11473,4.0
18485,5.0
18469,3.0
15942,5.0
636,4.0
3753,5.0
3589,4.0
18766,5.0
14302,4.0
1347,5.0
4838,5.0
17604,3.0
15357,5.0
16187,5.0
22110,3.0
18947,5.0
15696,5.0
9247,4.0
7899,4.0
2414,4.0
14402,5.0
21114,5.0
13170,1.0
7626,5.0
16125,3.0
22341,4.0
19834,5.0
14188,2.0
1248,5.0
557,4.0
23244,4.0
15123,4.0
2702,5.0
5492,5.0
22111,4.0
23688,4.0
4736,4.0
13434,5.0
11300,5.0
3847,5.0
11253,2.0
17507,5.0
18365,4.0
16670,4.0
7820,5.0
940,4.0
6017,4.0
12692,5.0
7172,3.0
12358,4.0
8499,5.0
23437,5.0
1884,3.0
8222,5.0
22007,3.0
19733,1.0
7803,4.0
1048,4.0
7433,5.0
4036,4.0
1789,3.0
1143,3.0
17228,2.0
13590,2.0
22148,3.0
20980,5.0
22447,5.0
12882,5.0
14135,4.0
16612,5.0
11613,5.0
3548,2.0
21030,5.0
2473,5.0
11944,4.0
4338,5.0
18426,4.0
365,4.0
15958,2.0
20893,5.0
11685,5.0
20192,4.0
16918,3.0
4337,5.0
18338,5.0
8849,4.0
13564,5.0
6760,5.0
2234,4.0
5273,5.0
7623,4.0
15263,5.0
17331,4.0
6852,4.0
8581,5.0
20186,4.0
12597,3.0
20472,5.0
2629,5.0
17342,5.0
9867,5.0
10551,4.0
13208,5.0
13268,4.0
23548,5.0
20901,2.0
19510,3.0
18750,4.0
21669,4.0
8195,5.0
864,3.0
16679,4.0
22659,4.0
3066,5.0
19333,3.0
23254,3.0
19721,5.0
11700,5.0
16745,4.0
3168,5.0
10606,2.0
11041,1.0
4395,4.0
23550,5.0
20212,2.0
22334,4.0
14618,4.0
14762,5.0
12080,3.0
7458,5.0
1170,5.0
23435,4.0
16631,1.0
14281,5.0
11889,4.0
18424,3.0
20401,3.0
19398,5.0
11727,4.0
19617,4.0
16370,4.0
7918,5.0
18917,3.0
20872,3.0
16393,4.0
7049,2.0
7896,4.0
8730,5.0
14501,4.0
23700,5.0
16800,5.0
19806,1.0
9346,5.0
6101,4.0
22439,5.0
21498,3.0
3701,3.0
10718,5.0
9477,5.0
8640,5.0
21151,5.0
23214,5.0
5466,5.0
22756,2.0
20721,3.0
9611,1.0
1851,5.0
21822,3.0
22173,4.0
21012,5.0
20382,5.0
387,5.0
12188,5.0
20354,3.0
16409,4.0
