,0
0,5.0
1,4.703099994267998
2,3.446273774887598
3,2.8104888345634373
4,5.0
5,5.0
6,4.610560662321175
7,4.610560662321175
8,3.442517975598879
9,3.1967600116391446
10,3.1967600116391446
11,4.433917585379668
12,4.433917585379668
13,4.807570555058972
14,5.000000000000001
15,3.225439271556179
16,5.0
17,3.1084146013098937
18,3.1084146013098937
19,4.505951720763735
20,4.505951720763735
21,5.0
22,5.0
23,4.513153989799808
24,5.0
25,4.4580606207384035
26,4.4580606207384035
27,4.891522192406596
28,4.100544982101012
29,4.578561949794525
30,4.578561949794525
31,4.249669569583587
32,4.529610006627967
33,4.930040200811618
34,4.930040200811618
35,4.351166016996334
36,3.912374934948627
37,3.912374934948627
38,4.8691458002246275
39,5.0
40,5.0
41,3.3811638424711044
42,5.0
43,3.877888566303802
44,4.0
45,5.0
46,4.406271175474009
47,3.943012599664181
48,4.695315847962808
49,4.660861050043506
50,4.6302992957233755
51,3.460555094718651
52,3.460555094718651
53,2.675589609802367
54,4.580920788420686
55,4.580920788420686
56,4.539658835102089
57,4.0
58,5.0
59,4.31856981332138
60,4.404234711824332
61,4.661006860346356
62,4.661006860346356
63,4.341529781412765
64,4.574719692249956
65,4.068946587448721
66,4.068946587448721
67,4.0307236164539475
68,4.645697914005859
69,5.0
70,3.361557413502796
71,2.84369628983954
72,3.6228022648275453
73,3.6228022648275453
74,5.0
75,5.0
76,4.661150504563801
77,4.454508880146727
78,3.261875295923926
79,3.261875295923926
80,4.0
81,4.0
82,4.539216545448276
83,4.773690678174235
84,5.0
85,4.515273160188944
86,4.515273160188944
87,4.201021123479413
88,4.201021123479413
89,3.328626054414199
90,5.0
91,4.813007353285742
92,3.7396614365075598
93,3.7396614365075598
94,3.8393014946501154
95,4.513519299976734
96,4.0
97,2.5
98,4.971393518191008
99,2.3404424008680973
100,2.3404424008680973
101,4.999999999999999
102,4.0
103,5.000000000000001
104,4.451689922413115
105,4.186358753826308
106,4.186358753826308
107,4.354615317885903
108,4.784549285273261
109,4.784549285273261
110,4.866266417731187
111,4.067150068224524
112,4.999999999999999
113,4.764287325631804
114,5.0
115,4.784868648886592
116,4.784868648886592
117,4.3840399170008375
118,4.361269766437421
119,4.361269766437421
120,4.6506260975614255
121,5.0
122,5.0
123,4.771419842950009
124,4.7923503253071305
125,3.6010258403799202
126,4.740205601576832
127,4.280282603090761
128,4.280282603090761
129,4.161512635320537
130,4.66348856566589
131,4.66348856566589
132,4.548798767227746
133,4.617680011471424
134,3.695678560802283
135,3.695678560802283
136,4.697655981640833
137,2.5398859424462823
138,2.5398859424462823
139,5.0
140,4.347839280401141
141,4.347839280401141
142,4.716356765376175
143,4.870896877153961
144,4.821811637621963
145,4.821811637621963
146,4.115774031493854
147,4.115774031493854
148,4.32117761271088
149,4.32117761271088
150,4.840036741660668
151,5.000000000000001
152,4.999999999999999
153,4.515305902222341
154,4.515305902222341
155,4.652504097748217
156,5.0
157,5.0
158,4.715793224825516
159,4.715793224825516
160,4.603059398006373
161,3.1059839604454127
162,3.1059839604454127
163,3.1836426297977303
164,3.1836426297977303
165,2.5
166,2.5
167,4.553087551706111
168,4.836819921184604
169,4.892111311656639
170,4.803377041608708
171,4.008933553059434
172,4.895831576579192
173,4.895831576579192
174,5.0
175,4.860661480121304
176,4.922140020329061
177,4.426941643762095
178,4.426941643762095
179,3.264846670745446
180,5.0
181,5.0
182,5.0
183,4.0
184,4.848800680210942
185,4.0
186,4.0
187,4.003346389646278
188,4.003346389646278
189,2.5
190,3.3138607171200745
191,3.3138607171200745
192,4.964327252053134
193,2.4401857664782582
194,2.4401857664782582
195,4.501845846380464
196,2.5
197,2.5
198,3.345229175522704
199,4.842917631723736
200,4.0
201,3.274032347201728
202,3.274032347201728
203,5.0
204,4.395432832242988
205,4.461559559378149
206,4.205530518033935
207,4.471414009483082
208,4.471414009483082
209,4.917379535984937
210,4.917379535984937
211,4.790898817855197
212,4.412329565693599
213,4.412329565693599
214,3.4730221181849066
215,3.4730221181849066
216,5.0
217,5.0
218,4.932597927794766
219,1.0
220,4.0
221,4.068797016931803
222,4.068797016931803
223,4.999999999999999
224,4.999999999999999
225,4.896427482498245
226,2.5
227,4.901234694046927
228,4.0
229,4.0
230,2.738931722199882
231,5.0
232,5.0
233,2.0
234,2.0
235,4.455958112043289
236,4.455958112043289
237,4.372299537060533
238,4.372299537060533
239,4.561880099630521
240,4.561880099630521
241,3.3300165447868664
242,3.829774978210511
243,3.5433119564773206
244,3.5433119564773206
245,4.42418222167614
246,4.0
247,4.0
248,4.065662300600628
249,4.4401627741298375
250,4.389622461754604
251,5.0
252,5.0
253,3.722949030200397
254,4.587306212164976
255,3.0
256,5.0
257,4.26366406188399
258,4.25089019378157
259,4.25089019378157
260,2.8569970706115213
261,4.295026121376607
262,2.0
263,4.172935661335361
264,4.172935661335361
265,4.816211728844861
266,4.816211728844861
267,5.0
268,4.929346213537127
269,2.6614174289434644
270,2.6614174289434644
271,2.5
272,4.0
273,4.495479087859418
274,4.419606872384578
275,3.0335091155761877
276,3.0335091155761877
277,5.0
278,4.0
279,3.7955229290725647
280,3.7955229290725647
281,2.9999999999999996
282,2.9999999999999996
283,3.299451601425045
284,3.299451601425045
285,3.861044221870373
286,4.565857297797041
287,4.565857297797041
288,3.7165338671035486
289,3.7165338671035486
290,3.6103661262808386
291,4.733961012453445
292,3.2956808464789105
293,3.2956808464789105
294,4.451001478159213
295,4.864181704082728
296,5.0
297,4.0
298,4.0
299,4.0
300,4.0
301,4.657295455375482
302,4.699597097576913
303,5.0
304,2.5
305,3.9613865509248116
306,4.150847273242779
307,4.534432663150627
308,4.295652740839451
309,4.111652285962445
310,3.8915694177263505
311,5.0
312,4.414595257507553
313,5.0
314,4.705594647460475
315,5.000000000000001
316,3.0
317,3.0
318,2.5
319,4.717599465608851
320,4.604920532192618
321,4.604920532192618
322,3.6588008356871
323,5.0
324,3.012774287694588
325,4.224492445944185
326,4.224492445944185
327,4.155032301292184
328,4.155032301292184
329,5.0
330,4.490556719892276
331,4.519158651550355
332,4.519158651550355
333,3.707760438805155
334,4.076880376451103
335,4.438275377484646
336,3.4728907490547107
337,4.581245331016795
338,4.999999999999999
339,4.999999999999999
340,1.8089315287593248
341,4.902741941395016
342,3.0546166067488327
343,3.0546166067488327
344,4.046649345655706
345,2.9521889823952856
346,2.9521889823952856
347,3.545620547407822
348,4.999999999999999
349,4.999999999999999
350,2.5
351,4.732278295991336
352,5.0
353,4.197480151015964
354,4.197480151015964
355,5.000000000000001
356,5.000000000000001
357,4.100412996603245
358,4.100412996603245
359,3.453247761300707
360,4.595057269004606
361,4.595057269004606
362,4.550160045661363
363,5.0
364,4.795617878486375
365,4.999999999999999
366,4.5434608571466235
367,4.5434608571466235
368,4.006234978069796
369,4.0
370,5.0
371,4.1791169637700945
372,3.812594230960743
373,3.812594230960743
374,4.818966848638375
375,3.0558297600933764
376,3.0558297600933764
377,4.83916503919295
378,3.983449646154653
379,4.0
380,2.0
381,2.0
382,4.458829351589373
383,4.458829351589373
384,2.5
385,2.8379829496682976
386,2.8379829496682976
387,4.855959826119656
388,4.855959826119656
389,5.0
390,5.0
391,4.688640714007088
392,5.0
393,5.0
394,5.0
395,4.986553468082325
396,5.0
397,3.868611580350119
398,5.0
399,3.7701673837528333
400,3.7701673837528333
401,4.0
402,1.6698826952192085
403,5.0
404,3.526098201509703
405,4.96872497990313
406,4.975363586925125
407,5.0
408,5.0
409,3.252777149904928
410,3.252777149904928
411,4.4184282571231845
412,4.4184282571231845
413,4.76931641518931
414,3.613398672970635
415,5.0
416,5.0
417,4.822435649505983
418,3.6805489393947552
419,3.6805489393947552
420,5.0
421,4.334050046120137
422,4.0
423,4.0
424,3.9661732343300224
425,2.159670622528173
426,4.131255918643266
427,4.999999999999999
428,4.999999999999999
429,5.0
430,3.7761346510151017
431,3.7761346510151017
432,5.0
433,5.0
434,4.64690036027826
435,4.64690036027826
436,4.31652786481975
437,4.217185164088013
438,2.136994902507887
439,2.136994902507887
440,4.0
441,4.1119121167684165
442,3.483229225983669
443,3.0
444,3.9222681878439705
445,3.9818432954262435
446,3.9818432954262435
447,2.501002005574784
448,2.501002005574784
449,4.8397027750130555
450,4.944180570042713
451,1.6856060485395798
452,4.820749990119646
453,4.820749990119646
454,4.442556316366611
455,4.668591145015417
456,4.668591145015417
457,3.0
458,4.723530470742592
459,4.999999999999999
460,3.972292645351845
461,4.5312605675673785
462,4.0
463,3.673591483004592
464,3.5850264438402863
465,3.5850264438402863
466,4.463358215225878
467,2.6541424802106777
468,2.6541424802106777
469,4.0
470,4.0
471,4.999999999999999
472,4.999999999999999
473,4.846415899888446
474,4.846415899888446
475,4.0
476,5.0
477,5.0
478,3.4696817619310747
479,4.0
480,2.5
481,3.7772252888378914
482,4.999999999999998
483,4.5493617448535275
484,4.919924090867075
485,4.630068040519406
486,4.999999999999999
487,4.999999999999999
488,4.917017554881743
489,4.65581610167447
490,4.111168180364551
491,4.111168180364551
492,5.0
493,4.366852783983959
494,4.366852783983959
495,4.548764866709922
496,4.1588213022527185
497,4.1588213022527185
498,4.0112225888964534
499,3.897503356315225
500,4.999999999999999
501,3.552910775226583
502,3.7152654592909347
503,5.0
504,5.0
505,4.0
506,3.43831627602303
507,5.0
508,3.3076289229744624
509,3.3076289229744624
510,4.305827727709858
511,4.123577439872777
512,4.123577439872777
513,3.850032797911653
514,3.850032797911653
515,4.047593247534986
516,4.358770275301664
517,4.794524244731323
518,4.145978953092868
519,3.9688446415897705
520,3.9688446415897705
521,4.691554918862663
522,2.6257473391022197
523,2.6257473391022197
524,4.4185987726816975
525,5.0
526,4.628128107061373
527,4.685983060247536
528,4.931966284265135
529,4.375913621302993
530,2.5
531,3.852842905938352
532,3.852842905938352
533,4.521690561270365
534,3.8950440807523767
535,5.0
536,4.137857111130849
537,4.137857111130849
538,3.84503350207234
539,3.335986346539842
540,5.0
541,4.355337542407878
542,4.355337542407878
543,4.882228157526207
544,2.0078163553510278
545,2.0078163553510278
546,4.643107596609042
547,5.000000000000001
548,4.161856065468893
549,4.564086946933215
550,4.370589759812911
551,4.370589759812911
552,3.757767112463196
553,4.133127304949868
554,3.409156226608904
555,5.0
556,5.0
557,4.752285636497874
558,4.752285636497874
559,4.470024431923553
560,4.483815887528436
561,3.143787941534319
562,3.143787941534319
563,4.0
564,4.0
565,4.439070109391126
566,3.7968919880555574
567,3.8540680872935424
568,3.8540680872935424
569,5.0
570,4.14712863307838
571,4.801968094398486
572,5.0
573,4.155175230434667
574,4.155175230434667
575,2.5
576,2.8648377910633487
577,4.727306827343905
578,4.986879216763647
579,4.479435797462198
580,2.6941041868276767
581,2.6941041868276767
582,4.719726857230575
583,4.678014764783874
584,4.678014764783874
585,5.0
586,2.4402883095236065
587,3.450044590858678
588,4.276740842375303
589,3.816381548232528
590,3.816381548232528
591,4.189773422548573
592,5.0
593,4.93447510871074
594,4.93447510871074
595,4.319070725036703
596,4.319070725036703
597,3.285646933381789
598,4.282468659929201
599,4.282468659929201
600,3.4118946120395743
601,4.257138257528795
602,4.257138257528795
603,4.8808666002967795
604,4.0
605,4.0
606,3.8266207952698164
607,4.99275377629856
608,3.0000000000000004
609,2.5
610,3.9954142949549976
611,3.9954142949549976
612,3.957587834628424
613,4.0
614,4.188012692254636
615,2.5
616,4.449765095031839
617,4.449765095031839
618,2.283224923560982
619,4.150521634509358
620,5.0
621,4.584629893013543
622,4.491156370842275
623,4.998147547277903
624,4.999999999999999
625,4.999999999999999
626,3.632840744753683
627,3.887241798556384
628,5.0
629,4.265848442506571
630,2.5
631,4.2854725239010065
632,4.763319793175395
633,4.22570897622619
634,4.22570897622619
635,4.0
636,4.0
637,4.1196370700715415
638,5.0
639,3.696829050901882
640,3.696829050901882
641,4.620511314156337
642,2.5
643,5.0
644,3.9857822373238663
645,5.0
646,4.999999999999999
647,4.0
648,4.0
649,4.949280557232018
650,4.949280557232018
651,4.0
652,3.4004466723784144
653,4.213098067269626
654,2.5
655,5.0
656,3.5403429621031335
657,4.954117184164649
658,4.885373020582867
659,3.819833079143611
660,3.609921397733264
661,3.609921397733264
662,4.123079096425439
663,4.123079096425439
664,4.788624832605124
665,4.161354832245352
666,4.161354832245352
667,3.225809239246012
668,3.225809239246012
669,5.0
670,2.0
671,2.0
672,4.999999999999999
673,3.4860002538225303
674,3.4860002538225303
675,3.781801781176776
676,4.369872018456864
677,4.801797315766247
678,1.4632146182582555
679,1.4632146182582555
680,4.829370233594623
681,4.899908286617661
682,4.032494250541386
683,3.6452649540982915
684,3.6452649540982915
685,4.829819511636535
686,4.829819511636535
687,4.552348957426754
688,4.552348957426754
689,4.561617494389124
690,4.284206207047338
691,2.318791122307958
692,4.364377931317628
693,4.364377931317628
694,4.59248752049102
695,4.59248752049102
696,3.287214460780917
697,3.287214460780917
698,4.307502990419069
699,3.6205846359895464
700,4.346527721965393
701,3.958381423095648
702,5.0
703,3.449765095031838
704,3.449765095031838
705,4.059891949629354
706,4.477336052624308
707,4.477336052624308
708,3.764553629553655
709,2.9362146026909315
710,2.9362146026909315
711,4.999999999999999
712,3.943375457123089
713,4.916755947836342
714,5.000000000000001
715,3.320371650369108
716,5.0
717,5.0
718,5.0
719,3.6449014858627082
720,3.6449014858627082
721,2.0
722,4.731015657628302
723,2.2391862598050154
724,2.2391862598050154
725,2.675343795056426
726,3.1069591465230646
727,4.551958083044971
728,4.551958083044971
729,2.5
730,3.129299752366848
731,3.129299752366848
732,4.0
733,3.4274883700458303
734,3.4274883700458303
735,3.1830271946055406
736,3.1830271946055406
737,2.0324870929875973
738,2.0324870929875973
739,4.095357310349047
740,4.013164887859462
741,5.0
742,2.0
743,2.0
744,4.2845293492832015
745,2.5
746,4.497131198636027
747,4.497131198636027
748,5.0
749,4.042258389358456
750,4.848820998927535
751,4.848820998927535
752,4.740283177178834
753,2.101754764390083
754,2.101754764390083
755,3.2832855767613713
756,3.2832855767613713
757,2.8394439966146874
758,2.8394439966146874
759,3.0
760,4.6133244306032095
761,4.0
762,4.976479468231247
763,4.870732540786033
764,3.877339845398366
765,2.602891450101293
766,2.5
767,2.5
768,3.675387664453532
769,4.877645829368734
770,4.3051466657405815
771,3.6424032401913755
772,3.6424032401913755
773,4.506789569607634
774,4.506789569607634
775,2.5
776,3.0
777,3.0
778,4.0
779,4.786504555404873
780,3.0000000000000004
781,3.0000000000000004
782,4.153942548747082
783,5.0
784,5.0
785,5.0
786,1.0
787,1.0
788,4.546051340392198
789,4.0
790,4.5279536219054295
791,4.5279536219054295
792,4.91866502809673
793,4.480655397662129
794,3.541223058569399
795,3.541223058569399
796,3.9229277664908127
797,3.9229277664908127
798,4.7367361513362
799,5.0
800,4.999999999999999
801,4.999999999999999
802,5.0
803,3.9818250816276373
804,3.9818250816276373
805,4.042160791364538
806,4.042160791364538
807,5.0
808,4.3598600385732285
809,3.771298201870784
810,3.6977460402764226
811,3.6977460402764226
812,4.0
813,4.659395561153979
814,5.0
815,3.2628411750531945
816,3.2628411750531945
817,3.0
818,2.655485617493703
819,2.655485617493703
820,2.5
821,2.5
822,4.77164771298845
823,4.77164771298845
824,5.000000000000001
825,4.038956595176142
826,4.781069099902523
827,2.5
828,2.5
829,5.0
830,5.0
831,3.9501384342155696
832,3.9501384342155696
833,4.14304298625218
834,4.14304298625218
835,3.9274844467792827
836,4.323134450645372
837,2.6412610289269036
838,4.380175698449327
839,4.724637102739632
840,4.6554210940885685
841,4.446292959767012
842,4.446292959767012
843,5.0
844,4.999999999999999
845,4.005332467026039
846,5.0
847,5.0
848,4.561392276901908
849,1.6176194910110069
850,1.6176194910110069
851,3.341337555709244
852,3.341337555709244
853,5.0
854,5.0
855,4.0647499311863085
856,4.0647499311863085
857,4.685660364764638
858,4.685660364764638
859,4.258403298084271
860,4.217788449681814
861,4.144628419395037
862,4.144628419395037
863,5.0
864,3.644667386289427
865,4.2864731170201775
866,4.2864731170201775
867,3.391317709221739
868,3.391317709221739
869,3.84342712007569
870,4.179697541815759
871,4.179697541815759
872,4.863462472095963
873,4.327606638108283
874,5.0
875,2.0
876,5.0
877,4.529813333587073
878,3.8422918869970553
879,3.8422918869970553
880,5.0
881,3.3742120950107464
882,4.431900929396591
883,4.079954445175068
884,4.079954445175068
885,4.441876657032647
886,4.240309253365644
887,4.240309253365644
888,4.662054558279981
889,3.5787361527351567
890,3.5787361527351567
891,4.703046234693347
892,2.5
893,5.0
894,5.0
895,4.352702650835726
896,2.6948038953295126
897,3.8261248150391634
898,4.612342891132818
899,4.612342891132818
900,4.9384911904131075
901,4.771835388783928
902,4.489804872331441
903,4.489804872331441
904,4.152595227494192
905,4.152595227494192
906,3.862277055227586
907,3.862277055227586
908,5.0
909,3.1556575305017787
910,3.1556575305017787
911,4.999999999999999
912,5.0
913,4.552607769066921
914,4.552607769066921
915,5.0
916,4.67440061395183
917,5.0
918,5.0
919,4.036313670300957
920,4.036313670300957
921,4.089612746780652
922,3.4820912582958656
923,5.000000000000001
924,5.0
925,5.0
926,4.481027233066587
927,4.44656001613195
928,4.2837195227886795
929,3.4672474631946466
930,2.5648701419261113
931,3.8847803539973915
932,3.8847803539973915
933,4.31075067056757
934,4.31075067056757
935,4.349965828672412
936,4.1094694743136495
937,4.1094694743136495
938,5.0
939,4.200301103173878
940,4.200301103173878
941,5.0
942,2.5
943,4.386390927967303
944,4.04222947858337
945,4.04222947858337
946,3.09473978881219
947,4.0
948,2.0
949,4.924868558368962
950,4.972787672796987
951,4.972787672796987
952,4.634383324752759
953,5.000000000000001
954,4.0
955,4.728995762842921
956,4.8452093328174515
957,2.823355103093112
958,4.504796876852428
959,4.504796876852428
960,5.0
961,2.5
962,2.5
963,3.3859306535489573
964,2.129619869046891
965,5.0
966,5.0
967,3.3109732371491005
968,3.3109732371491005
969,4.890642907740595
970,3.6337013657927977
971,4.819777946633254
972,4.151063522331774
973,2.354551599599183
974,2.354551599599183
975,4.516292780837874
976,3.292180763517079
977,3.292180763517079
978,3.816402645494756
979,3.482664640517155
980,4.049537320880738
981,4.049537320880738
982,3.149761671081177
983,4.999999999999999
984,5.0
985,4.580857955261714
986,4.580857955261714
987,2.5
988,4.9028637326645725
989,4.336785868945705
990,4.336785868945705
991,3.9315133357614447
992,3.9315133357614447
993,4.882994919827068
994,4.593849751804401
995,4.593849751804401
996,5.0
997,5.0
998,5.0
999,5.0
1000,4.82139211637925
1001,3.7287254022021292
1002,3.7287254022021292
1003,4.0923595837574
1004,4.2052754434162685
1005,4.390026002224062
1006,4.390026002224062
1007,4.651717085042492
1008,4.651717085042492
1009,3.39733710742009
1010,3.39733710742009
1011,4.783953653562772
1012,4.131130770721361
1013,3.7927064692487598
1014,4.302998465908012
1015,4.355649498904874
1016,3.899600968037391
1017,4.75062549692579
1018,4.18103885177986
1019,2.5
1020,4.62354750457568
1021,3.6158337427902376
1022,3.6158337427902376
1023,4.456797900983307
1024,5.0
1025,4.661271265510184
1026,4.661271265510184
1027,4.0
1028,4.563117273551603
1029,4.563117273551603
1030,5.0
1031,5.0
1032,3.6772940928223328
1033,4.00648313255565
1034,5.0
1035,4.902945630921338
1036,5.0
1037,5.0
1038,3.611631425598639
1039,3.611631425598639
1040,4.5094866964524325
1041,3.8175621798021004
1042,3.8175621798021004
1043,4.515590188271762
1044,3.642107408687741
1045,4.0
1046,4.346909044434106
1047,4.557362159565893
1048,4.557362159565893
1049,4.27992491207036
1050,5.0
1051,5.0
1052,5.0
1053,4.357120055073932
1054,4.224239318897067
1055,4.224239318897067
1056,4.136960042503798
1057,4.216252005476969
1058,3.5192011900141904
1059,4.827324291162949
1060,4.617773129397116
1061,4.0289389807319775
1062,4.771452022749973
1063,4.7069438723815225
1064,3.0000000000000004
1065,4.533415577978797
1066,4.533415577978797
1067,3.300429624017276
1068,5.0
1069,3.9670256910870085
1070,4.461393044256126
1071,4.461393044256126
1072,5.0
1073,5.0
1074,5.0
1075,4.262861891061505
1076,4.262861891061505
1077,4.228531134591146
1078,3.643431819615196
1079,4.368109872041154
1080,4.368109872041154
1081,5.0
1082,2.8430872758472843
1083,2.8430872758472843
1084,4.401894002818524
1085,5.0
1086,5.0
1087,4.907276303283915
1088,3.0
1089,4.240446726774956
1090,4.919880471028554
1091,4.483574793470985
1092,4.483574793470985
1093,5.0
1094,5.0
1095,2.816909607057256
1096,2.816909607057256
1097,2.5952820768688425
1098,2.5952820768688425
1099,3.0
1100,4.814672688968997
1101,5.0
1102,1.6976215312988254
1103,4.5348046609302335
1104,4.607241310686875
1105,3.7581983341135246
1106,3.7581983341135246
1107,4.289818969950538
1108,4.289818969950538
1109,4.409451260465818
1110,3.680617228547581
1111,5.000000000000001
1112,5.0
1113,5.0
1114,3.503713842229268
1115,4.36521003939287
1116,4.36521003939287
1117,4.535165481761877
1118,3.0
1119,4.642551717610925
1120,4.594435740598086
1121,5.0
1122,3.9012801607428833
1123,3.9012801607428833
1124,4.115978252116935
1125,4.115978252116935
1126,3.300578620922052
1127,3.300578620922052
1128,2.5
1129,4.477784886305502
1130,4.477784886305502
1131,4.0
1132,3.48936529574785
1133,3.48936529574785
1134,4.67626653813064
1135,4.520366328683435
1136,2.649945488399627
1137,4.710162855820648
1138,4.710162855820648
1139,3.0
1140,4.999999999999999
1141,4.0
1142,3.2724756741336773
1143,4.823171998869897
1144,4.354878114645367
1145,5.0
1146,5.0
1147,4.751928635630021
1148,5.0
1149,5.0
1150,3.912401375667296
1151,3.912401375667296
1152,4.736759510494775
1153,4.9667405494108054
1154,4.9857934267897726
1155,4.9857934267897726
1156,4.338414204837355
1157,5.0
1158,3.663226803098092
1159,3.663226803098092
1160,5.0
1161,4.344800653741079
1162,4.42788889802645
1163,4.879193519195095
1164,4.879193519195095
1165,5.0
1166,5.0
1167,5.0
1168,3.7234264041367844
1169,5.0
1170,4.373348307458469
1171,4.373348307458469
1172,1.0
1173,1.0
1174,3.0
1175,3.5997354414507887
1176,3.5997354414507887
1177,4.946858432126628
1178,4.0
1179,4.401223303358009
1180,5.0
1181,5.0
1182,5.000000000000001
1183,5.000000000000001
1184,4.251924049053914
1185,5.0
1186,2.0
1187,5.0
1188,3.6095487748583652
1189,4.0
1190,4.0
1191,3.9376805444425287
1192,3.9376805444425287
1193,4.601509273021656
1194,5.0
1195,2.5
1196,4.885741421818884
1197,4.8378811356089795
1198,4.684077585907432
1199,4.509964172477262
1200,4.5295246262093
1201,1.2856539420308541
1202,4.406472541727808
1203,3.443433465892991
1204,4.999999999999999
1205,4.349043124213478
1206,4.349043124213478
1207,4.7206393129901985
1208,4.618126718320832
1209,4.607406077123969
1210,4.0
1211,2.5
1212,4.697301311595377
1213,3.586328351324856
1214,3.586328351324856
1215,3.0000000000000004
1216,4.431113938704919
1217,4.910612322653599
1218,4.527029927680875
1219,5.0
1220,3.0000000000000004
1221,5.0
1222,4.5415869986625514
1223,3.803336105287258
1224,3.7102961721242407
1225,3.4820912582958656
1226,4.495341397921908
1227,4.495341397921908
1228,5.0
1229,4.405841781327746
1230,4.405841781327746
1231,5.0
1232,4.176959061285755
1233,4.890145970986108
1234,4.80073316106188
1235,4.80073316106188
1236,4.64297478538553
1237,5.0
1238,2.0
1239,5.0
1240,4.273603088546976
1241,3.738453875744538
1242,3.738453875744538
1243,4.407586809593926
1244,4.0
1245,4.789076332565972
1246,4.789076332565972
1247,3.75297726390826
1248,4.985880876958658
1249,4.992204585535336
1250,3.98479806246267
1251,4.882227098855415
1252,5.0
1253,5.0
1254,4.999999999999999
1255,4.372878042471407
1256,4.372878042471407
1257,2.5
1258,5.0
1259,5.0
1260,3.791595271078899
1261,3.083881213253951
1262,3.083881213253951
1263,4.467443031780384
1264,4.218606718111171
1265,4.218606718111171
1266,3.775433466709167
1267,3.775433466709167
1268,5.0
1269,3.1027168823703994
1270,3.1027168823703994
1271,4.0
1272,1.7574326867761108
1273,1.7574326867761108
1274,5.0
1275,4.0400947002543175
1276,4.0400947002543175
1277,4.892621213909487
1278,4.197993657041168
1279,3.419391302206689
1280,3.419391302206689
1281,5.000000000000001
1282,4.058715744273069
1283,4.058715744273069
1284,4.507492389036049
1285,4.202745036506625
1286,4.642379998674511
1287,4.642379998674511
1288,2.5
1289,4.920027909018667
1290,4.592026468414096
1291,4.34533665166081
1292,4.863117547943253
1293,4.173875184960836
1294,4.999999999999999
1295,2.5
1296,4.3432072997075695
1297,4.3432072997075695
1298,4.137640260355466
1299,4.137640260355466
1300,5.000000000000001
1301,3.0
1302,3.0
1303,3.8242562073652633
1304,4.1234962053836846
1305,4.425329954987415
1306,3.8912271210218132
1307,3.0
1308,3.657954008368354
1309,4.0
1310,4.043906412663258
1311,4.0
1312,4.0
1313,4.253559573580051
1314,4.253559573580051
1315,4.223608384059229
1316,4.223608384059229
1317,4.32461014881469
1318,4.340604438846021
1319,4.754521880901764
1320,2.0
1321,4.0
1322,4.218489724365044
1323,3.8242528600043784
1324,1.0
1325,1.0
1326,3.3461981204726308
1327,5.0
1328,3.0464303155961323
1329,4.345102117381425
1330,4.345102117381425
1331,3.264846670745446
1332,3.2674381088296696
1333,3.941299803128606
1334,2.6664222118486736
1335,2.6664222118486736
1336,4.1285265556495006
1337,4.102827142834926
1338,5.0
1339,4.300444439776365
1340,4.0
1341,3.3525873767821497
1342,3.628617716422347
1343,3.628617716422347
1344,4.6347184840211995
1345,4.492665698282537
1346,4.522575471148404
1347,4.5651175792522665
1348,3.0
1349,3.0
1350,3.6651541305366058
1351,3.6651541305366058
1352,4.099901646861054
1353,3.790536370973092
1354,2.5
1355,3.6722171712536262
1356,5.0
1357,4.0
1358,4.0
1359,3.9712119450402215
1360,3.9712119450402215
1361,5.000000000000001
1362,4.1313308268050495
1363,4.1313308268050495
1364,4.478249097111032
1365,4.510002197090819
1366,4.510002197090819
1367,4.999999999999999
1368,2.5
1369,4.0
1370,3.7666497986737135
1371,2.5
1372,2.5
1373,3.1319816513473953
1374,4.4280395784385975
1375,4.313026075312165
1376,4.313026075312165
1377,4.0
1378,4.780731114422222
1379,4.335611786103276
1380,5.0
1381,5.0
1382,5.0
1383,4.947976594656817
1384,5.000000000000001
1385,4.0
1386,4.385482272269314
1387,4.681857620720242
1388,4.506767505279969
1389,2.9999999999999996
1390,4.554747296032644
1391,4.640115535381014
1392,5.0
1393,5.0
1394,3.68023920968791
1395,3.68023920968791
1396,4.624213266630695
1397,4.624213266630695
1398,3.8032517414061866
1399,3.8032517414061866
1400,1.0
1401,1.0
1402,3.580473611047375
1403,3.580473611047375
1404,4.784549285273261
1405,5.0
1406,3.3910470253715053
1407,5.0
1408,4.0
1409,2.5261313774738934
1410,2.5261313774738934
1411,3.2312867233245632
1412,3.278834328322459
1413,5.0
1414,3.674943304858139
1415,5.000000000000001
1416,3.9345726997055386
1417,5.0
1418,3.9068004446913394
1419,4.386005093683007
1420,3.262511837286533
1421,4.0
1422,4.757296813485207
1423,4.0
1424,5.0
1425,5.0
1426,3.251218712403869
1427,3.251218712403869
1428,5.000000000000001
1429,4.999999999999999
1430,4.20771303921019
1431,2.5
1432,4.698636825976775
1433,5.000000000000001
1434,4.367196269933405
1435,4.549868387227351
1436,2.5
1437,2.5
1438,4.365904230482077
1439,4.999999999999999
1440,4.742880445421527
1441,4.368514769365748
1442,4.368514769365748
1443,4.533341141747684
1444,1.0
1445,1.0
1446,3.8242528600043784
1447,3.8242528600043784
1448,4.999999999999999
1449,3.8618877398039997
1450,2.5
1451,2.5
1452,2.5
1453,2.5
1454,5.0
1455,4.439861613533812
1456,2.5
1457,4.26627240627783
1458,3.1601451196067107
1459,3.1601451196067107
1460,4.322075234414333
1461,4.322075234414333
1462,5.0
1463,1.8263659291663181
1464,4.532090255644689
1465,4.221851613056636
1466,4.999999999999999
1467,4.999999999999999
1468,4.131255918643266
1469,4.0
1470,3.905087093531584
1471,3.905087093531584
1472,5.0
1473,3.2325318004735086
1474,5.0
1475,5.0
1476,3.436669241727099
1477,3.436669241727099
1478,4.0
1479,2.5
1480,4.052963186288484
1481,3.2060943455685376
1482,4.0
1483,4.276179033241697
1484,4.0
1485,4.0
1486,5.0
1487,5.0
1488,4.711330352574336
1489,5.0
1490,3.979656055536192
1491,3.979656055536192
1492,4.00904357561268
1493,3.646693896122071
1494,3.646693896122071
1495,4.514700176521904
1496,5.0
1497,4.274132716296135
1498,4.570398141244894
1499,3.0
1500,4.207679826865273
1501,4.370175691749657
1502,4.785653081351378
1503,2.5
1504,5.0
1505,5.0
1506,1.0
1507,1.0
1508,4.38414873154587
1509,3.0
1510,3.0
1511,5.0
1512,2.5
1513,4.0
1514,4.1234962053836846
1515,5.0
1516,4.861538781465459
1517,4.43509284836749
1518,3.733075867223792
1519,3.733075867223792
1520,4.442243355129957
1521,4.0
1522,3.4073398600969784
1523,4.0
1524,4.0
1525,3.4119179998621143
1526,4.000486727850094
1527,4.151842689800378
1528,4.790545067598553
1529,5.0
1530,4.999999999999999
1531,2.4258717997051997
1532,4.860392259273062
1533,4.0
1534,4.0
1535,3.0163653127837966
1536,3.8366985816674517
1537,5.0
1538,4.0
1539,3.0
1540,3.0
1541,5.0
1542,5.0
1543,5.000000000000001
1544,4.30471832250402
1545,4.170420090401111
1546,4.0
1547,5.0
1548,5.0
1549,5.0
1550,3.476141312784779
1551,3.476141312784779
1552,4.961552945884728
1553,5.0
1554,2.5
1555,4.009325616012295
1556,4.009325616012295
1557,4.581245331016795
1558,4.786203405545189
1559,4.0
1560,4.537755849056825
1561,3.8491662037811096
1562,4.437761528632844
1563,4.437761528632844
1564,4.0
1565,3.6675536045670523
1566,3.6675536045670523
1567,3.0
1568,4.265408537861992
1569,5.0
1570,4.42898956926573
1571,5.0
1572,5.0
1573,3.0
1574,2.1313764990149737
1575,4.0
1576,1.0
1577,4.0
1578,5.0
1579,3.887874261284529
1580,3.887874261284529
1581,5.0
1582,3.4553150902285674
1583,4.0
1584,2.5
1585,3.964182516591732
1586,5.0
1587,4.94396838217344
1588,4.9914640211721295
1589,4.0
1590,4.3222760282822374
1591,3.6917678467837893
1592,4.897838736667255
1593,4.354792692104706
1594,4.164524281203416
1595,4.713584732548776
1596,4.959087111950091
1597,4.271243934754855
1598,2.5
1599,4.1234962053836846
1600,4.0
1601,4.0
1602,4.489745125125644
1603,4.489745125125644
1604,4.0
1605,4.129735722635307
1606,4.129735722635307
1607,3.8046760171272624
1608,3.8046760171272624
1609,4.244877496707341
1610,4.153989652714291
1611,3.3587759505568187
1612,5.0
1613,4.100858790973514
1614,4.278274944129553
1615,5.0
1616,5.0
1617,4.948706516963666
1618,4.999999999999999
1619,5.000000000000001
1620,4.250972095795772
1621,4.0
1622,4.180248916121223
1623,4.43240258502133
1624,2.366015303271829
1625,2.9999999999999996
1626,5.0
1627,5.0
1628,5.0
1629,4.366528048006221
1630,2.5
1631,3.427009454787494
1632,4.420472243836385
1633,4.0
1634,4.506453991777839
1635,3.4012634270546402
1636,4.254729446755753
1637,3.2122690426314717
1638,4.720028515976261
1639,4.720028515976261
1640,4.328616532999477
1641,2.0
1642,4.0
1643,4.999999999999999
1644,4.487906049432005
1645,5.0
1646,4.0
1647,4.0
1648,2.863314679800354
1649,2.863314679800354
1650,4.0
1651,3.0
1652,4.234268279089062
1653,4.566018975453511
1654,5.0
1655,5.000000000000001
1656,5.000000000000001
1657,5.0
1658,5.0
1659,3.6089621073811164
1660,3.6089621073811164
1661,4.689698194534478
1662,4.495811862121756
1663,4.495811862121756
1664,5.0
1665,4.81083495615446
1666,5.0
1667,4.651199000539627
1668,4.837246769815958
1669,4.9873817142386825
1670,3.2860469127845002
1671,3.2860469127845002
1672,2.5
1673,3.0
1674,3.8529541560669083
1675,3.5565665341070085
1676,4.661853833118089
1677,4.455755012430013
1678,4.30157077469735
1679,3.5203650579387427
1680,3.696829050901882
1681,4.119780394849354
1682,5.0
1683,3.978038025590683
1684,4.8298776909525225
1685,4.8298776909525225
1686,4.929412862753745
1687,4.929412862753745
1688,4.140830092199914
1689,5.0
1690,5.0
1691,4.0
1692,4.506497028001294
1693,3.0
1694,3.0
1695,4.0
1696,4.915968048015752
1697,5.000000000000001
1698,4.959087111950091
1699,4.530781872676106
1700,4.530781872676106
1701,5.0
1702,4.871445848646078
1703,4.0
1704,4.156858490149762
1705,4.156858490149762
1706,5.0
1707,4.254173421070417
1708,4.852164471467417
1709,4.852164471467417
1710,4.501245813899349
1711,4.2091573205067645
1712,5.0
1713,3.5660650883853884
1714,2.9967098980373557
1715,4.0
1716,5.0
1717,2.5
1718,3.5516169907671014
1719,5.0
1720,5.0
1721,5.0
1722,3.5024096284477566
1723,4.351145090971387
1724,4.351145090971387
1725,5.0
1726,5.0
1727,2.5
1728,3.0
1729,5.0
1730,5.0
1731,4.245482849846194
1732,5.0
1733,4.0
1734,4.0
1735,5.0
1736,5.0
1737,3.876228813444234
1738,3.876228813444234
1739,2.5
1740,4.30159540900934
1741,4.5906576064913605
1742,4.5906576064913605
1743,4.0
1744,3.0
1745,3.0
1746,3.929254513314512
1747,3.463396259710607
1748,3.463396259710607
1749,4.784110809300733
1750,2.5
1751,3.7876496463653613
1752,3.7876496463653613
1753,4.612424777474908
1754,4.0
1755,5.0
1756,5.0
1757,3.0
1758,5.0
1759,5.0
1760,3.2717879180727416
1761,5.0
1762,4.0
1763,5.0
1764,3.0
1765,4.0
1766,4.345902391720631
1767,4.345902391720631
1768,2.5
1769,2.0
1770,3.8299750887408863
1771,3.679619254066348
1772,4.060781854872173
1773,4.060781854872173
1774,5.000000000000001
1775,3.8379692317467966
1776,3.8379692317467966
1777,1.0
1778,1.0
1779,4.0
1780,4.795094438008361
1781,4.795094438008361
1782,3.0
1783,5.0
1784,4.681791380786347
1785,4.681791380786347
1786,4.87036929092953
1787,5.0
1788,4.0
1789,4.839484371669823
1790,2.926646602525736
1791,2.926646602525736
1792,5.0
1793,5.0
1794,5.0
1795,4.735993059924132
1796,3.4277410202825656
1797,2.0
1798,4.0
1799,4.886502164190094
1800,4.412036315436745
1801,4.412036315436745
1802,5.000000000000001
1803,5.0
1804,3.0
1805,1.0
1806,3.651031615826632
1807,4.312061471037294
1808,4.312061471037294
1809,4.04188399461249
1810,3.8530927492992935
1811,2.0
1812,2.0
1813,5.0
1814,4.387169910082278
1815,4.999999999999999
1816,4.999999999999999
1817,4.0
1818,4.0
1819,4.0
1820,2.5
1821,4.215310127393711
1822,4.843081153827767
1823,5.0
1824,4.345012517084016
1825,4.345012517084016
1826,4.211739618427059
1827,5.0
1828,5.0
1829,3.927835068373646
1830,4.0
1831,4.13047592696377
1832,4.13047592696377
1833,5.0
1834,5.0
1835,5.0
1836,3.0
1837,4.815873274449751
1838,5.0
1839,5.0
1840,4.65887891912341
1841,4.335670012897786
1842,4.4216628027200935
1843,4.40375290084929
1844,5.000000000000001
1845,5.000000000000001
1846,1.0
1847,1.0
1848,3.0862006200320926
1849,3.0862006200320926
1850,3.526318520768979
1851,2.9520450508299128
1852,2.9520450508299128
1853,5.0
1854,5.0
1855,4.0
1856,5.0
1857,3.684708127626416
1858,4.4394746482042455
1859,4.17863368054618
1860,4.17863368054618
1861,4.34460849088813
1862,5.0
1863,3.915748056266215
1864,4.0
1865,4.428398705168178
1866,4.0
1867,3.7171088971654966
1868,4.5407490530672305
1869,4.5407490530672305
1870,3.6188875219820766
1871,4.33097978897137
1872,4.33097978897137
1873,3.3529461977668285
1874,3.3529461977668285
1875,3.0
1876,5.0
1877,2.8568853219303247
1878,4.8341866258014194
1879,4.999999999999999
1880,4.999999999999999
1881,4.894390726775683
1882,4.894390726775683
1883,4.754661988532108
1884,4.0
1885,3.7407628797016677
1886,3.7407628797016677
1887,5.000000000000001
1888,4.412162048621224
1889,4.412162048621224
1890,5.0
1891,2.0
1892,4.1234962053836846
1893,4.55336175727339
1894,2.5
1895,4.444424817186985
1896,4.0
1897,3.738108392150602
1898,3.738108392150602
1899,4.804264599091561
1900,4.999999999999999
1901,4.999999999999999
1902,5.0
1903,4.362825620037209
1904,5.0
1905,3.2161685733362524
1906,3.2161685733362524
1907,4.2941787868631565
1908,2.5
1909,4.573315940332201
1910,4.999999999999999
1911,4.0
1912,5.0
1913,5.0
1914,4.4192156760686405
1915,5.0
1916,4.981942802431855
1917,4.0
1918,5.0
1919,5.0
1920,4.328609752009057
1921,5.0
1922,3.872326744363751
1923,2.5
1924,4.614148580105058
1925,4.614148580105058
1926,5.0
1927,5.0
1928,4.739040469687196
1929,5.0
1930,4.0
1931,4.0
1932,5.0
1933,5.0
1934,3.0280316754295584
1935,4.126201997524944
1936,4.126201997524944
1937,4.0
1938,4.425985677704454
1939,4.425985677704454
1940,3.2274745780966048
1941,3.2274745780966048
1942,2.5
1943,4.231795117086709
1944,5.0
1945,5.0
1946,5.0
1947,2.249660670601254
1948,4.4566013599819785
1949,2.0
1950,2.0
1951,3.633786740093259
1952,4.0
1953,2.5
1954,2.5
1955,5.0
1956,5.0
1957,4.246835665054636
1958,5.0
1959,5.0
1960,4.999999999999999
1961,2.5
1962,5.0
1963,5.0
1964,5.0
1965,5.0
1966,4.433964616496338
1967,4.433964616496338
1968,4.040912888049909
1969,3.881960029115698
1970,3.881960029115698
1971,3.8221892922459175
1972,1.6669451636566142
1973,1.0
1974,1.0
1975,3.0
1976,5.0
1977,4.742165414447415
1978,4.9530725848926345
1979,4.9530725848926345
1980,5.0
1981,4.3374508500523
1982,5.0
1983,5.0
1984,5.0
1985,4.458081817087769
1986,5.0
1987,4.0
1988,4.2508642553964435
1989,4.385521515267489
1990,4.283405756040245
1991,4.283405756040245
1992,4.0
1993,5.0
1994,5.0
1995,5.0
1996,4.045308862134177
1997,4.0
1998,2.5
1999,2.5
2000,4.999999999999999
2001,4.999999999999999
2002,4.39094411459008
2003,4.39094411459008
2004,4.322472230992027
2005,4.656205056187014
2006,4.264730700108895
2007,4.0
2008,4.7643600951412575
2009,4.999999999999999
2010,5.0
2011,3.0
2012,3.5560210103267336
2013,4.913087352381189
2014,4.913087352381189
2015,5.0
2016,4.731536743810433
2017,3.9116935376670643
2018,3.9116935376670643
2019,4.806571168673543
2020,1.0
2021,3.8722062333439156
2022,5.0
2023,5.0
2024,5.0
2025,5.0
2026,5.000000000000001
2027,4.0
2028,5.0
2029,3.0
2030,4.381576136227757
2031,4.381576136227757
2032,1.0
2033,4.999999999999999
2034,3.7410829362152214
2035,3.7410829362152214
2036,4.515443054789144
2037,4.515443054789144
2038,3.7185375059782
2039,4.467960072125061
2040,5.0
2041,5.0
2042,4.0
2043,4.574463838114762
2044,3.9045810210086143
2045,3.790212481058671
2046,3.038902057405631
2047,3.038902057405631
2048,5.0
2049,5.0
2050,2.5
2051,2.5
2052,4.0
2053,2.5
2054,4.115562824917952
2055,4.520266830093864
2056,5.0
2057,5.0
2058,5.0
2059,2.5
2060,5.000000000000001
2061,4.054140917317745
2062,4.054140917317745
2063,4.730190579764951
2064,4.730190579764951
2065,4.0
2066,1.0
2067,4.0
2068,2.5
2069,4.0
2070,4.999999999999999
2071,1.993629656788946
2072,1.993629656788946
2073,4.7404090695215615
2074,2.5
2075,3.0820493643084315
2076,5.0
2077,2.5
2078,4.769901974570178
2079,4.769901974570178
2080,4.0
2081,4.0
2082,5.0
2083,4.35342456599225
2084,2.5
2085,4.554990211111017
2086,4.6669517930424655
2087,3.299899970655778
2088,2.921215064912933
2089,4.524048731825068
2090,4.11361312328817
2091,4.0
2092,4.564269176900749
2093,3.0
2094,5.0
2095,5.0
2096,4.999999999999999
2097,4.403668411125181
2098,2.5
2099,2.5
2100,5.0
2101,5.0
2102,3.0
2103,2.5
2104,3.392368261342303
2105,3.8643112194018214
2106,4.971679714503393
2107,3.255028623767293
2108,3.255028623767293
2109,1.0
2110,1.0
2111,4.557362159565893
2112,4.026693934559287
2113,4.0
2114,2.5
2115,5.0
2116,5.0
2117,3.9445591862588674
2118,3.9445591862588674
2119,5.0
2120,5.0
2121,5.0
2122,4.994111703298808
2123,5.0
2124,4.999999999999999
2125,4.999999999999999
2126,4.80667445185715
2127,3.0
2128,3.0
2129,5.0
2130,5.0
2131,3.0
2132,2.5
2133,5.0
2134,4.0
2135,5.0
2136,5.0
2137,4.4893824192469785
2138,3.0
2139,2.5
2140,5.000000000000001
2141,2.8114408892496154
2142,4.91270421967488
2143,4.0
2144,4.241451824660963
2145,4.995814527060182
2146,4.0
2147,5.0
2148,3.838166751157363
2149,5.0
2150,5.0
2151,5.0
2152,2.9999999999999996
2153,3.7322498339248042
2154,3.7322498339248042
2155,4.500929865065113
2156,3.4758716754423875
2157,4.4223300203862355
2158,2.5
2159,3.539157109780045
2160,3.539157109780045
2161,4.901791369452916
2162,5.0
2163,4.0
2164,4.246512316730979
2165,4.999999999999999
2166,4.814885562820435
2167,4.59492920007607
2168,4.59492920007607
2169,2.5
2170,4.331485116390035
2171,5.0
2172,5.0
2173,4.702567446964051
2174,5.0
2175,4.999999999999999
2176,4.0
2177,4.0
2178,4.0
2179,4.0
2180,2.5
2181,4.0
2182,3.7758858932336796
2183,4.0
2184,3.964182516591732
2185,3.98044421830729
2186,5.0
2187,4.110508447126969
2188,4.110508447126969
2189,4.229823916650073
2190,5.0
2191,4.7635149638404375
2192,4.7635149638404375
2193,4.0
2194,5.0
2195,5.0
2196,4.0
2197,4.409265822441384
2198,4.0
2199,4.816829830679554
2200,5.0
2201,4.180253218280495
2202,5.0
2203,2.5
2204,5.0
2205,4.0
2206,4.324697354590123
2207,4.8370627476245955
2208,4.8370627476245955
2209,4.999999999999999
2210,4.999999999999999
2211,4.212269042631472
2212,5.0
2213,5.0
2214,5.0
2215,4.0
2216,1.0
2217,5.000000000000001
2218,5.000000000000001
2219,3.581567183072733
2220,1.0
2221,1.0
2222,5.0
2223,5.0
2224,3.8687831721840307
2225,3.5582307147482304
2226,4.791891683422956
2227,4.791891683422956
2228,4.0
2229,5.0
2230,3.7887814535513655
2231,5.0
2232,5.0
2233,4.8248924088019445
2234,5.0
2235,3.0
2236,2.5
2237,5.0
2238,5.0
2239,5.0
2240,4.560614583525526
2241,5.0
2242,3.3719324759597398
2243,2.5
2244,4.0
2245,2.7900118265783878
2246,4.619041790920818
2247,4.619041790920818
2248,4.0
2249,5.0
2250,5.0
2251,4.056685175506043
2252,4.0
2253,3.2708319973473365
2254,2.5
2255,4.874228730594666
2256,5.0
2257,5.0
2258,4.801129271986446
2259,2.5
2260,5.0
2261,4.0843442816019575
2262,5.0
2263,3.2657166876792747
2264,5.0
2265,4.186579929534509
2266,5.0
2267,2.5
2268,2.5
2269,4.0
2270,5.0
2271,4.497885667722329
2272,1.5934469107627935
2273,2.5
2274,4.853823690887893
2275,4.756137983810343
2276,4.0
2277,5.0
2278,4.8693103186688
2279,4.8693103186688
2280,4.5664113870832646
2281,2.5
2282,4.408905751839991
2283,5.0
2284,5.0
2285,2.5
2286,2.2188421160984833
2287,3.0
2288,2.5
2289,4.621553287079917
2290,4.507492389036049
2291,3.457945072035711
2292,4.273751623103094
2293,4.273751623103094
2294,5.0
2295,4.484717650723978
2296,4.484717650723978
2297,5.0
2298,1.0
2299,5.0
2300,5.0
2301,5.0
2302,2.5
2303,3.4295628572215304
2304,2.942620386837963
2305,4.053788679839559
2306,4.999999999999999
2307,2.5
2308,2.5
2309,4.0
2310,5.0
2311,4.0
2312,3.0
2313,4.999999999999999
2314,3.740773143215047
2315,2.5
2316,5.0
2317,4.0
2318,4.0
2319,5.0
2320,3.0
2321,3.0
2322,4.2091573205067645
2323,4.999999999999999
2324,4.999999999999999
2325,4.0
2326,5.0
2327,2.825299674539296
2328,3.5251922906723756
2329,5.0
2330,4.0
2331,5.0
2332,3.0
2333,2.5
2334,5.0
2335,5.0
2336,5.0
2337,2.878607561926644
2338,4.70845129141756
2339,2.5
2340,1.0
2341,2.5
2342,5.0
2343,4.591910909460719
2344,4.591910909460719
2345,4.0
2346,4.0
2347,5.0
2348,2.5
2349,4.0
2350,2.5
2351,5.0
2352,5.0
2353,5.0
2354,5.0
2355,4.0
2356,4.0
2357,4.0
2358,4.266706048915574
2359,4.0
2360,2.165756909919288
2361,5.0
2362,4.999999999999999
2363,5.0
2364,4.0
2365,4.821545964630363
2366,5.0
2367,4.184709959345127
2368,3.2766986998305576
2369,3.2766986998305576
2370,1.0
2371,4.717083239383414
2372,2.958493093922843
2373,2.958493093922843
2374,5.000000000000001
2375,5.000000000000001
2376,4.260980183851459
2377,4.0
2378,5.0
2379,5.0
2380,3.0
2381,4.860392259273062
2382,3.0
2383,3.4173759938712385
2384,4.518327184944383
2385,2.0
2386,2.0
2387,1.0
2388,5.000000000000001
2389,4.224590609489303
2390,4.224590609489303
2391,5.0
2392,3.6564817736081574
2393,4.793062011864588
2394,2.586355446071512
2395,3.6125225212052374
2396,4.819895503835099
2397,3.049550241897775
2398,3.049550241897775
2399,5.0
2400,4.5747263091138475
2401,4.5747263091138475
2402,2.8581341265002806
2403,4.999999999999999
2404,4.999999999999999
2405,4.0
2406,4.0
2407,3.0
2408,4.800967719045487
2409,5.0
2410,5.0
2411,5.0
2412,5.000000000000001
2413,5.0
2414,5.000000000000001
2415,2.5
2416,5.0
2417,5.000000000000001
2418,5.0
2419,4.0
2420,4.806870863998525
2421,2.5
2422,5.0
2423,5.0
2424,4.0
2425,4.0
2426,4.0
2427,4.999999999999999
2428,3.677008627925496
2429,3.677008627925496
2430,5.0
2431,1.0
2432,4.999999999999999
2433,5.0
2434,5.0
2435,4.502301919928874
2436,2.0
2437,4.999999999999999
2438,4.999999999999999
2439,2.5
2440,5.0
2441,3.9916569972664364
2442,5.0
2443,5.0
2444,5.0
2445,4.0
2446,5.0
2447,4.999999999999999
2448,3.0
2449,5.0
2450,3.9344454489979697
2451,3.9344454489979697
2452,2.5
2453,4.094747226023211
2454,4.699630955769843
2455,4.26708172335064
2456,2.5
2457,5.0
2458,4.461750630910326
2459,3.628522932056643
2460,3.628522932056643
2461,2.5
2462,4.784079660363843
2463,5.0
2464,4.020868139023922
2465,5.0
2466,2.5
2467,4.225292313098798
2468,3.883970529845016
2469,2.9999999999999996
2470,5.000000000000001
2471,3.779348978478371
2472,5.0
2473,2.5
2474,3.606134521315736
2475,3.0
2476,5.0
2477,5.0
2478,4.392411873055544
2479,5.0
2480,5.0
2481,2.3624177553840835
2482,2.0
2483,2.0
2484,2.5
2485,4.0
2486,4.249316059066631
2487,2.5
2488,3.0
2489,2.5
2490,2.5
2491,4.491868928399004
2492,5.0
2493,3.0
2494,2.5
2495,2.0
2496,2.0
2497,3.9620544661331727
2498,5.0
2499,5.0
2500,4.560128115229505
2501,4.263601248179841
2502,4.263601248179841
2503,2.492853681712661
2504,3.767206318491776
2505,3.856232849431368
2506,4.0
2507,2.5
2508,5.0
2509,2.5
2510,2.5
2511,5.0
2512,4.4200688757703155
2513,3.4698128118073894
2514,5.0
2515,5.0
2516,3.5714247148241602
2517,3.5714247148241602
2518,4.2081386008123784
2519,4.887599560428373
2520,3.5479868751666084
2521,4.999999999999999
2522,5.0
2523,3.0
2524,4.0
2525,5.0
2526,5.0
2527,5.0
2528,4.173099060236315
2529,4.0
2530,5.0
2531,1.0
2532,5.0
2533,4.0
2534,4.0
2535,5.0
2536,3.916446877768783
2537,4.0
2538,3.5985257065032648
2539,4.0
2540,3.0
2541,5.0
2542,5.0
2543,1.0
2544,1.0
2545,3.8895391241918276
2546,3.8895391241918276
2547,5.0
2548,4.999999999999999
2549,5.0
2550,4.999999999999999
2551,5.0
2552,5.0
2553,5.0
2554,5.0
2555,5.0
2556,4.460935737516432
2557,4.460935737516432
2558,5.0
2559,3.2122690426314717
2560,5.0
2561,4.895611198117122
2562,2.5
2563,3.6914432625157647
2564,2.5
2565,4.0
2566,3.0
2567,2.5
2568,2.5
2569,4.0
2570,2.5
2571,2.5
2572,5.0
2573,4.0
2574,5.0
2575,5.0
2576,2.427087010294841
2577,4.0
2578,5.0
2579,4.860883741723801
2580,4.860883741723801
2581,5.0
2582,2.5
2583,5.000000000000001
2584,5.0
2585,5.0
2586,2.3440489503678843
2587,2.5
2588,4.0
2589,4.0
2590,2.5
2591,5.0
2592,4.480655397662129
2593,4.0
2594,5.0
2595,3.0699390420385817
2596,1.0
2597,5.0
2598,4.0
2599,4.0
2600,5.0
2601,3.620504761877436
2602,5.0
2603,5.0
2604,5.0
2605,4.0
2606,1.0
2607,5.0
2608,5.0
2609,5.0
2610,5.0
2611,5.0
2612,2.695094389565911
2613,4.999999999999999
2614,5.0
2615,2.5
2616,3.6333562652647
2617,5.0
2618,5.0
2619,5.0
2620,5.0
2621,5.0
2622,3.0
2623,5.0
2624,5.0
2625,5.0
2626,5.0
2627,5.0
2628,1.0
2629,2.5
2630,4.428398705168178
2631,4.0
2632,4.0
2633,5.0
2634,5.0
2635,5.0
2636,2.5
2637,2.5
2638,2.5
2639,4.0
2640,4.449564826456702
2641,3.5407380026131468
2642,5.0
2643,4.0
2644,2.1437327836761084
2645,2.1437327836761084
2646,3.8803623232569007
2647,3.0
2648,4.0
2649,4.3432072997075695
2650,4.999999999999999
2651,4.266408665268544
2652,4.266408665268544
2653,4.756187279914722
2654,4.531164428711805
2655,5.0
2656,5.0
2657,2.5
2658,4.640136162223821
2659,4.640136162223821
2660,4.0
2661,4.0
2662,4.245389216056101
2663,4.0
2664,3.0
2665,5.0
2666,5.0
2667,4.0
2668,5.0
2669,5.0
2670,4.0
2671,2.0
2672,5.0
2673,5.0
2674,3.7068046634357517
2675,3.7068046634357517
2676,4.0
2677,4.0
2678,4.212269042631472
2679,5.0
2680,5.0
2681,2.5
2682,4.549306302334299
2683,2.6376604528478156
2684,5.0
2685,2.5
2686,5.0
2687,5.0
2688,4.0
2689,4.0
2690,4.215093495834013
2691,1.0
2692,4.0
2693,5.0
2694,5.0
2695,2.0
2696,4.482091258295866
2697,4.0
2698,5.0
2699,3.0
2700,5.0
2701,5.0
2702,4.318791122307958
2703,2.5
2704,2.5
2705,4.2052754434162685
2706,3.0
2707,4.0
2708,4.0
2709,3.534893625752772
2710,2.5
2711,4.0
2712,2.0
2713,2.0
2714,4.0
2715,2.5
2716,5.0
2717,4.500929865065113
2718,2.5
2719,2.5
2720,4.823387075334128
2721,5.0
2722,5.0
2723,4.0
2724,2.5
2725,5.0
2726,5.0
2727,2.733899175459085
2728,2.733899175459085
2729,3.0
2730,5.0
2731,4.0
2732,4.0
2733,5.0
2734,2.5
2735,5.0
2736,5.0
2737,5.0
2738,5.0
2739,4.0
2740,2.5
2741,2.592338062748264
2742,2.5
2743,3.0
2744,5.0
2745,4.323962720732674
2746,4.0
2747,2.5
2748,5.0
2749,4.0
2750,5.0
2751,3.0
2752,4.957577350094893
2753,2.5
2754,5.0
2755,5.0
2756,5.0
2757,4.387120235360655
2758,5.0
2759,4.0
2760,4.0
2761,5.0
2762,3.606134521315736
2763,3.2724756741336773
2764,3.2724756741336773
2765,2.5
2766,5.0
2767,5.0
2768,5.0
2769,5.0
2770,5.0
2771,2.5
2772,1.0
2773,5.0
2774,5.0
2775,5.0
2776,2.5
2777,5.0
2778,5.0
2779,5.0
2780,3.0
2781,5.0
2782,4.0
2783,4.0
2784,5.0
2785,2.5
2786,4.529159517831286
2787,3.0
2788,4.0
2789,5.0
2790,3.0
2791,5.0
2792,5.0
2793,2.5
2794,5.0
2795,4.0
2796,5.0
2797,3.673269965519701
2798,5.0
2799,5.0
2800,4.0
2801,5.0
2802,4.0
2803,4.0
2804,2.5
2805,2.5
2806,4.0
2807,5.0
2808,4.558736546260164
2809,5.0
2810,5.0
2811,1.0
2812,1.0
2813,1.0
2814,2.5
2815,1.0
2816,3.0
2817,3.0
2818,2.5
2819,4.5111229108306565
2820,5.0
2821,5.0
2822,4.0
2823,4.0
2824,2.5
2825,5.0
2826,5.000000000000001
2827,5.000000000000001
2828,2.5
2829,5.0
2830,5.0
2831,2.5
2832,2.5
2833,5.0
2834,4.6692951964050335
2835,2.5
2836,2.5
2837,2.5
2838,2.5
2839,5.0
2840,5.0
2841,5.0
2842,5.000000000000001
2843,5.0
2844,2.5
2845,4.999999999999999
2846,4.0
2847,5.0
2848,5.0
2849,2.5
2850,2.5
2851,5.0
2852,4.999999999999999
2853,4.508406785052377
2854,5.0
2855,4.0
2856,4.999999999999999
2857,3.0
2858,5.0
2859,4.455682627343028
2860,5.0
2861,4.0
2862,5.000000000000001
2863,5.0
2864,5.0
2865,1.0
2866,1.0
2867,5.0
2868,1.0
2869,1.0
2870,5.0
2871,5.0
2872,5.0
2873,3.0000000000000004
2874,3.0000000000000004
2875,2.5
2876,5.0
2877,2.5
2878,5.0
2879,2.5
2880,2.5
2881,1.0
2882,3.0979545661174206
2883,4.0
2884,2.5
2885,5.0
2886,2.5
2887,5.0
2888,5.0
2889,2.5
2890,4.0
2891,3.7220208218048314
2892,4.284206775174483
2893,4.284206775174483
2894,5.0
2895,2.5
2896,2.5
2897,2.5
2898,5.0
2899,4.875389051740145
2900,5.0
2901,5.0
2902,1.0
2903,2.5
2904,5.0
2905,5.000000000000001
2906,5.000000000000001
2907,2.5
2908,5.0
2909,2.5
2910,2.5
2911,4.0
2912,4.0
2913,5.0
2914,5.0
2915,2.5
2916,1.0
2917,4.0
2918,3.224025972299507
2919,4.0
2920,4.0
2921,2.5
2922,2.5
2923,5.000000000000001
2924,5.0
2925,5.0
2926,4.0
2927,2.5
2928,2.5
2929,5.0
2930,4.447651042573246
2931,2.644997738808285
2932,5.0
2933,3.5781934935732616
2934,5.0
2935,5.0
2936,5.0
2937,5.0
2938,4.33335707614865
2939,2.5
2940,4.0
2941,5.0
2942,3.0000000000000004
2943,3.278834328322459
2944,5.0
2945,5.0
2946,2.5
2947,2.5
2948,3.0
2949,2.8237554476531783
2950,3.0
2951,5.0
2952,4.0
2953,5.0
2954,5.0
2955,5.0
2956,5.0
2957,5.0
2958,2.5
2959,3.3473648353794614
2960,5.0
2961,2.5
2962,2.5
2963,2.5
2964,5.0
2965,4.0
2966,5.0
2967,5.0
2968,1.0
2969,5.0
2970,5.0
2971,2.5
2972,5.0
2973,5.0
2974,2.5
2975,2.5
2976,2.5
2977,2.5
2978,2.5
2979,4.0
2980,2.5
2981,5.0
2982,2.5
2983,5.0
2984,5.0
2985,4.0
2986,5.0
2987,5.000000000000001
2988,5.0
2989,2.9999999999999996
2990,2.5
2991,5.0
2992,2.5
2993,5.0
2994,4.0
2995,2.5
2996,4.0
2997,5.0
2998,5.0
2999,5.0
3000,2.5
3001,2.5
3002,5.0
3003,2.5
3004,2.5
3005,4.0
3006,2.5
3007,1.0
3008,4.0
3009,5.0
3010,5.0
3011,5.0
3012,4.0
3013,2.0
3014,4.0
3015,4.0
3016,5.0
3017,2.5
3018,4.0
3019,2.5
3020,4.0
3021,2.5
3022,2.5
3023,2.0
3024,2.0
3025,4.0
3026,5.0
3027,4.0
3028,5.0
3029,4.0
3030,5.0
3031,5.0
3032,5.0
3033,2.5
3034,3.0
3035,2.5
3036,5.0
3037,5.0
3038,2.5
3039,4.0
3040,4.0
3041,4.0
3042,3.0
3043,2.5
3044,2.5
3045,2.5
3046,2.5
3047,2.5
3048,2.5
3049,2.5
3050,2.5
3051,2.5
3052,2.5
3053,2.5
3054,2.5
3055,2.5
3056,2.5
3057,2.5
3058,2.5
3059,2.5
3060,2.5
3061,2.5
3062,2.5
3063,2.5
3064,2.5
3065,2.5
3066,2.5
3067,2.5
3068,2.5
3069,2.5
3070,2.5
3071,2.5
3072,2.5
3073,2.5
3074,2.5
3075,2.5
3076,2.5
3077,2.5
3078,2.5
3079,2.5
3080,2.5
3081,2.5
3082,2.5
3083,2.5
3084,2.5
3085,2.5
3086,2.5
3087,2.5
3088,2.5
3089,2.5
3090,2.5
3091,2.5
3092,2.5
3093,2.5
3094,2.5
3095,2.5
3096,2.5
3097,2.5
3098,2.5
3099,2.5
3100,2.5
3101,2.5
3102,2.5
3103,2.5
3104,2.5
3105,2.5
3106,2.5
3107,2.5
3108,2.5
3109,2.5
3110,2.5
3111,2.5
3112,2.5
3113,2.5
3114,2.5
3115,2.5
3116,2.5
3117,2.5
3118,2.5
3119,2.5
3120,2.5
3121,2.5
3122,2.5
3123,2.5
3124,2.5
3125,2.5
3126,2.5
3127,2.5
3128,2.5
3129,2.5
3130,2.5
3131,2.5
3132,2.5
3133,2.5
3134,2.5
3135,2.5
3136,2.5
3137,2.5
3138,2.5
3139,2.5
3140,2.5
3141,2.5
3142,2.5
3143,2.5
3144,2.5
3145,2.5
3146,2.5
3147,2.5
3148,2.5
3149,2.5
3150,2.5
3151,2.5
3152,2.5
3153,2.5
3154,2.5
3155,2.5
3156,2.5
3157,2.5
3158,2.5
3159,2.5
3160,2.5
3161,2.5
3162,2.5
3163,2.5
3164,2.5
3165,2.5
3166,2.5
3167,2.5
3168,2.5
3169,2.5
3170,2.5
3171,2.5
3172,2.5
3173,2.5
3174,2.5
3175,2.5
3176,2.5
3177,2.5
3178,2.5
3179,2.5
3180,2.5
3181,2.5
3182,2.5
3183,2.5
3184,2.5
3185,2.5
3186,2.5
3187,2.5
3188,2.5
3189,2.5
3190,2.5
3191,2.5
3192,2.5
3193,2.5
3194,2.5
3195,2.5
3196,2.5
3197,2.5
3198,2.5
3199,2.5
3200,2.5
3201,2.5
3202,2.5
3203,2.5
3204,2.5
3205,2.5
3206,2.5
3207,2.5
3208,2.5
3209,2.5
3210,2.5
3211,2.5
3212,2.5
3213,2.5
3214,2.5
3215,2.5
3216,2.5
3217,2.5
3218,2.5
3219,2.5
3220,2.5
3221,2.5
3222,2.5
3223,2.5
3224,2.5
3225,2.5
3226,2.5
3227,2.5
3228,2.5
3229,2.5
3230,2.5
3231,2.5
3232,2.5
3233,2.5
3234,2.5
3235,2.5
3236,2.5
3237,2.5
3238,2.5
3239,2.5
3240,2.5
3241,2.5
3242,2.5
3243,2.5
3244,2.5
3245,2.5
3246,2.5
3247,2.5
3248,2.5
3249,2.5
3250,2.5
3251,2.5
3252,2.5
3253,2.5
3254,2.5
3255,2.5
3256,2.5
3257,2.5
3258,2.5
3259,2.5
3260,2.5
3261,2.5
3262,2.5
3263,2.5
3264,2.5
3265,2.5
3266,2.5
3267,2.5
3268,2.5
3269,2.5
3270,2.5
3271,2.5
3272,2.5
3273,2.5
3274,2.5
3275,2.5
3276,2.5
3277,2.5
3278,2.5
3279,2.5
3280,2.5
3281,2.5
3282,2.5
3283,2.5
3284,2.5
3285,2.5
3286,2.5
3287,2.5
3288,2.5
3289,2.5
3290,2.5
3291,2.5
3292,2.5
3293,2.5
3294,2.5
3295,2.5
3296,2.5
3297,2.5
3298,2.5
3299,2.5
3300,2.5
3301,2.5
3302,2.5
3303,2.5
3304,2.5
3305,2.5
3306,2.5
3307,2.5
3308,2.5
3309,2.5
3310,2.5
3311,2.5
3312,2.5
3313,2.5
3314,2.5
3315,2.5
3316,2.5
3317,2.5
3318,2.5
3319,2.5
3320,2.5
3321,2.5
3322,2.5
3323,2.5
3324,2.5
3325,2.5
3326,2.5
3327,2.5
3328,2.5
3329,2.5
3330,2.5
3331,2.5
3332,2.5
3333,2.5
3334,2.5
3335,2.5
3336,2.5
3337,2.5
3338,2.5
3339,2.5
3340,2.5
3341,2.5
3342,2.5
3343,2.5
3344,2.5
3345,2.5
3346,2.5
3347,2.5
3348,2.5
3349,2.5
3350,2.5
3351,2.5
3352,2.5
3353,2.5
3354,2.5
3355,2.5
3356,2.5
3357,2.5
3358,2.5
3359,2.5
3360,2.5
3361,2.5
3362,2.5
3363,2.5
3364,2.5
3365,2.5
3366,2.5
3367,2.5
3368,2.5
3369,2.5
3370,2.5
3371,2.5
3372,2.5
3373,2.5
3374,2.5
3375,2.5
3376,2.5
3377,2.5
3378,2.5
3379,2.5
3380,2.5
3381,2.5
3382,2.5
3383,2.5
3384,2.5
3385,2.5
3386,2.5
3387,2.5
3388,2.5
3389,2.5
3390,2.5
3391,2.5
3392,2.5
3393,2.5
3394,2.5
3395,2.5
3396,2.5
3397,2.5
3398,2.5
3399,2.5
3400,2.5
3401,2.5
3402,2.5
3403,2.5
3404,2.5
3405,2.5
3406,2.5
3407,2.5
3408,2.5
3409,2.5
3410,2.5
3411,2.5
3412,2.5
3413,2.5
3414,2.5
3415,2.5
3416,2.5
3417,2.5
3418,2.5
3419,2.5
3420,2.5
