,0
0,5.0
1,4.8211551740847005
2,3.4499578547553376
3,5.000000000000001
4,4.890658867223369
5,4.999999999999999
6,4.648676472991055
7,4.648676472991055
8,5.000000000000001
9,4.135072328991538
10,4.135072328991538
11,4.498260280154952
12,4.498260280154952
13,5.0
14,5.0
15,5.0
16,5.0
17,3.984270570373927
18,3.984270570373927
19,4.453359224012742
20,4.453359224012742
21,5.0
22,5.0
23,5.000000000000001
24,5.0
25,4.7673181102535915
26,4.7673181102535915
27,4.943261039482947
28,4.872889759612165
29,4.694905935829343
30,4.694905935829343
31,4.370900678913232
32,5.0
33,4.940298912942794
34,4.940298912942794
35,4.573363620913719
36,4.096199011406832
37,4.096199011406832
38,4.846802983578551
39,5.000000000000001
40,5.000000000000001
41,4.34033363844992
42,5.0
43,5.0
44,4.0
45,5.0
46,4.999999999999999
47,4.583885324163797
48,4.926527667674213
49,5.0
50,4.999999999999999
51,3.7244562898951443
52,3.7244562898951443
53,3.0000000000000004
54,4.727359590973385
55,4.727359590973385
56,4.965091696590363
57,5.0
58,5.0
59,4.325805904944211
60,5.0
61,4.681851181138973
62,4.681851181138973
63,4.7851777618438165
64,4.727285298379248
65,4.416237794667737
66,4.416237794667737
67,4.46502078924515
68,5.000000000000001
69,5.0
70,4.250019339483443
71,5.0
72,3.777683884427444
73,3.777683884427444
74,5.0
75,5.0
76,4.961500867531546
77,5.000000000000001
78,3.5208664882926293
79,3.5208664882926293
80,4.0
81,4.0
82,5.0
83,5.0
84,5.0
85,5.0
86,5.0
87,4.317976202884095
88,4.317976202884095
89,4.0
90,5.0
91,4.600212320216053
92,4.151262294936919
93,4.151262294936919
94,4.727310049778714
95,4.810375489540674
96,4.0
97,2.5
98,5.000000000000001
99,5.0
100,5.0
101,5.000000000000001
102,4.0
103,5.0
104,4.664979059729751
105,4.552650551530377
106,4.552650551530377
107,4.6024957043903525
108,4.897774417165007
109,4.897774417165007
110,4.768093634153148
111,4.999999999999999
112,5.0
113,5.0
114,5.0
115,5.0
116,5.0
117,4.845151125111591
118,4.880375636954084
119,4.880375636954084
120,4.625939400725061
121,5.0
122,5.0
123,5.000000000000001
124,4.929209290489804
125,4.376542949926722
126,4.978241257304762
127,4.879959115200519
128,4.879959115200519
129,5.0
130,4.823413143891601
131,4.823413143891601
132,5.000000000000001
133,5.0
134,4.371195248791747
135,4.371195248791747
136,4.999999999999999
137,2.104119042868415
138,2.104119042868415
139,5.0
140,4.371195248791747
141,4.371195248791747
142,5.0
143,4.869728999221549
144,4.913437671475909
145,4.913437671475909
146,4.470823164098538
147,4.470823164098538
148,4.289425568309777
149,4.289425568309777
150,5.0
151,5.000000000000001
152,5.0
153,4.539493997217447
154,4.539493997217447
155,4.98949638507625
156,5.0
157,5.0
158,4.726064715306584
159,4.726064715306584
160,5.0
161,4.110475672668625
162,4.110475672668625
163,3.460089762625851
164,3.460089762625851
165,2.5
166,2.5
167,4.759322171388439
168,4.895765237194645
169,4.87589715658986
170,4.9298640124010475
171,4.671312887160153
172,5.0
173,5.0
174,5.000000000000001
175,5.0
176,5.0
177,4.742148609420066
178,4.742148609420066
179,3.471356892121169
180,4.0
181,5.0
182,5.0
183,4.830409102890947
184,5.000000000000002
185,5.0
186,5.0
187,4.079959472178398
188,4.079959472178398
189,2.5
190,4.060200103867724
191,4.060200103867724
192,5.000000000000001
193,2.7932147591453913
194,2.7932147591453913
195,4.644042100668647
196,2.5
197,2.5
198,5.0
199,4.872334722555989
200,4.0
201,4.1814192781648245
202,4.1814192781648245
203,5.0
204,4.37361279413811
205,4.982102506470905
206,5.000000000000001
207,4.775829010656276
208,4.775829010656276
209,4.910739974783909
210,4.910739974783909
211,5.0
212,4.517420050606784
213,4.517420050606784
214,3.7704200432790036
215,3.7704200432790036
216,5.0
217,5.0
218,5.000000000000001
219,4.0
220,5.000000000000001
221,4.740138364138744
222,4.740138364138744
223,4.908765224781314
224,4.908765224781314
225,5.000000000000001
226,2.5
227,4.995249770483838
228,4.0
229,4.0
230,4.902156449915077
231,5.0
232,5.0
233,2.0
234,2.0
235,4.70386446787051
236,4.70386446787051
237,4.442267192399066
238,4.442267192399066
239,4.826359044418361
240,4.826359044418361
241,5.0
242,4.0
243,4.098702281755082
244,4.098702281755082
245,5.0
246,4.0
247,5.0
248,4.9547400192908855
249,4.7063339192215015
250,4.41462294933251
251,5.0
252,5.0
253,4.471045829093284
254,5.0
255,4.0
256,5.000000000000001
257,4.448158630200251
258,4.486891825158576
259,4.486891825158576
260,4.510041809248987
261,4.706237433447977
262,4.003891440298765
263,4.464477762347875
264,4.464477762347875
265,4.776743360893309
266,4.776743360893309
267,5.0
268,5.000000000000001
269,4.789883560146646
270,4.789883560146646
271,2.5
272,4.0
273,5.0
274,5.000000000000001
275,3.6783928224646263
276,3.6783928224646263
277,5.0
278,5.0
279,4.367314697693718
280,4.367314697693718
281,3.0
282,3.0
283,3.578513454182921
284,3.578513454182921
285,4.597628234454898
286,4.618109273117361
287,4.618109273117361
288,4.035767397655399
289,4.035767397655399
290,3.569269955444475
291,4.764216017531295
292,3.8146352702954394
293,3.8146352702954394
294,4.582425268471241
295,4.5181826822237365
296,5.0
297,5.0
298,4.0
299,4.0
300,4.0
301,4.835288946197142
302,4.736302070196732
303,5.0
304,2.5
305,4.741113034304929
306,5.0
307,4.538806022600822
308,5.000000000000001
309,4.056218887453277
310,4.4207647135256405
311,5.0
312,4.315505408115469
313,5.0
314,5.0
315,5.0
316,3.0
317,3.0
318,2.5
319,4.8919012223142335
320,4.880481502892245
321,4.880481502892245
322,4.851379134940436
323,5.0
324,4.458963947099184
325,3.913848807987405
326,3.913848807987405
327,4.385441061234917
328,4.385441061234917
329,5.0
330,5.0
331,5.0
332,5.0
333,4.855113924777991
334,4.225225264754013
335,5.0
336,4.489876302359337
337,4.630070779964658
338,5.0
339,5.0
340,4.184510444420535
341,4.999999999999999
342,3.5668850011781976
343,3.5668850011781976
344,4.735751198680154
345,4.241766206555438
346,4.241766206555438
347,4.280482586095777
348,5.0
349,5.0
350,2.5
351,4.999999999999999
352,5.0
353,4.30989264805001
354,4.30989264805001
355,5.0
356,5.0
357,5.0
358,5.0
359,4.543678609415046
360,4.677979562417446
361,4.677979562417446
362,4.696763103558434
363,5.0
364,5.0
365,5.0
366,4.9035082512909165
367,4.9035082512909165
368,4.575579196736487
369,5.0
370,5.0
371,4.9741973770504355
372,4.5578113955003365
373,4.5578113955003365
374,4.9092660514595226
375,3.054339259130938
376,3.054339259130938
377,4.759000557408491
378,4.258165177588043
379,5.0
380,3.0
381,3.0
382,4.792218296322239
383,4.792218296322239
384,2.5
385,5.0
386,5.0
387,4.744360951929312
388,4.744360951929312
389,4.747834937360743
390,5.0
391,4.730299356567444
392,5.0
393,5.0
394,5.0
395,4.97492745705645
396,5.0
397,5.0
398,5.0
399,3.658493935688711
400,3.658493935688711
401,4.999999999999999
402,4.306105182752213
403,5.0
404,4.091837330922813
405,5.0
406,5.000000000000001
407,5.0
408,5.0
409,4.999999999999999
410,4.999999999999999
411,4.506661503752808
412,4.506661503752808
413,5.000000000000001
414,3.964669961303562
415,5.0
416,5.0
417,5.0
418,4.427049668598582
419,4.427049668598582
420,5.0
421,4.667811315146713
422,4.757520404214516
423,4.757520404214516
424,4.4312897249574466
425,5.000000000000001
426,4.1509873719297685
427,5.0
428,5.0
429,5.0
430,3.92722062388105
431,3.92722062388105
432,5.0
433,5.0
434,5.0
435,5.0
436,5.0
437,4.7804550613815175
438,2.525147624688819
439,2.525147624688819
440,5.0
441,4.317589617116246
442,5.000000000000001
443,3.0
444,4.913966881534166
445,4.007243780713889
446,4.007243780713889
447,4.0
448,4.0
449,4.811977435626944
450,5.0
451,2.5857014037819095
452,4.88622488263208
453,4.88622488263208
454,4.339456780111707
455,4.821703227726812
456,4.821703227726812
457,4.0
458,4.8852821116421765
459,5.0
460,4.0
461,4.764726548082573
462,5.0
463,4.408877086670569
464,4.176997635564532
465,4.176997635564532
466,5.000000000000001
467,2.8762694479498045
468,2.8762694479498045
469,4.2005079869843716
470,5.0
471,5.0
472,5.0
473,5.0
474,5.0
475,5.0
476,5.0
477,5.0
478,4.0
479,5.0
480,2.5
481,4.199709070752253
482,5.0
483,4.270687029683578
484,4.999999999999999
485,4.935175144288585
486,5.0
487,5.0
488,4.9426222209355615
489,4.650133559483661
490,4.873389001924087
491,4.873389001924087
492,5.0
493,4.941281580481245
494,4.941281580481245
495,5.0
496,4.526074066221376
497,4.526074066221376
498,3.9539269702145172
499,4.750628956452793
500,5.000000000000001
501,4.921584644352606
502,4.831239441821251
503,5.0
504,5.0
505,4.0
506,5.0
507,5.0
508,3.9770697252519387
509,3.9770697252519387
510,4.858449117132698
511,5.0
512,5.0
513,4.0922709737442515
514,4.0922709737442515
515,4.540012205184224
516,4.0
517,4.761800420477228
518,4.904811855735442
519,4.250597977213894
520,4.250597977213894
521,5.0
522,3.5391495688053296
523,3.5391495688053296
524,5.0
525,4.999999999999999
526,4.9184310623856975
527,4.595271672332226
528,5.0
529,5.000000000000001
530,2.5
531,3.5800018055040654
532,3.5800018055040654
533,4.9097886265590365
534,5.0
535,5.0
536,5.0
537,5.0
538,4.907365767941226
539,4.253103445414341
540,5.0
541,4.332201422756339
542,4.332201422756339
543,5.0
544,4.6842906312325
545,4.6842906312325
546,4.7631838024585
547,5.0
548,5.0
549,4.894464453931281
550,4.469837222226313
551,4.469837222226313
552,4.472238414089101
553,4.314804231156591
554,3.9106980100895425
555,5.0
556,5.0
557,5.0
558,5.0
559,4.84997212779576
560,4.8673448239402015
561,3.439337593370652
562,3.439337593370652
563,4.0
564,4.0
565,4.879938965405432
566,4.999999999999999
567,4.294319418755052
568,4.294319418755052
569,5.0
570,5.0
571,4.0
572,5.0
573,4.879013125913751
574,4.879013125913751
575,2.5
576,4.1535044452451055
577,4.434150427881218
578,5.0
579,4.935336322358359
580,3.4822750739191295
581,3.4822750739191295
582,4.824061554789975
583,4.654431286911426
584,4.654431286911426
585,5.0
586,4.126469155998226
587,3.6857006259149645
588,5.0
589,4.330226920424474
590,4.330226920424474
591,4.170261142165316
592,5.0
593,4.796820305381521
594,4.796820305381521
595,4.867391158371622
596,4.867391158371622
597,3.5676135975658703
598,4.434142908896515
599,4.434142908896515
600,4.678929742624605
601,4.670050108968534
602,4.670050108968534
603,5.000000000000001
604,5.0
605,5.0
606,4.642542524242788
607,5.000000000000001
608,4.451647062300975
609,2.5
610,3.9777450272544264
611,3.9777450272544264
612,4.954898593733665
613,4.605675597499838
614,5.0
615,2.5
616,4.465254235207441
617,4.465254235207441
618,4.3575738729167215
619,4.349327406346588
620,4.89111160063427
621,4.999999999999999
622,4.0
623,4.993935911492669
624,4.999999999999999
625,4.999999999999999
626,5.0
627,5.000000000000001
628,5.0
629,4.128164124870202
630,2.5
631,4.25885688016027
632,4.942064684852701
633,4.174887612330118
634,4.174887612330118
635,4.0
636,4.0
637,4.999999999999999
638,5.0
639,4.0
640,4.0
641,4.800407459578231
642,2.5
643,5.0
644,4.982052084107515
645,4.999999999999999
646,4.999999999999999
647,4.0
648,4.0
649,4.955152612935035
650,4.955152612935035
651,4.0
652,4.147504011417384
653,4.789681898594166
654,2.5
655,5.0
656,4.0
657,5.0
658,3.94974282108864
659,4.111337572259445
660,3.4012274923189674
661,3.4012274923189674
662,5.0
663,5.0
664,5.0
665,4.261862588774135
666,4.261862588774135
667,4.477300264502456
668,4.477300264502456
669,5.0
670,2.0
671,2.0
672,5.0
673,3.6621549730211456
674,3.6621549730211456
675,5.000000000000001
676,4.586993446682381
677,4.963012729318425
678,1.5370643340852124
679,1.5370643340852124
680,4.754561649852534
681,4.999999999999999
682,4.680871903678554
683,4.873344471111802
684,4.873344471111802
685,4.876936203574358
686,4.876936203574358
687,4.572281026373111
688,4.572281026373111
689,5.0
690,5.0
691,3.515941624667108
692,5.000000000000001
693,5.000000000000001
694,4.919644239977447
695,4.919644239977447
696,5.0
697,5.0
698,4.294914487565577
699,4.440691302665203
700,5.0
701,4.213751230997439
702,4.999999999999999
703,5.0
704,5.0
705,4.9408312854426875
706,5.0
707,5.0
708,4.591717272003054
709,3.215680825805638
710,3.215680825805638
711,5.000000000000001
712,4.261972867199476
713,5.000000000000001
714,5.0
715,3.684397861319195
716,5.0
717,5.0
718,4.999999999999999
719,3.660040886946194
720,3.660040886946194
721,4.0
722,5.000000000000001
723,4.162651770472379
724,4.162651770472379
725,4.45297200084181
726,5.000000000000001
727,5.0
728,5.0
729,2.5
730,4.0223222203743605
731,4.0223222203743605
732,5.0
733,3.869123379061332
734,3.869123379061332
735,4.0
736,4.0
737,2.9920113214619244
738,2.9920113214619244
739,4.14102727944065
740,4.815584899354173
741,4.999999999999999
742,2.0
743,2.0
744,4.4066429768146875
745,2.5
746,4.626142174418384
747,4.626142174418384
748,5.0
749,4.482463192431364
750,4.7947810527020565
751,4.7947810527020565
752,4.237588873004744
753,3.3523666180715073
754,3.3523666180715073
755,4.838911121375597
756,4.838911121375597
757,3.5693418145610356
758,3.5693418145610356
759,4.0
760,5.0
761,4.0
762,5.0
763,4.559358374714593
764,4.387963687207003
765,3.7703736100100884
766,2.5
767,2.5
768,5.0
769,4.916396647665933
770,4.454854122262134
771,4.540518871238607
772,4.540518871238607
773,4.999999999999999
774,4.999999999999999
775,2.5
776,5.0
777,5.0
778,4.999999999999999
779,5.0
780,5.0
781,5.0
782,4.674284599016665
783,5.0
784,5.0
785,5.0
786,5.0
787,5.0
788,4.861408018448164
789,4.0
790,4.6111605374246425
791,4.6111605374246425
792,4.973949297591284
793,5.0
794,4.537811204091596
795,4.537811204091596
796,3.960339340655961
797,3.960339340655961
798,4.921605846010617
799,5.0
800,5.0
801,5.0
802,5.0
803,4.111453757004974
804,4.111453757004974
805,4.043668731372039
806,4.043668731372039
807,5.0
808,4.685819935628707
809,5.0
810,4.274622079320678
811,4.274622079320678
812,4.2873646154830745
813,4.628985406166778
814,5.000000000000001
815,4.378397238486706
816,4.378397238486706
817,3.0
818,3.5495547006948853
819,3.5495547006948853
820,2.5
821,2.5
822,4.754030176617269
823,4.754030176617269
824,5.000000000000001
825,4.44930601661505
826,4.7462874843865155
827,2.5
828,2.5
829,5.000000000000001
830,5.000000000000001
831,4.013290183529033
832,4.013290183529033
833,4.2660098032858915
834,4.2660098032858915
835,5.0
836,4.78143428190517
837,3.984545956940438
838,4.528181967449323
839,5.0
840,4.984378048309251
841,4.578778775408954
842,4.578778775408954
843,5.0
844,5.000000000000001
845,4.650950926137509
846,4.0
847,5.0
848,4.587610682888839
849,4.179021444695071
850,4.179021444695071
851,4.338427687588155
852,4.338427687588155
853,5.0
854,5.0
855,4.0154973795073765
856,4.0154973795073765
857,4.675428394410461
858,4.675428394410461
859,4.546147087128441
860,5.000000000000001
861,4.202964991584694
862,4.202964991584694
863,5.0
864,3.9973414408847012
865,5.000000000000001
866,5.000000000000001
867,3.7341767683576172
868,3.7341767683576172
869,4.653764853627231
870,4.496561010907781
871,4.496561010907781
872,4.999999999999999
873,4.34605667835648
874,5.0
875,3.0
876,5.0
877,4.684290231417266
878,4.173127109311689
879,4.173127109311689
880,5.000000000000001
881,4.312047128369187
882,5.000000000000001
883,4.775807099057583
884,4.775807099057583
885,4.999999999999999
886,5.0
887,5.0
888,5.0
889,3.6650188961402588
890,3.6650188961402588
891,5.0
892,2.5
893,5.0
894,5.0
895,4.612445833117743
896,3.8347409211617074
897,5.0
898,4.62097515240503
899,4.62097515240503
900,4.999999999999999
901,5.000000000000001
902,4.812997890579278
903,4.812997890579278
904,4.1511322596198985
905,4.1511322596198985
906,4.35530458451006
907,4.35530458451006
908,5.0
909,4.310841800594076
910,4.310841800594076
911,5.000000000000001
912,5.0
913,4.902724081979559
914,4.902724081979559
915,5.0
916,5.0
917,5.0
918,5.0
919,4.165486933701303
920,4.165486933701303
921,4.529202059244654
922,4.0
923,4.999999999999999
924,5.0
925,5.0
926,4.481404384744318
927,4.532291504768584
928,4.289039252547616
929,4.385131972849139
930,3.9073814279319006
931,4.36435379231623
932,4.36435379231623
933,4.281460277808363
934,4.281460277808363
935,4.333845995074683
936,5.0
937,5.0
938,5.0
939,4.581954967113943
940,4.581954967113943
941,5.000000000000001
942,2.5
943,5.0
944,4.388484247802459
945,4.388484247802459
946,5.0
947,4.778226239090636
948,5.0
949,4.940089942936513
950,4.958630706518912
951,4.958630706518912
952,4.939661861280381
953,5.000000000000001
954,5.0
955,4.999999999999999
956,4.0
957,3.0101732686952385
958,4.490431138578099
959,4.490431138578099
960,5.0
961,2.5
962,2.5
963,4.239770282997543
964,4.424217569829802
965,4.999999999999999
966,4.999999999999999
967,3.6379387584864133
968,3.6379387584864133
969,5.0
970,4.0
971,4.553270906803883
972,4.584360313182571
973,2.782713110761698
974,2.782713110761698
975,4.999999999999999
976,3.4901845203688238
977,3.4901845203688238
978,4.720150182759552
979,4.752564394798621
980,4.0229537440330265
981,4.0229537440330265
982,4.89269562462567
983,4.999999999999999
984,5.0
985,4.0
986,4.0
987,2.5
988,5.0
989,4.650081988791795
990,4.650081988791795
991,4.398667732163502
992,4.398667732163502
993,5.0
994,4.58476054939159
995,4.58476054939159
996,5.0
997,4.0
998,5.0
999,5.0
1000,5.000000000000001
1001,3.857142610051444
1002,3.857142610051444
1003,4.950402789653445
1004,4.999999999999999
1005,4.3246434276690255
1006,4.3246434276690255
1007,4.895364508603902
1008,4.895364508603902
1009,3.7236344903213947
1010,3.7236344903213947
1011,4.999999999999999
1012,4.552045382676488
1013,4.70592658215807
1014,5.0
1015,4.5040432346856285
1016,4.409954712059389
1017,4.727388911570538
1018,5.0
1019,2.5
1020,4.545557459294028
1021,4.2929080906614985
1022,4.2929080906614985
1023,5.000000000000001
1024,5.0
1025,4.999999999999999
1026,4.999999999999999
1027,5.0
1028,4.892969681845164
1029,4.892969681845164
1030,4.386627840431366
1031,5.0
1032,4.0845438183972425
1033,5.000000000000001
1034,5.0
1035,4.919449460032673
1036,5.0
1037,5.0
1038,4.163242262104128
1039,4.163242262104128
1040,4.845385803048293
1041,4.957176734381544
1042,4.957176734381544
1043,5.0
1044,5.000000000000001
1045,5.0
1046,4.651861354257538
1047,5.0
1048,5.0
1049,4.481273346632986
1050,5.0
1051,5.0
1052,5.0
1053,5.0
1054,4.942489470004015
1055,4.942489470004015
1056,4.0
1057,4.779600565141456
1058,4.436076980342359
1059,4.43037810101499
1060,5.0
1061,4.111012551514639
1062,4.999999999999999
1063,5.000000000000001
1064,4.0
1065,4.893574554845761
1066,4.893574554845761
1067,4.3106288181175625
1068,5.0
1069,4.722598856927134
1070,4.704630100447946
1071,4.704630100447946
1072,5.0
1073,5.0
1074,5.0
1075,4.347257740490311
1076,4.347257740490311
1077,4.4615590095457485
1078,4.3445045434872585
1079,4.468949094327084
1080,4.468949094327084
1081,5.0
1082,3.0479795866335273
1083,3.0479795866335273
1084,5.000000000000001
1085,5.0
1086,5.0
1087,5.0
1088,4.0
1089,5.0
1090,4.93296550120189
1091,5.0
1092,5.0
1093,5.0
1094,5.0
1095,3.7490027663767127
1096,3.7490027663767127
1097,4.535182587652216
1098,4.535182587652216
1099,3.0
1100,4.9445534840362395
1101,5.0
1102,4.144651972201406
1103,5.0
1104,4.816493818347414
1105,3.954763709071124
1106,3.954763709071124
1107,4.403560291663625
1108,4.403560291663625
1109,4.531929307179082
1110,4.42127428664584
1111,5.0
1112,5.0
1113,5.0
1114,5.0
1115,4.734299415223328
1116,4.734299415223328
1117,5.0
1118,4.0
1119,4.827021282774776
1120,4.604302872826386
1121,5.0
1122,4.647694908132752
1123,4.647694908132752
1124,4.35037133262459
1125,4.35037133262459
1126,4.557741420566715
1127,4.557741420566715
1128,2.5
1129,4.758810149037733
1130,4.758810149037733
1131,4.0
1132,5.0
1133,5.0
1134,4.999999999999999
1135,4.797104236331137
1136,3.806275943664309
1137,5.0
1138,5.0
1139,4.0
1140,5.0
1141,3.0
1142,4.165809481992457
1143,5.0
1144,4.399856393996631
1145,4.999999999999999
1146,4.999999999999999
1147,5.0
1148,5.000000000000001
1149,5.000000000000001
1150,4.239256468545247
1151,4.239256468545247
1152,4.677344798714621
1153,4.8739467798927345
1154,4.999999999999999
1155,4.999999999999999
1156,4.347114216516905
1157,5.0
1158,4.73596965302429
1159,4.73596965302429
1160,4.973174519992459
1161,4.776096986809387
1162,5.0
1163,4.832632254487098
1164,4.832632254487098
1165,5.0
1166,5.0
1167,5.000000000000001
1168,3.906227895914059
1169,5.0
1170,4.427405137144023
1171,4.427405137144023
1172,1.0
1173,1.0
1174,3.0
1175,4.0243891890122905
1176,4.0243891890122905
1177,4.9546014301705394
1178,4.629681451631346
1179,5.0
1180,5.0
1181,5.0
1182,5.0
1183,5.0
1184,5.0
1185,5.0
1186,4.742325158030376
1187,5.0
1188,3.7821649251976477
1189,4.8335444824717495
1190,4.8335444824717495
1191,3.672858822637422
1192,3.672858822637422
1193,5.0
1194,5.0
1195,2.5
1196,4.90100889340418
1197,5.0
1198,5.0
1199,4.2968589265929085
1200,4.999999999999999
1201,3.5651951373823665
1202,4.774424582495743
1203,4.0
1204,4.435695567819733
1205,5.0
1206,5.0
1207,4.7906254068374
1208,5.0
1209,4.917178308415435
1210,5.0
1211,2.5
1212,4.757520404214516
1213,3.5511681359177034
1214,3.5511681359177034
1215,4.0
1216,5.0
1217,5.000000000000001
1218,4.576312699265781
1219,5.0
1220,5.0
1221,5.0
1222,4.668709012345239
1223,4.332220623672296
1224,4.564501210333075
1225,4.0
1226,4.488462676059347
1227,4.488462676059347
1228,5.0
1229,4.403641655610104
1230,4.403641655610104
1231,5.0
1232,4.356975505376047
1233,4.999999999999999
1234,4.597528227977386
1235,4.597528227977386
1236,4.832494153746784
1237,5.000000000000001
1238,5.0
1239,5.0
1240,4.298631464387685
1241,5.000000000000001
1242,5.000000000000001
1243,4.563789794804222
1244,5.0
1245,5.0
1246,5.0
1247,4.159667513607573
1248,5.0
1249,5.0
1250,4.024867851803353
1251,4.859891604845482
1252,5.0
1253,5.0
1254,5.0
1255,4.402816183230421
1256,4.402816183230421
1257,2.5
1258,5.0
1259,5.0
1260,4.692167937827906
1261,4.2522774945809365
1262,4.2522774945809365
1263,4.541154177253381
1264,4.6504394793992425
1265,4.6504394793992425
1266,4.531500042604112
1267,4.531500042604112
1268,5.0
1269,3.4902986198345753
1270,3.4902986198345753
1271,5.0
1272,3.531372143179246
1273,3.531372143179246
1274,5.0
1275,4.442083212233923
1276,4.442083212233923
1277,5.0
1278,5.0
1279,3.4703659729445477
1280,3.4703659729445477
1281,5.000000000000001
1282,4.188856155042361
1283,4.188856155042361
1284,4.505751339790562
1285,5.0
1286,4.695798566291524
1287,4.695798566291524
1288,2.5
1289,4.700132077511314
1290,4.336653651651914
1291,4.3235385563177795
1292,4.855915943124858
1293,4.425909424003757
1294,5.0
1295,2.5
1296,4.49257496877303
1297,4.49257496877303
1298,4.20862264787221
1299,4.20862264787221
1300,5.0
1301,5.0
1302,5.0
1303,3.9761237834559213
1304,3.278225255867748
1305,5.0
1306,4.931404632390976
1307,4.0
1308,4.9157723055759455
1309,5.0
1310,4.923794798788271
1311,4.0
1312,4.0
1313,4.671173819992296
1314,4.671173819992296
1315,4.24749080287356
1316,4.24749080287356
1317,4.441768997209334
1318,5.0
1319,5.0
1320,3.0000000000000004
1321,4.0
1322,4.670339849812893
1323,5.0
1324,5.0
1325,5.0
1326,4.158718903150161
1327,5.000000000000001
1328,3.7373651755741952
1329,4.344271513743236
1330,4.344271513743236
1331,5.0
1332,4.011828853973861
1333,5.0
1334,2.805032461466845
1335,2.805032461466845
1336,4.896696810135932
1337,4.7021336487227
1338,5.0
1339,4.91992647151831
1340,4.0
1341,4.7036445638162805
1342,3.6624720537946107
1343,3.6624720537946107
1344,4.211601350269214
1345,4.525542133218798
1346,4.784068513034476
1347,4.521155303777483
1348,5.0
1349,5.0
1350,3.9309821077258853
1351,3.9309821077258853
1352,4.4105629445938455
1353,3.825079394226669
1354,2.5
1355,4.37252372040406
1356,5.0
1357,4.0
1358,4.0
1359,4.0
1360,4.0
1361,5.0
1362,4.4434823541433985
1363,4.4434823541433985
1364,4.664902368120997
1365,4.576939271037734
1366,4.576939271037734
1367,5.000000000000001
1368,2.5
1369,4.0
1370,4.329785625971577
1371,2.5
1372,2.5
1373,4.64537497961664
1374,4.820000529266985
1375,4.3055362107384365
1376,4.3055362107384365
1377,5.0
1378,4.999999999999999
1379,4.391299709640371
1380,5.0
1381,5.0
1382,5.0
1383,5.0
1384,5.000000000000001
1385,4.0
1386,5.0
1387,4.544032826825787
1388,4.891400288831886
1389,3.7524267351452667
1390,4.563813479541091
1391,5.0
1392,5.0
1393,5.0
1394,3.9106000811092017
1395,3.9106000811092017
1396,4.854082813247671
1397,4.854082813247671
1398,4.2592800703796305
1399,4.2592800703796305
1400,1.0
1401,1.0
1402,3.6386905509391174
1403,3.6386905509391174
1404,4.897774417165007
1405,5.0
1406,4.009361876958149
1407,5.0
1408,5.0
1409,4.0
1410,4.0
1411,4.462327511160651
1412,4.0
1413,5.0
1414,4.347630372179321
1415,5.0
1416,4.627167346520796
1417,5.0
1418,5.0
1419,5.0
1420,4.1509873719297685
1421,4.0
1422,5.0
1423,4.598284732650334
1424,5.0
1425,5.0
1426,3.7359478774738455
1427,3.7359478774738455
1428,5.0
1429,4.999999999999999
1430,4.185296815056403
1431,2.5
1432,4.676034731997703
1433,5.0
1434,4.629487660933637
1435,5.0
1436,2.5
1437,2.5
1438,4.326306005947165
1439,5.0
1440,4.999999999999999
1441,4.677032745932602
1442,4.677032745932602
1443,4.816152586719342
1444,4.0
1445,4.0
1446,5.0
1447,5.0
1448,4.999999999999999
1449,4.999999999999999
1450,2.5
1451,2.5
1452,2.5
1453,2.5
1454,5.0
1455,4.680758501906747
1456,2.5
1457,4.414001273892863
1458,4.086155961356216
1459,4.086155961356216
1460,4.499216068250308
1461,4.499216068250308
1462,5.0
1463,3.3979028855911353
1464,5.0
1465,4.791205956659063
1466,5.0
1467,5.0
1468,4.1509873719297685
1469,5.0
1470,3.8690935443126655
1471,3.8690935443126655
1472,5.0
1473,4.276744926526781
1474,5.0
1475,5.0
1476,4.88143875109289
1477,4.88143875109289
1478,4.0
1479,2.5
1480,4.341310427498131
1481,4.616971973078306
1482,5.0
1483,4.763359731242715
1484,4.463034811848628
1485,4.0
1486,5.0
1487,5.0
1488,5.000000000000001
1489,5.0
1490,4.0
1491,4.0
1492,3.9973972871556342
1493,3.586862254757978
1494,3.586862254757978
1495,4.566136054988827
1496,5.000000000000001
1497,4.822316720406042
1498,4.491721333530409
1499,4.0
1500,4.464094439234062
1501,5.0
1502,4.999999999999999
1503,2.5
1504,5.0
1505,5.0
1506,4.151799048316786
1507,4.151799048316786
1508,4.62370271971394
1509,3.0
1510,3.0
1511,5.0
1512,2.5
1513,5.0
1514,4.139112627933874
1515,5.0
1516,4.610112809062917
1517,4.440755891639371
1518,3.921953151767623
1519,3.921953151767623
1520,4.842738574523055
1521,5.0
1522,4.431561105197415
1523,5.0
1524,5.0
1525,3.8680362985014662
1526,4.273794957959462
1527,4.327725879176241
1528,4.876818732008943
1529,5.0
1530,5.0
1531,4.3946083685260335
1532,5.0
1533,3.7013685356123145
1534,5.0
1535,4.5738078252724605
1536,4.2237531676737206
1537,5.0
1538,4.0
1539,5.0
1540,5.0
1541,5.0
1542,5.0
1543,4.999999999999999
1544,5.000000000000001
1545,4.500767823286353
1546,4.465254235207441
1547,5.0
1548,5.0
1549,5.0
1550,4.187967118889013
1551,4.187967118889013
1552,4.9014074230177025
1553,5.0
1554,2.5
1555,4.020357163185764
1556,4.020357163185764
1557,5.0
1558,5.0
1559,5.0
1560,5.0
1561,4.530690964516255
1562,4.6339050834480515
1563,4.6339050834480515
1564,5.0
1565,4.581324423451458
1566,4.581324423451458
1567,4.0
1568,4.649064980262058
1569,5.0
1570,4.443153983783283
1571,5.0
1572,5.0
1573,4.0
1574,2.43957178099613
1575,5.0
1576,5.0
1577,4.0
1578,5.0
1579,3.2781943041594657
1580,3.2781943041594657
1581,5.0
1582,4.020993400307894
1583,5.0
1584,2.5
1585,4.483319284918445
1586,5.0
1587,4.936961987277667
1588,4.965512991768408
1589,4.0
1590,4.651032828937921
1591,3.8084541264113176
1592,4.920846387701781
1593,4.346243173921234
1594,4.821384809969538
1595,4.856894580524509
1596,5.0
1597,4.342575206655176
1598,2.5
1599,4.139112627933874
1600,3.5834444398006515
1601,3.5834444398006515
1602,4.902741253578793
1603,4.902741253578793
1604,5.0
1605,4.659075634542872
1606,4.659075634542872
1607,3.917489045512712
1608,3.917489045512712
1609,4.302480683998007
1610,5.0
1611,3.7946866687286405
1612,5.0
1613,4.0
1614,4.627379042410064
1615,5.0
1616,5.0
1617,5.0
1618,5.0
1619,5.000000000000001
1620,5.0
1621,5.0
1622,4.891195333621033
1623,4.622808341084631
1624,4.999999999999999
1625,4.0
1626,5.0
1627,5.000000000000001
1628,5.0
1629,4.88501722390973
1630,2.5
1631,4.276397588075878
1632,4.362819378655911
1633,5.0
1634,4.705471938737862
1635,3.3173541879006323
1636,4.867733147988386
1637,3.584992140904571
1638,4.710713730484056
1639,4.710713730484056
1640,5.0
1641,3.0000000000000004
1642,5.0
1643,5.000000000000001
1644,4.490731191159514
1645,5.0
1646,4.114555276572811
1647,4.114555276572811
1648,4.249620412169908
1649,4.249620412169908
1650,5.0
1651,4.0
1652,4.329682667823356
1653,5.0
1654,4.513301522566572
1655,5.0
1656,5.0
1657,5.0
1658,4.0
1659,4.0
1660,4.0
1661,5.0
1662,4.4192697682137885
1663,4.4192697682137885
1664,5.0
1665,4.925434624689867
1666,4.999999999999999
1667,5.0
1668,5.0
1669,5.0
1670,4.104947248606048
1671,4.104947248606048
1672,2.5
1673,5.0
1674,4.17366687190819
1675,4.0
1676,5.0
1677,5.000000000000001
1678,4.80217192169705
1679,4.064708349839562
1680,4.0
1681,4.158669496110791
1682,5.0
1683,4.443885304261551
1684,5.0
1685,5.0
1686,4.939796842000094
1687,4.939796842000094
1688,5.000000000000001
1689,5.0
1690,5.0
1691,5.0
1692,5.000000000000001
1693,3.0
1694,3.0
1695,4.732744558487254
1696,4.966531951584215
1697,4.999999999999999
1698,5.0
1699,5.0
1700,5.0
1701,5.000000000000001
1702,4.951320452692234
1703,4.0
1704,4.109079015208899
1705,4.109079015208899
1706,5.0
1707,4.0
1708,4.8278185390301385
1709,4.8278185390301385
1710,4.961812512047382
1711,4.756388984399046
1712,5.0
1713,3.9429356678443646
1714,4.487494432807797
1715,4.0
1716,5.0
1717,2.5
1718,4.720099111071679
1719,5.0
1720,5.0
1721,5.0
1722,4.0
1723,4.680918371541022
1724,4.680918371541022
1725,5.0
1726,5.0
1727,2.5
1728,4.0
1729,5.0
1730,5.0
1731,5.000000000000001
1732,5.0
1733,5.0
1734,5.0
1735,5.0
1736,5.0
1737,3.846533521945252
1738,3.846533521945252
1739,2.5
1740,4.302618198092888
1741,4.672191709652389
1742,4.672191709652389
1743,4.2406018986135114
1744,4.0
1745,4.0
1746,5.000000000000001
1747,3.396056016680064
1748,3.396056016680064
1749,5.0
1750,2.5
1751,4.351312014178382
1752,4.351312014178382
1753,4.772297384764705
1754,5.0
1755,5.0
1756,5.0
1757,3.0
1758,5.000000000000001
1759,5.0
1760,4.157591245540442
1761,5.0
1762,5.0
1763,5.0
1764,4.0
1765,5.0
1766,4.469070717131382
1767,4.469070717131382
1768,2.5
1769,3.0000000000000004
1770,3.8382739039007023
1771,4.356128948085246
1772,4.430805152556682
1773,4.430805152556682
1774,5.0
1775,4.138483583188718
1776,4.138483583188718
1777,5.0
1778,5.0
1779,4.18734641155926
1780,5.0
1781,5.0
1782,4.0
1783,5.0
1784,4.638518454710751
1785,4.638518454710751
1786,5.0
1787,5.0
1788,4.320650375785934
1789,5.0
1790,3.4352763215313056
1791,3.4352763215313056
1792,5.0
1793,5.0
1794,5.0
1795,4.7692834654214655
1796,4.435093015654219
1797,4.0
1798,4.204186532347752
1799,4.999999999999999
1800,4.025308604444223
1801,4.025308604444223
1802,5.0
1803,5.0
1804,5.0
1805,5.0
1806,4.637437944782447
1807,4.592578297636592
1808,4.592578297636592
1809,4.764097081318823
1810,4.4383259485564865
1811,4.0
1812,4.0
1813,5.0
1814,5.0
1815,5.0
1816,5.0
1817,4.0
1818,5.0
1819,5.0
1820,2.5
1821,5.0
1822,5.0
1823,5.0
1824,4.464084865814233
1825,4.464084865814233
1826,4.322654236308953
1827,5.0
1828,5.0
1829,4.704459892201438
1830,4.0
1831,4.307810719881714
1832,4.307810719881714
1833,5.0
1834,5.0
1835,5.0
1836,4.0
1837,4.816969829697746
1838,5.0
1839,5.0
1840,4.691720132613705
1841,4.924044658604707
1842,4.999999999999999
1843,4.676800340067283
1844,5.0
1845,5.0
1846,1.0
1847,1.0
1848,3.2636921384450557
1849,3.2636921384450557
1850,4.0
1851,3.665473468784717
1852,3.665473468784717
1853,5.0
1854,5.0
1855,4.0
1856,4.999999999999999
1857,4.16921701973437
1858,4.701725254528668
1859,4.18734641155926
1860,4.18734641155926
1861,5.0
1862,5.0
1863,4.4502159483199195
1864,5.0
1865,4.41719515002069
1866,4.0
1867,4.631864969953586
1868,5.0
1869,5.0
1870,4.168708079874694
1871,5.0
1872,5.0
1873,4.2392526934000045
1874,4.2392526934000045
1875,5.0
1876,4.686224688104761
1877,4.40825334477748
1878,4.176042773284872
1879,5.000000000000001
1880,5.000000000000001
1881,4.0
1882,4.0
1883,4.84688053526906
1884,4.0
1885,3.9649525437332374
1886,3.9649525437332374
1887,5.0
1888,4.399496231490402
1889,4.399496231490402
1890,5.0
1891,4.0
1892,5.0
1893,4.657138184758282
1894,2.5
1895,4.418274278490298
1896,5.0
1897,4.511758928600809
1898,4.511758928600809
1899,4.657371993044794
1900,5.0
1901,5.0
1902,5.0
1903,5.0
1904,5.0
1905,3.012109105145882
1906,3.012109105145882
1907,5.0
1908,2.5
1909,5.000000000000001
1910,5.0
1911,4.290656628193547
1912,5.0
1913,4.999999999999999
1914,4.770412580611123
1915,5.0
1916,4.948078326935387
1917,4.916453248440346
1918,5.0
1919,5.0
1920,5.0
1921,4.999999999999999
1922,4.632533234691895
1923,2.5
1924,4.504453293696848
1925,4.504453293696848
1926,5.0
1927,5.0
1928,5.0
1929,4.590538395253409
1930,4.0
1931,4.0
1932,5.0
1933,5.0
1934,4.881410688170484
1935,4.2588252425036925
1936,4.2588252425036925
1937,4.6087002903596295
1938,5.000000000000001
1939,5.000000000000001
1940,3.6771347560209047
1941,3.6771347560209047
1942,2.5
1943,4.999999999999999
1944,5.000000000000001
1945,5.000000000000001
1946,5.0
1947,3.5968697940895535
1948,5.0
1949,4.0
1950,4.0
1951,4.403246218499903
1952,4.0
1953,2.5
1954,2.5
1955,5.0
1956,5.0
1957,4.999999999999999
1958,5.0
1959,5.000000000000001
1960,5.0
1961,2.5
1962,5.0
1963,5.0
1964,5.0
1965,5.0
1966,4.755517740721981
1967,4.755517740721981
1968,4.0
1969,4.4716307869506124
1970,4.4716307869506124
1971,5.0
1972,4.735033088649807
1973,5.0
1974,5.0
1975,4.0
1976,5.0
1977,4.422036617161907
1978,4.930202750302345
1979,4.930202750302345
1980,5.0
1981,4.68793859194324
1982,5.0
1983,5.0
1984,5.0
1985,5.0
1986,5.0
1987,4.0
1988,5.0
1989,5.0
1990,4.401531828380667
1991,4.401531828380667
1992,5.0
1993,5.0
1994,5.0
1995,5.0
1996,4.255020831554225
1997,4.0
1998,2.5
1999,2.5
2000,4.999999999999999
2001,4.999999999999999
2002,5.0
2003,5.0
2004,4.326664051401438
2005,4.560570832725955
2006,4.823931630971394
2007,5.0
2008,4.917786839118254
2009,5.000000000000001
2010,5.0
2011,4.0
2012,5.0
2013,5.0
2014,5.0
2015,5.0
2016,4.816972032223873
2017,5.0
2018,5.0
2019,4.823143401634994
2020,5.0
2021,4.0
2022,5.0
2023,5.0
2024,5.0
2025,5.0
2026,5.0
2027,5.0
2028,5.0
2029,3.0
2030,4.352496436581606
2031,4.352496436581606
2032,5.0
2033,4.727483951535641
2034,3.6135651662136765
2035,3.6135651662136765
2036,4.482033485239339
2037,4.482033485239339
2038,4.2558659076797705
2039,4.556966498207311
2040,5.0
2041,5.0
2042,5.0
2043,5.0
2044,3.896440059901654
2045,5.0
2046,3.817028839643199
2047,3.817028839643199
2048,5.0
2049,5.0
2050,2.5
2051,2.5
2052,4.137675115215937
2053,2.5
2054,4.088090644394881
2055,4.556503272530476
2056,4.0
2057,5.000000000000001
2058,5.000000000000001
2059,2.5
2060,5.0
2061,4.759200121761253
2062,4.759200121761253
2063,5.0
2064,5.0
2065,5.0
2066,5.0
2067,5.0
2068,2.5
2069,4.0
2070,4.476945396146016
2071,3.5811791742685477
2072,3.5811791742685477
2073,5.000000000000001
2074,2.5
2075,3.4595376446231016
2076,5.0
2077,2.5
2078,4.541949665609973
2079,4.541949665609973
2080,5.0
2081,4.0
2082,5.0
2083,5.0
2084,2.5
2085,5.0
2086,4.676156622795191
2087,4.215747800605636
2088,4.394767811526934
2089,5.000000000000001
2090,4.684373481919945
2091,4.0
2092,4.476538796861612
2093,5.0
2094,5.0
2095,5.0
2096,5.0
2097,4.944798722073267
2098,2.5
2099,2.5
2100,5.0
2101,5.0
2102,3.0
2103,2.5
2104,4.0
2105,4.26331405483265
2106,4.919230977022506
2107,3.821935740778712
2108,3.821935740778712
2109,5.0
2110,5.0
2111,4.4522302309890085
2112,4.387962524731649
2113,5.0
2114,2.5
2115,5.0
2116,5.0
2117,4.245878289049027
2118,4.245878289049027
2119,5.0
2120,5.0
2121,5.0
2122,5.000000000000001
2123,4.0
2124,5.0
2125,5.0
2126,4.8334594770723225
2127,4.0
2128,4.0
2129,5.0
2130,5.000000000000001
2131,4.0
2132,2.5
2133,5.000000000000001
2134,5.0
2135,5.0
2136,5.0
2137,4.581614479729835
2138,4.0
2139,2.5
2140,5.0
2141,4.477287030889911
2142,5.0
2143,3.0
2144,4.977630761879737
2145,4.985589974470274
2146,4.0
2147,5.0
2148,5.0
2149,5.0
2150,5.0
2151,5.0
2152,4.0
2153,4.360840379659803
2154,4.360840379659803
2155,4.4665650392629574
2156,5.0
2157,5.0
2158,2.5
2159,4.099785709441119
2160,4.099785709441119
2161,4.8856346214036135
2162,5.0
2163,4.999999999999999
2164,4.250783757480557
2165,5.0
2166,5.0
2167,4.687233257777253
2168,4.687233257777253
2169,2.5
2170,4.799166820516904
2171,5.0
2172,5.0
2173,4.74812285568176
2174,5.0
2175,5.000000000000001
2176,4.0
2177,4.0
2178,4.0
2179,4.0
2180,2.5
2181,4.813986942829255
2182,4.943558801269679
2183,4.0
2184,5.000000000000001
2185,3.645902165605306
2186,5.0
2187,4.120175681009266
2188,4.120175681009266
2189,4.217926812471454
2190,4.999999999999999
2191,4.788156349632891
2192,4.788156349632891
2193,5.000000000000001
2194,5.0
2195,5.0
2196,5.0
2197,4.416898609030534
2198,4.0
2199,4.791546328814623
2200,5.0
2201,4.51798649357471
2202,5.0
2203,2.5
2204,5.0
2205,4.0
2206,4.644423175647703
2207,5.000000000000001
2208,5.000000000000001
2209,5.0
2210,5.0
2211,4.584992140904571
2212,5.0
2213,5.0
2214,5.0
2215,4.0
2216,5.0
2217,5.000000000000001
2218,5.000000000000001
2219,3.2764105768762537
2220,1.0
2221,1.0
2222,4.999999999999999
2223,5.0
2224,4.109959564885942
2225,4.166620785242115
2226,5.000000000000001
2227,5.000000000000001
2228,5.0
2229,5.0
2230,5.0
2231,5.0
2232,5.0
2233,4.530920313437707
2234,5.0
2235,5.0
2236,2.5
2237,5.0
2238,5.0
2239,5.0
2240,4.872965208779405
2241,5.0
2242,4.0
2243,2.5
2244,5.0
2245,4.183810570128791
2246,5.0
2247,5.0
2248,5.0
2249,5.0
2250,5.0
2251,4.531110168953269
2252,4.0
2253,4.5951400035983685
2254,2.5
2255,5.0
2256,5.0
2257,5.0
2258,5.0
2259,2.5
2260,5.0
2261,5.000000000000001
2262,5.0
2263,5.0
2264,5.0
2265,5.0
2266,4.999999999999999
2267,2.5
2268,2.5
2269,5.0
2270,5.0
2271,4.538609928861214
2272,2.552550463519889
2273,2.5
2274,5.0
2275,4.967089046913554
2276,5.0
2277,5.0
2278,4.794140195882985
2279,4.794140195882985
2280,5.000000000000001
2281,2.5
2282,5.000000000000001
2283,5.0
2284,5.0
2285,2.5
2286,4.413448010189979
2287,4.077584104720981
2288,2.5
2289,5.000000000000001
2290,4.505751339790562
2291,5.0
2292,5.0
2293,5.0
2294,5.0
2295,4.500011400339541
2296,4.500011400339541
2297,5.0
2298,1.0
2299,5.0
2300,5.0
2301,5.0
2302,2.5
2303,4.0
2304,3.3711423347539884
2305,4.732304218304888
2306,5.0
2307,2.5
2308,2.5
2309,4.0
2310,5.000000000000001
2311,4.288196997758795
2312,5.0
2313,5.0
2314,4.8068874824967365
2315,2.5
2316,5.0
2317,4.0
2318,4.0
2319,5.0
2320,5.0
2321,5.0
2322,4.756388984399046
2323,5.000000000000001
2324,5.000000000000001
2325,5.0
2326,5.0
2327,3.567390700077662
2328,5.0
2329,5.0
2330,5.0
2331,4.0
2332,5.0
2333,2.5
2334,5.0
2335,5.0
2336,5.0
2337,4.0
2338,5.0
2339,2.5
2340,5.0
2341,2.5
2342,5.0
2343,4.999999999999999
2344,4.999999999999999
2345,4.0
2346,4.0
2347,5.0
2348,2.5
2349,4.590538395253409
2350,2.5
2351,5.0
2352,5.0
2353,5.0
2354,5.0
2355,5.0
2356,5.0
2357,5.0
2358,4.268685033472137
2359,4.0
2360,4.86720624957406
2361,4.0
2362,5.0
2363,5.0
2364,4.0
2365,4.815590018139475
2366,4.627167346520796
2367,5.0
2368,3.304380247658865
2369,3.304380247658865
2370,5.0
2371,5.000000000000001
2372,2.9815122773799674
2373,2.9815122773799674
2374,5.0
2375,5.0
2376,4.999999999999999
2377,5.0
2378,5.0
2379,5.0
2380,4.0
2381,5.0
2382,5.0
2383,5.000000000000001
2384,5.0
2385,2.0
2386,2.0
2387,1.0
2388,5.0
2389,4.243118037419991
2390,4.243118037419991
2391,5.0
2392,4.656483841559457
2393,4.5192542049050335
2394,3.420073091115982
2395,4.598284732650334
2396,4.864769779573495
2397,4.886601732282476
2398,4.886601732282476
2399,5.0
2400,4.800737869229679
2401,4.800737869229679
2402,3.284210509583781
2403,5.0
2404,5.0
2405,4.422304488287643
2406,5.0
2407,5.0
2408,5.0
2409,5.0
2410,5.0
2411,5.0
2412,5.0
2413,5.0
2414,5.0
2415,2.5
2416,5.0
2417,5.0
2418,5.0
2419,4.0
2420,5.0
2421,2.5
2422,5.0
2423,5.0
2424,5.0
2425,4.0
2426,4.0
2427,5.0
2428,4.143151547877887
2429,4.143151547877887
2430,5.0
2431,2.0
2432,5.0
2433,5.0
2434,5.0
2435,4.7544068979081535
2436,3.0000000000000004
2437,5.0
2438,5.0
2439,2.5
2440,5.0
2441,4.969264319944555
2442,5.0
2443,5.0
2444,5.0
2445,4.859195914117009
2446,5.0
2447,4.980832926286965
2448,3.0
2449,5.0
2450,3.904719983615412
2451,3.904719983615412
2452,2.5
2453,5.000000000000001
2454,5.0
2455,5.000000000000001
2456,2.5
2457,4.0
2458,4.503382774443688
2459,3.6646786507200795
2460,3.6646786507200795
2461,2.5
2462,4.999999999999999
2463,5.0
2464,4.394659660235197
2465,5.0
2466,2.5
2467,5.0
2468,5.0
2469,2.9999999999999996
2470,5.0
2471,3.5983569473691053
2472,5.0
2473,2.5
2474,4.0
2475,3.0
2476,4.999999999999999
2477,5.0
2478,4.86344880938524
2479,5.0
2480,5.0
2481,4.371014593833223
2482,5.0
2483,5.0
2484,2.5
2485,4.0
2486,4.888939401262574
2487,2.5
2488,5.0
2489,2.5
2490,2.5
2491,5.0
2492,4.0
2493,4.0
2494,2.5
2495,5.0
2496,5.0
2497,4.481404384744318
2498,5.0
2499,4.999999999999999
2500,5.0
2501,5.0
2502,5.0
2503,3.4563077742070645
2504,4.736918469831641
2505,3.906876001666243
2506,5.0
2507,2.5
2508,5.0
2509,2.5
2510,2.5
2511,5.0
2512,4.589889518585057
2513,4.433894807499389
2514,5.0
2515,5.0
2516,4.59312638275729
2517,4.59312638275729
2518,4.323741400887959
2519,5.0
2520,4.0
2521,5.0
2522,4.0
2523,5.0
2524,5.0
2525,4.0
2526,5.0
2527,5.0
2528,4.158718903150161
2529,5.0
2530,5.0
2531,5.0
2532,4.329558312507967
2533,4.782073187528546
2534,5.0
2535,5.0
2536,4.736576971338329
2537,5.0
2538,3.275140184897418
2539,4.0
2540,3.0000000000000004
2541,5.0
2542,4.0
2543,5.0
2544,5.0
2545,3.8790075924185725
2546,3.8790075924185725
2547,5.0
2548,4.651119870850454
2549,5.0
2550,5.0
2551,5.0
2552,5.0
2553,5.0
2554,5.0
2555,5.0
2556,4.471353061008918
2557,4.471353061008918
2558,5.0
2559,3.584992140904571
2560,5.0
2561,4.902467353636203
2562,2.5
2563,3.585180890650892
2564,2.5
2565,5.0
2566,3.0
2567,2.5
2568,2.5
2569,5.0
2570,2.5
2571,2.5
2572,5.0
2573,4.0
2574,5.0
2575,5.0
2576,3.359182997044006
2577,5.0
2578,5.0
2579,5.0
2580,5.0
2581,5.0
2582,2.5
2583,5.0
2584,5.0
2585,5.0
2586,5.0
2587,2.5
2588,5.0
2589,5.0
2590,2.5
2591,5.0
2592,4.430189105169554
2593,4.0
2594,5.0
2595,4.110656944561597
2596,2.9999999999999996
2597,5.0
2598,5.0
2599,4.0
2600,5.0
2601,5.0
2602,5.0
2603,5.0
2604,5.0
2605,4.0
2606,4.0
2607,5.0
2608,5.0
2609,5.0
2610,5.0
2611,5.0
2612,4.198028008340032
2613,4.999999999999999
2614,4.0
2615,2.5
2616,4.533868242744594
2617,5.0
2618,5.0
2619,5.0
2620,5.0
2621,5.0
2622,5.0
2623,5.0
2624,5.0
2625,5.0
2626,5.0
2627,5.0
2628,5.0
2629,2.5
2630,4.41719515002069
2631,5.0
2632,5.0
2633,5.0
2634,5.0
2635,5.0
2636,2.5
2637,2.5
2638,2.5
2639,5.0
2640,4.444890014463274
2641,4.166314582196679
2642,5.0
2643,5.0
2644,3.311120830030265
2645,3.311120830030265
2646,4.455274530041747
2647,5.0
2648,5.0
2649,5.0
2650,5.000000000000001
2651,5.0
2652,5.0
2653,4.999999999999999
2654,5.0
2655,5.0
2656,5.0
2657,2.5
2658,4.630806793071326
2659,4.630806793071326
2660,5.0
2661,4.0
2662,4.6976234441331925
2663,5.0
2664,4.0
2665,5.0
2666,5.0
2667,5.0
2668,5.0
2669,5.0
2670,5.0
2671,3.0000000000000004
2672,5.0
2673,5.0
2674,4.3471231250864095
2675,4.3471231250864095
2676,4.0
2677,4.0
2678,4.584992140904571
2679,5.0
2680,5.0
2681,2.5
2682,4.601905619460094
2683,5.0
2684,5.0
2685,2.5
2686,5.0
2687,5.0
2688,4.292958633256385
2689,4.292958633256385
2690,5.0
2691,5.0
2692,5.0
2693,5.0
2694,5.0
2695,3.0000000000000004
2696,5.000000000000001
2697,5.0
2698,5.0
2699,5.0
2700,5.0
2701,5.0
2702,4.628985406166778
2703,2.5
2704,2.5
2705,4.999999999999999
2706,5.0
2707,4.0
2708,4.0
2709,5.0
2710,2.5
2711,5.0
2712,3.0000000000000004
2713,4.0
2714,4.0
2715,2.5
2716,5.0
2717,4.5334349607370426
2718,2.5
2719,2.5
2720,4.856294109658329
2721,5.0
2722,5.0
2723,4.0
2724,2.5
2725,5.0
2726,5.0
2727,3.7501422026813596
2728,3.7501422026813596
2729,5.0
2730,5.0
2731,4.0
2732,4.0
2733,5.0
2734,2.5
2735,5.0
2736,5.0
2737,5.0
2738,5.0
2739,5.0
2740,2.5
2741,5.0
2742,2.5
2743,4.0
2744,5.000000000000001
2745,4.999999999999999
2746,4.7722979793385365
2747,2.5
2748,5.0
2749,5.0
2750,5.0
2751,5.0
2752,4.916195517855849
2753,2.5
2754,5.0
2755,5.0
2756,4.0
2757,4.430597979002903
2758,5.000000000000001
2759,4.0
2760,5.0
2761,5.0
2762,4.415007859095428
2763,3.3316189639849125
2764,3.3316189639849125
2765,2.5
2766,5.0
2767,5.0
2768,5.0
2769,4.0
2770,5.0
2771,2.5
2772,2.144583571001578
2773,5.0
2774,5.0
2775,5.0
2776,2.5
2777,5.0
2778,5.0
2779,5.0
2780,4.0
2781,5.0
2782,4.0
2783,4.0
2784,5.0
2785,2.5
2786,4.516603887145289
2787,4.0
2788,5.0
2789,5.0
2790,4.0
2791,5.0
2792,5.0
2793,2.5
2794,5.0
2795,4.0
2796,5.0
2797,4.0
2798,5.0
2799,5.0
2800,5.0
2801,5.0
2802,4.0
2803,4.0
2804,2.5
2805,2.5
2806,5.0
2807,5.0
2808,4.999999999999999
2809,5.0
2810,5.0
2811,1.0
2812,1.0
2813,1.0
2814,2.5
2815,5.0
2816,4.0
2817,4.0
2818,2.5
2819,4.522344163279193
2820,5.0
2821,5.0
2822,4.0
2823,4.0
2824,2.5
2825,4.0
2826,5.0
2827,5.0
2828,2.5
2829,5.0
2830,5.0
2831,2.5
2832,2.5
2833,5.0
2834,4.596306612301709
2835,2.5
2836,2.5
2837,2.5
2838,2.5
2839,5.0
2840,5.0
2841,5.0
2842,5.000000000000001
2843,4.60915808316462
2844,2.5
2845,4.999999999999999
2846,5.0
2847,5.0
2848,5.0
2849,2.5
2850,2.5
2851,5.0
2852,5.0
2853,5.0
2854,5.0
2855,4.0
2856,5.0
2857,4.0
2858,5.0
2859,4.576632655681835
2860,5.0
2861,4.0
2862,5.0
2863,5.0
2864,5.0
2865,2.8747866959779613
2866,2.8747866959779613
2867,5.0
2868,1.0
2869,1.0
2870,5.0
2871,5.0
2872,5.0
2873,3.0
2874,3.0
2875,2.5
2876,5.0
2877,2.5
2878,5.0
2879,2.5
2880,2.5
2881,5.0
2882,4.274327705105572
2883,5.0
2884,2.5
2885,5.0
2886,2.5
2887,5.0
2888,5.0
2889,2.5
2890,5.0
2891,4.559040624579603
2892,4.0
2893,4.0
2894,5.0
2895,2.5
2896,2.5
2897,2.5
2898,5.0
2899,4.815179223040138
2900,4.0
2901,5.0
2902,4.0
2903,2.5
2904,5.0
2905,5.0
2906,5.0
2907,2.5
2908,5.0
2909,2.5
2910,2.5
2911,3.0
2912,4.0
2913,5.0
2914,5.0
2915,2.5
2916,5.0
2917,5.0
2918,3.220180758421699
2919,4.0
2920,5.0
2921,2.5
2922,2.5
2923,5.0
2924,5.0
2925,5.0
2926,4.0
2927,2.5
2928,2.5
2929,5.0
2930,5.0
2931,4.094785141012301
2932,5.0
2933,4.0
2934,5.0
2935,5.0
2936,5.0
2937,5.0
2938,4.344342950630739
2939,2.5
2940,4.0
2941,5.0
2942,4.0
2943,4.731323926798631
2944,5.0
2945,5.0
2946,2.5
2947,2.5
2948,5.0
2949,3.5868043730974244
2950,5.0
2951,5.0
2952,5.0
2953,5.0
2954,5.0
2955,5.0
2956,4.0
2957,5.0
2958,2.5
2959,4.0
2960,5.0
2961,2.5
2962,2.5
2963,2.5
2964,5.0
2965,4.0
2966,5.0
2967,5.0
2968,5.0
2969,5.0
2970,5.0
2971,2.5
2972,5.0
2973,5.0
2974,2.5
2975,2.5
2976,2.5
2977,2.5
2978,2.5
2979,4.0
2980,2.5
2981,5.0
2982,2.5
2983,5.0
2984,5.0
2985,4.0
2986,5.0
2987,5.0
2988,5.0
2989,5.0
2990,2.5
2991,5.0
2992,2.5
2993,5.0
2994,5.0
2995,2.5
2996,5.0
2997,5.0
2998,5.0
2999,5.0
3000,2.5
3001,2.5
3002,5.0
3003,2.5
3004,2.5
3005,5.0
3006,2.5
3007,2.0
3008,5.0
3009,5.0
3010,5.0
3011,5.0
3012,4.0
3013,4.0
3014,5.0
3015,5.0
3016,5.0
3017,2.5
3018,4.0
3019,2.5
3020,5.0
3021,2.5
3022,2.5
3023,2.0
3024,2.0
3025,5.0
3026,5.0
3027,5.0
3028,5.0
3029,5.0
3030,5.0
3031,5.0
3032,5.0
3033,2.5
3034,4.0
3035,2.5
3036,5.0
3037,5.0
3038,2.5
3039,4.0
3040,4.0
3041,4.0
3042,4.0
3043,2.5
3044,2.5
3045,2.5
3046,2.5
3047,2.5
3048,2.5
3049,2.5
3050,2.5
3051,2.5
3052,2.5
3053,2.5
3054,2.5
3055,2.5
3056,2.5
3057,2.5
3058,2.5
3059,2.5
3060,2.5
3061,2.5
3062,2.5
3063,2.5
3064,2.5
3065,2.5
3066,2.5
3067,2.5
3068,2.5
3069,2.5
3070,2.5
3071,2.5
3072,2.5
3073,2.5
3074,2.5
3075,2.5
3076,2.5
3077,2.5
3078,2.5
3079,2.5
3080,2.5
3081,2.5
3082,2.5
3083,2.5
3084,2.5
3085,2.5
3086,2.5
3087,2.5
3088,2.5
3089,2.5
3090,2.5
3091,2.5
3092,2.5
3093,2.5
3094,2.5
3095,2.5
3096,2.5
3097,2.5
3098,2.5
3099,2.5
3100,2.5
3101,2.5
3102,2.5
3103,2.5
3104,2.5
3105,2.5
3106,2.5
3107,2.5
3108,2.5
3109,2.5
3110,2.5
3111,2.5
3112,2.5
3113,2.5
3114,2.5
3115,2.5
3116,2.5
3117,2.5
3118,2.5
3119,2.5
3120,2.5
3121,2.5
3122,2.5
3123,2.5
3124,2.5
3125,2.5
3126,2.5
3127,2.5
3128,2.5
3129,2.5
3130,2.5
3131,2.5
3132,2.5
3133,2.5
3134,2.5
3135,2.5
3136,2.5
3137,2.5
3138,2.5
3139,2.5
3140,2.5
3141,2.5
3142,2.5
3143,2.5
3144,2.5
3145,2.5
3146,2.5
3147,2.5
3148,2.5
3149,2.5
3150,2.5
3151,2.5
3152,2.5
3153,2.5
3154,2.5
3155,2.5
3156,2.5
3157,2.5
3158,2.5
3159,2.5
3160,2.5
3161,2.5
3162,2.5
3163,2.5
3164,2.5
3165,2.5
3166,2.5
3167,2.5
3168,2.5
3169,2.5
3170,2.5
3171,2.5
3172,2.5
3173,2.5
3174,2.5
3175,2.5
3176,2.5
3177,2.5
3178,2.5
3179,2.5
3180,2.5
3181,2.5
3182,2.5
3183,2.5
3184,2.5
3185,2.5
3186,2.5
3187,2.5
3188,2.5
3189,2.5
3190,2.5
3191,2.5
3192,2.5
3193,2.5
3194,2.5
3195,2.5
3196,2.5
3197,2.5
3198,2.5
3199,2.5
3200,2.5
3201,2.5
3202,2.5
3203,2.5
3204,2.5
3205,2.5
3206,2.5
3207,2.5
3208,2.5
3209,2.5
3210,2.5
3211,2.5
3212,2.5
3213,2.5
3214,2.5
3215,2.5
3216,2.5
3217,2.5
3218,2.5
3219,2.5
3220,2.5
3221,2.5
3222,2.5
3223,2.5
3224,2.5
3225,2.5
3226,2.5
3227,2.5
3228,2.5
3229,2.5
3230,2.5
3231,2.5
3232,2.5
3233,2.5
3234,2.5
3235,2.5
3236,2.5
3237,2.5
3238,2.5
3239,2.5
3240,2.5
3241,2.5
3242,2.5
3243,2.5
3244,2.5
3245,2.5
3246,2.5
3247,2.5
3248,2.5
3249,2.5
3250,2.5
3251,2.5
3252,2.5
3253,2.5
3254,2.5
3255,2.5
3256,2.5
3257,2.5
3258,2.5
3259,2.5
3260,2.5
3261,2.5
3262,2.5
3263,2.5
3264,2.5
3265,2.5
3266,2.5
3267,2.5
3268,2.5
3269,2.5
3270,2.5
3271,2.5
3272,2.5
3273,2.5
3274,2.5
3275,2.5
3276,2.5
3277,2.5
3278,2.5
3279,2.5
3280,2.5
3281,2.5
3282,2.5
3283,2.5
3284,2.5
3285,2.5
3286,2.5
3287,2.5
3288,2.5
3289,2.5
3290,2.5
3291,2.5
3292,2.5
3293,2.5
3294,2.5
3295,2.5
3296,2.5
3297,2.5
3298,2.5
3299,2.5
3300,2.5
3301,2.5
3302,2.5
3303,2.5
3304,2.5
3305,2.5
3306,2.5
3307,2.5
3308,2.5
3309,2.5
3310,2.5
3311,2.5
3312,2.5
3313,2.5
3314,2.5
3315,2.5
3316,2.5
3317,2.5
3318,2.5
3319,2.5
3320,2.5
3321,2.5
3322,2.5
3323,2.5
3324,2.5
3325,2.5
3326,2.5
3327,2.5
3328,2.5
3329,2.5
3330,2.5
3331,2.5
3332,2.5
3333,2.5
3334,2.5
3335,2.5
3336,2.5
3337,2.5
3338,2.5
3339,2.5
3340,2.5
3341,2.5
3342,2.5
3343,2.5
3344,2.5
3345,2.5
3346,2.5
3347,2.5
3348,2.5
3349,2.5
3350,2.5
3351,2.5
3352,2.5
3353,2.5
3354,2.5
3355,2.5
3356,2.5
3357,2.5
3358,2.5
3359,2.5
3360,2.5
3361,2.5
3362,2.5
3363,2.5
3364,2.5
3365,2.5
3366,2.5
3367,2.5
3368,2.5
3369,2.5
3370,2.5
3371,2.5
3372,2.5
3373,2.5
3374,2.5
3375,2.5
3376,2.5
3377,2.5
3378,2.5
3379,2.5
3380,2.5
3381,2.5
3382,2.5
3383,2.5
3384,2.5
3385,2.5
3386,2.5
3387,2.5
3388,2.5
3389,2.5
3390,2.5
3391,2.5
3392,2.5
3393,2.5
3394,2.5
3395,2.5
3396,2.5
3397,2.5
3398,2.5
3399,2.5
3400,2.5
3401,2.5
3402,2.5
3403,2.5
3404,2.5
3405,2.5
3406,2.5
3407,2.5
3408,2.5
3409,2.5
3410,2.5
3411,2.5
3412,2.5
3413,2.5
3414,2.5
3415,2.5
3416,2.5
3417,2.5
3418,2.5
3419,2.5
3420,2.5
