,0
0,3.960370810888243
1,2.0
2,3.736022429492691
3,3.736022429492691
4,4.690149849371699
5,4.232159419686734
6,4.232159419686734
7,4.0455390846565
8,3.807448150884298
9,3.807448150884298
10,4.5644252478029435
11,4.5644252478029435
12,4.43932091780074
13,5.000000000000002
14,3.3711874198300387
15,4.265486456253432
16,3.0
17,3.0
18,4.729033112705498
19,4.729033112705498
20,4.854093224161975
21,4.999999999999999
22,2.5
23,3.471980411876232
24,3.471980411876232
25,4.617993830302578
26,4.257567464892064
27,4.437486518877122
28,4.437486518877122
29,4.112222173190436
30,4.085350527592559
31,4.033998345745647
32,4.033998345745647
33,4.779844301564153
34,5.0
35,5.0
36,3.6468271432669175
37,5.000000000000001
38,3.4005403702963037
39,4.0
40,5.0
41,4.509229462843741
42,3.437077044061061
43,4.264805079218843
44,4.18346936741949
45,4.3593733623404916
46,3.7137073981166853
47,3.7137073981166853
48,3.17674289973356
49,3.7762021743112673
50,3.7762021743112673
51,3.610274043163651
52,3.610274043163651
53,2.940566428436645
54,5.0
55,4.581335343260454
56,4.375417616703241
57,3.2675412498419396
58,3.2675412498419396
59,4.31520379727831
60,4.411241454673624
61,3.809735943839073
62,3.809735943839073
63,4.644432749174325
64,4.929369074095183
65,4.605747090491415
66,3.3270274171368484
67,4.019937879248627
68,3.1050034165951375
69,3.1050034165951375
70,4.524041808125479
71,4.524041808125479
72,4.602877631987246
73,3.935106863725526
74,3.119628215509123
75,3.119628215509123
76,4.0
77,4.0
78,4.564932472258208
79,4.360155346898395
80,4.76989261828507
81,4.335516870740339
82,4.335516870740339
83,3.0
84,3.9429769486014914
85,4.766655359011805
86,3.1692969298296796
87,3.1692969298296796
88,4.213005027155336
89,4.161624393213324
90,4.335577633952688
91,4.307034199448662
92,4.940172229958416
93,3.1057814605090908
94,3.1057814605090908
95,4.973405907925851
96,4.0
97,4.781787568367347
98,4.487070724383027
99,4.5930739706811226
100,4.5930739706811226
101,3.9188663810616786
102,4.3718013722816496
103,4.3718013722816496
104,4.612427898109165
105,3.9656399632863413
106,5.0
107,4.5334191309994045
108,4.999999999999999
109,4.0
110,5.000000000000001
111,5.000000000000001
112,4.103062894401783
113,4.583020635476293
114,4.583020635476293
115,3.975680658364589
116,2.5
117,5.0
118,4.42712865586667
119,4.4320040413171276
120,2.5394667308661876
121,4.42748980018801
122,4.16903625828082
123,4.16903625828082
124,4.303313234892742
125,4.331665514243732
126,4.331665514243732
127,4.551982932748034
128,4.171028924594544
129,4.342558978376774
130,4.342558978376774
131,4.715276104988016
132,3.158929777921752
133,3.158929777921752
134,4.871446871552171
135,4.639474431473531
136,4.639474431473531
137,4.62582845948843
138,4.639511158798548
139,4.808650885390829
140,4.808650885390829
141,4.314248781217191
142,4.314248781217191
143,2.4275602407722165
144,2.4275602407722165
145,4.7324115079917854
146,4.999999999999999
147,5.0
148,3.4877175843999595
149,3.4877175843999595
150,4.148533949175077
151,2.433759672341618
152,2.433759672341618
153,4.0
154,4.0
155,4.835340755899398
156,3.5971971837744814
157,3.5971971837744814
158,3.0
159,3.0
160,5.0
161,5.0
162,3.395843791079641
163,4.611374880878456
164,3.5055873205753354
165,5.0
166,4.5859787943550465
167,3.670391444679979
168,3.670391444679979
169,4.339815216677546
170,3.4628646824839575
171,5.000000000000001
172,5.000000000000001
173,4.0
174,4.583990993608422
175,4.0
176,4.0
177,3.9491448548449424
178,3.9491448548449424
179,5.0
180,3.3969353728955896
181,3.3969353728955896
182,4.865931497139918
183,2.1262089628531657
184,2.1262089628531657
185,4.848913513199239
186,5.0
187,5.0
188,4.291579575565922
189,4.802008844647957
190,4.0
191,4.5642273896021015
192,4.5642273896021015
193,5.0
194,2.163742995340757
195,2.163742995340757
196,4.551420455212819
197,3.9858001956753752
198,4.4586151343525575
199,4.7894089839746465
200,4.7894089839746465
201,4.3151264029678975
202,4.332358407356958
203,4.332358407356958
204,2.906406904850523
205,2.906406904850523
206,3.792636783069218
207,3.792636783069218
208,4.999999999999999
209,4.999999999999999
210,2.5
211,4.0
212,3.7722305800880354
213,3.7722305800880354
214,5.0
215,5.0
216,4.768136449337618
217,5.0
218,4.278589781777844
219,4.0
220,4.0
221,2.5615677803498067
222,4.460647874601701
223,4.460647874601701
224,2.5
225,2.5
226,4.598005425157329
227,4.598005425157329
228,4.971461694749295
229,4.971461694749295
230,4.108005022943224
231,3.1265193267695923
232,3.0797014603925885
233,3.0797014603925885
234,4.563450974875844
235,2.5
236,2.5353236831135524
237,4.199950463188733
238,4.303406350876144
239,4.149572589487665
240,3.3695562264479144
241,4.355467286329622
242,4.36558493686105
243,5.0
244,4.375144927040223
245,3.879146171799006
246,3.879146171799006
247,4.20811549079801
248,4.499141181673152
249,2.0
250,4.0461979235271786
251,4.0461979235271786
252,4.61805849821511
253,4.61805849821511
254,5.0
255,4.640014330622952
256,3.6812281964869302
257,3.6812281964869302
258,4.0
259,4.506672257497511
260,2.6621512310950335
261,2.6621512310950335
262,4.762897273562761
263,4.47244370362717
264,3.9745371204651825
265,3.9745371204651825
266,3.0000000000000004
267,3.0000000000000004
268,1.8734882339325039
269,1.8734882339325039
270,3.788441578148981
271,4.464854892897003
272,4.464854892897003
273,3.810183303609747
274,3.810183303609747
275,3.0838571180374585
276,4.180178037558191
277,2.640484281212013
278,2.640484281212013
279,4.607873381483306
280,4.605474197688813
281,4.679729596515398
282,4.0
283,4.0
284,4.0
285,3.8911081543293937
286,4.552240530608139
287,4.489136549295831
288,4.922720477761678
289,2.5
290,4.09734689644365
291,4.3691235873977865
292,4.449149557209512
293,4.383946552525404
294,3.817363839843969
295,4.999999999999999
296,5.0
297,4.252362488331603
298,4.298169349518504
299,4.644208047225083
300,5.000000000000001
301,3.6463376005664836
302,3.6463376005664836
303,3.0
304,3.948499192836449
305,4.107296476955276
306,4.107296476955276
307,4.328003081753664
308,4.843930952147214
309,3.0551722035705144
310,3.980668225816206
311,3.980668225816206
312,4.8378690041436085
313,4.286450706222935
314,4.286450706222935
315,4.433481597530261
316,4.1622570391839115
317,3.0
318,5.0
319,4.9153856376792735
320,4.9153856376792735
321,2.2526365240688726
322,4.349170794774087
323,4.4245399255267515
324,4.4245399255267515
325,3.408441557104109
326,3.655675397781555
327,3.655675397781555
328,3.7146301118823426
329,5.000000000000001
330,5.000000000000001
331,5.0
332,4.704963746225915
333,2.840007947046854
334,2.840007947046854
335,4.937033946868409
336,3.5204739021709024
337,3.5204739021709024
338,5.0
339,5.0
340,4.1322946453648095
341,4.1322946453648095
342,4.79141573158216
343,4.355185576931822
344,4.355185576931822
345,4.211617045962686
346,5.0
347,4.167994173502558
348,5.0
349,4.204980479590192
350,4.204980479590192
351,4.360275003617416
352,4.0
353,5.0
354,4.13614245133772
355,3.5874394562307623
356,3.5874394562307623
357,3.7637078074992627
358,3.7637078074992627
359,4.31679798285118
360,4.39068706872537
361,4.0
362,2.0
363,2.0
364,4.884527673106403
365,4.884527673106403
366,4.628377134737868
367,3.1002915925278054
368,3.1002915925278054
369,4.5950207333318716
370,4.5950207333318716
371,4.648324151902393
372,4.769632629069872
373,5.0
374,5.0
375,5.0
376,4.118073167024373
377,2.5
378,3.7661235351905042
379,4.369674412205166
380,3.5361144072746176
381,3.5361144072746176
382,4.155122604724681
383,2.616929251044991
384,5.0
385,2.7146481596428917
386,5.0
387,5.0
388,4.27648628019378
389,4.27648628019378
390,4.537827540547094
391,4.537827540547094
392,4.8572555072564105
393,2.2836506944834887
394,4.653459426127875
395,4.653459426127875
396,4.900306912154717
397,3.2771152321038106
398,3.2771152321038106
399,5.0
400,4.454164145696937
401,4.0
402,4.0
403,3.64225718543457
404,4.116410048561075
405,4.52931402568084
406,4.64804134339452
407,4.64804134339452
408,4.0511923156037675
409,3.0465745821888546
410,3.0465745821888546
411,4.408667968016802
412,4.408667968016802
413,4.953217240692348
414,4.953217240692348
415,4.123502660291423
416,4.250464532071034
417,1.1997725901329142
418,1.1997725901329142
419,4.0
420,4.130394896953972
421,3.8940922153708244
422,3.51011476582788
423,4.579912041093736
424,1.9877628733010395
425,1.9877628733010395
426,3.2840795606810143
427,3.2840795606810143
428,4.184802422440179
429,4.852720845108971
430,2.444006935365762
431,4.5591725319118845
432,4.5591725319118845
433,4.213763539170417
434,4.492060667013834
435,4.492060667013834
436,4.661547324739217
437,4.999999999999999
438,3.150258092450284
439,4.4679058247304235
440,4.458237698222659
441,3.9592815781625714
442,3.9592815781625714
443,3.857277953871196
444,1.5785310390982552
445,1.5785310390982552
446,4.0
447,3.2032299622428275
448,3.2032299622428275
449,4.051259672222374
450,5.0
451,5.0
452,4.513104218517419
453,4.513104218517419
454,4.017975926985248
455,5.0
456,5.0
457,3.426116753703234
458,4.5749895262914615
459,4.0
460,5.000000000000001
461,3.6122825754274697
462,5.0
463,5.0
464,4.580706669423215
465,4.84675184687216
466,4.458463744050769
467,4.458463744050769
468,4.608974450909377
469,4.732702611077645
470,3.6254486296934285
471,3.6254486296934285
472,5.0
473,4.619829107725231
474,4.619829107725231
475,4.438524676603781
476,3.528552072498103
477,3.528552072498103
478,2.3979888233290922
479,5.0
480,4.219560725314226
481,4.324367636011054
482,2.5
483,5.000000000000001
484,5.0
485,4.0
486,3.8528259602599118
487,5.0
488,3.1099920522590354
489,3.1099920522590354
490,4.6166248415791
491,4.499566824215567
492,4.499566824215567
493,4.166493857692716
494,4.166493857692716
495,4.5834777772977136
496,4.0
497,4.910288728201707
498,3.933626370333423
499,3.348212989817056
500,3.348212989817056
501,4.05881223686881
502,2.8018895903359256
503,2.8018895903359256
504,5.0
505,4.629285703616415
506,4.49334541999427
507,4.8225864543746075
508,4.758137816794983
509,4.0
510,1.344582271076787
511,1.344582271076787
512,4.69025614256856
513,4.122660407681626
514,4.028847122845698
515,4.274263102833293
516,4.274263102833293
517,4.342535828607299
518,4.820317625596913
519,5.0
520,3.670739019630478
521,3.670739019630478
522,4.669600495446197
523,4.669600495446197
524,4.927389907016779
525,1.6309582365000492
526,1.6309582365000492
527,5.0
528,4.396051102862149
529,4.776898374452704
530,4.776898374452704
531,3.8643943522974737
532,4.261482457419222
533,3.9551180513926716
534,3.775572052947799
535,3.775572052947799
536,4.025882527326597
537,3.6618785871299377
538,3.533592498332286
539,3.533592498332286
540,4.0
541,4.0
542,4.191541376931683
543,4.274814612267264
544,3.676369367905671
545,3.676369367905671
546,3.8048729540425925
547,4.0
548,4.685926079373376
549,4.119042483352753
550,4.119042483352753
551,3.5430303921195985
552,3.0
553,1.9651845432083532
554,4.067730066788819
555,4.497043551504782
556,2.9052846585504097
557,1.7085912857448637
558,1.7085912857448637
559,3.353373259367957
560,4.0
561,4.0
562,5.0
563,3.2598350501551687
564,3.477516794969565
565,4.0
566,4.293755430943466
567,4.293755430943466
568,4.1267754387257884
569,5.0
570,4.783046567292637
571,4.783046567292637
572,4.775763723365664
573,4.775763723365664
574,3.4608845342322487
575,4.195387934884158
576,4.195387934884158
577,3.256503922684948
578,4.427274110452542
579,4.427274110452542
580,4.809293531540286
581,2.5
582,2.5
583,3.9908119324860967
584,4.758865267776421
585,3.4923561024461542
586,5.0
587,3.7906117818723897
588,3.7906117818723897
589,3.0986525470489648
590,4.545196732154566
591,4.620441244283998
592,4.615366751876149
593,4.404855997223675
594,4.404855997223675
595,1.9845629470451005
596,4.348585912155263
597,4.999999999999999
598,4.638274613116598
599,4.0
600,4.690495008563755
601,5.0
602,5.0
603,3.3094735763994296
604,3.849653233171185
605,5.0
606,3.352296581262797
607,5.0
608,3.3979888233290922
609,4.625444686021321
610,3.575831987080454
611,3.575831987080454
612,4.696081580999713
613,4.696081580999713
614,5.0
615,3.9738652719430094
616,3.9738652719430094
617,5.000000000000001
618,3.0
619,5.0
620,3.4546995907807236
621,4.844059897450585
622,5.0
623,4.813008438035977
624,4.813008438035977
625,4.447989580811945
626,4.447989580811945
627,4.824777796785145
628,4.31374894818301
629,3.8120583762951386
630,4.0
631,4.665364960771106
632,2.0
633,4.697722168579349
634,4.4376206039083845
635,3.9579754758843464
636,3.7330975568716744
637,3.7330975568716744
638,4.329720103744061
639,4.329720103744061
640,4.676232423626974
641,4.457791707448976
642,4.457791707448976
643,3.3476059413586805
644,3.3476059413586805
645,4.537540418950685
646,3.8786351303597346
647,3.8786351303597346
648,4.1943564910095725
649,4.1943564910095725
650,3.788295858468317
651,4.006112670760428
652,4.5115706573986945
653,3.4933814684143587
654,3.4933814684143587
655,4.597795512027352
656,4.9268577260939255
657,4.367496687085997
658,3.0579426715039286
659,3.0579426715039286
660,4.31335272813103
661,4.31335272813103
662,4.889272644514277
663,4.781214137830933
664,2.1737671860042664
665,5.0
666,5.0
667,4.350455352019697
668,4.350455352019697
669,4.124463047792176
670,4.124463047792176
671,4.765990368883825
672,3.562376357532792
673,3.6128429116737313
674,3.4875837069463724
675,5.0
676,3.817466152209681
677,3.817466152209681
678,3.7055932136411376
679,4.289673737546023
680,4.289673737546023
681,4.223256033255209
682,1.4294930681375708
683,1.4294930681375708
684,4.999999999999999
685,3.203662356998943
686,4.12232514402956
687,4.640836098944265
688,1.8616773418174242
689,4.251708323253685
690,4.251708323253685
691,4.917116370922712
692,3.0
693,3.0
694,2.0
695,4.835856205569421
696,1.7655166571830485
697,1.7655166571830485
698,1.214372643288004
699,4.756622542362456
700,4.463595313118453
701,4.463595313118453
702,4.0
703,3.7682646209862014
704,3.7682646209862014
705,4.4553435660252365
706,2.8390955250515626
707,2.8390955250515626
708,2.8235270948220528
709,2.8235270948220528
710,3.8737666353069655
711,4.114587989545568
712,4.753494113660658
713,2.0
714,2.0
715,4.757184787878534
716,2.5
717,4.514133598018193
718,4.514133598018193
719,4.835556842229592
720,4.056586222848081
721,4.206825310936268
722,4.206825310936268
723,4.963612332881871
724,3.1748233231964478
725,3.1748233231964478
726,3.7363338873948857
727,3.7363338873948857
728,1.973044980555328
729,1.973044980555328
730,3.2037049078324955
731,4.697057387382094
732,4.4059310758696775
733,4.415044014670593
734,3.901298078902414
735,1.8575550372542102
736,4.622789734759344
737,4.622789734759344
738,2.0
739,5.0
740,4.335945512655565
741,4.335945512655565
742,3.93604738416182
743,3.93604738416182
744,2.5
745,3.0
746,3.0
747,4.294528604191989
748,3.8463657725999263
749,3.0
750,3.0
751,4.4396365525096995
752,4.326080464865353
753,4.326080464865353
754,3.446218275446799
755,1.9964743921526118
756,1.9964743921526118
757,3.4147274183602203
758,4.0
759,4.60363829456903
760,4.60363829456903
761,4.600602874791552
762,4.231753220791321
763,3.994775645482615
764,3.994775645482615
765,4.089550999649912
766,4.089550999649912
767,4.739921300160247
768,3.7406747588442975
769,5.0
770,5.0
771,5.0
772,3.7524120980164004
773,3.7524120980164004
774,3.645025148237378
775,3.645025148237378
776,4.527976813679648
777,3.5588268789139255
778,3.4770617574387233
779,3.7417062963834704
780,3.7417062963834704
781,4.337785630021921
782,4.586883593002133
783,5.0
784,4.0572298241024445
785,4.0572298241024445
786,3.0
787,2.257599013540559
788,2.257599013540559
789,5.0
790,5.0
791,4.964442864681131
792,4.964442864681131
793,4.636653306104734
794,4.135754593573658
795,5.0
796,5.0
797,4.398936019418331
798,4.398936019418331
799,4.427658631604613
800,4.427658631604613
801,4.426664645489555
802,4.426664645489555
803,3.7503108536374024
804,4.227590950673626
805,3.0
806,4.032747722636555
807,4.348084871787322
808,4.529586330628427
809,4.414541027735888
810,4.414541027735888
811,5.0
812,5.0
813,4.328017650840008
814,5.0
815,3.246535221140932
816,4.676939257073116
817,4.324508624552479
818,4.324508624552479
819,3.6982379652082567
820,3.6982379652082567
821,5.0
822,5.0
823,3.837041420862128
824,3.837041420862128
825,5.0
826,5.0
827,3.552320658532015
828,4.512697215992975
829,4.058271011207718
830,4.058271011207718
831,5.0
832,3.7117561385586737
833,4.387490332567412
834,4.436895518573416
835,4.436895518573416
836,3.9447185192683913
837,3.9447185192683913
838,4.315134830475243
839,4.453607525352969
840,4.453607525352969
841,4.540235873597051
842,4.599850454538475
843,5.0
844,3.933045294765643
845,5.0
846,3.300566419914849
847,4.072696464150173
848,4.254000223554478
849,4.254000223554478
850,5.000000000000001
851,3.733786075391506
852,4.806023260505845
853,3.7726432140229145
854,3.7726432140229145
855,4.30536500522297
856,4.463769541389566
857,4.463769541389566
858,4.510606368866612
859,3.5708976157507486
860,3.5708976157507486
861,4.395289043865926
862,2.5
863,5.0
864,5.0
865,4.127255158438489
866,1.733767928397608
867,4.097391168205719
868,4.097391168205719
869,3.3513203661962607
870,3.355854973921956
871,3.355854973921956
872,3.526359025596426
873,4.838082875509622
874,3.667537097247566
875,3.667537097247566
876,3.7866649644071955
877,3.7866649644071955
878,4.367436944528083
879,4.367436944528083
880,5.0
881,3.1640795694202275
882,3.1640795694202275
883,4.495405456615369
884,5.000000000000001
885,3.920195191179504
886,3.920195191179504
887,5.0
888,4.7225220468708535
889,5.0
890,5.0
891,4.279245030197469
892,4.279245030197469
893,3.3844188950933836
894,3.0
895,4.963260774521026
896,4.645941050987008
897,4.645941050987008
898,4.0
899,3.7606507790064
900,5.0
901,3.594923471469578
902,2.3304012561996523
903,4.163029826556095
904,4.163029826556095
905,4.0984018030298826
906,4.0984018030298826
907,4.180386976684665
908,4.6439314722502285
909,4.6439314722502285
910,2.926669435742786
911,4.999999999999999
912,3.7521950822349313
913,3.7521950822349313
914,5.0
915,5.0
916,4.539053741311128
917,3.607200101430071
918,3.607200101430071
919,4.333458878582518
920,4.0
921,2.0
922,4.69270702762775
923,4.401461691661457
924,4.401461691661457
925,4.5750616480625945
926,4.999999999999999
927,3.6995431509682835
928,4.498826502762328
929,4.110636362743121
930,1.4241687587264615
931,4.433617352315956
932,4.433617352315956
933,5.0
934,5.0
935,5.0
936,3.0
937,3.0
938,5.0
939,5.0
940,3.349236567117232
941,3.349236567117232
942,4.901634373648872
943,4.0
944,4.399904937139026
945,3.6977833041829418
946,1.227179899360935
947,1.227179899360935
948,4.087409193405356
949,4.087409193405356
950,3.266546941739429
951,2.246215236004613
952,3.7686412572336296
953,3.7686412572336296
954,4.855863584492776
955,2.5
956,3.9960294305530324
957,3.9960294305530324
958,5.0
959,4.764359632462456
960,3.4542570746744676
961,3.4542570746744676
962,3.910022745107181
963,4.761213751341091
964,4.761213751341091
965,5.0
966,4.999999999999999
967,4.999999999999999
968,5.0
969,4.615137187112025
970,3.430787206658757
971,3.430787206658757
972,4.466319477549625
973,4.180022981943396
974,3.9487246115284393
975,3.9487246115284393
976,4.473542119994917
977,4.473542119994917
978,2.8608748736093776
979,2.8608748736093776
980,4.184057559806411
981,3.687356070554222
982,3.6219201491215056
983,4.626183434466909
984,3.929673505606409
985,4.494426701914887
986,5.0
987,3.98318085200548
988,2.5
989,5.0
990,3.9371586684276756
991,3.9371586684276756
992,4.461987197154272
993,5.0
994,4.897383745209925
995,4.897383745209925
996,4.144472075807561
997,4.427397341182959
998,4.427397341182959
999,4.8753072377208735
1000,4.484041518507273
1001,2.174291545627352
1002,3.5278212550229346
1003,5.0
1004,4.829416727978222
1005,5.000000000000001
1006,4.999999999999999
1007,2.4782138098001063
1008,2.4782138098001063
1009,1.0
1010,1.0
1011,4.398126099768417
1012,4.311943007860706
1013,4.311943007860706
1014,3.68195991718357
1015,4.146124312745926
1016,4.71431090947591
1017,3.0
1018,4.7697426545598915
1019,4.7697426545598915
1020,2.816594275057501
1021,5.0
1022,5.0
1023,5.0
1024,4.675972323502241
1025,4.436653173698938
1026,4.436653173698938
1027,4.2366465956741965
1028,4.800616834333189
1029,4.017820698369985
1030,5.0
1031,4.711552576108076
1032,5.0
1033,4.536039314359993
1034,3.0
1035,4.471669759602051
1036,4.471669759602051
1037,3.8867743637375987
1038,5.0
1039,3.8275696963719894
1040,4.368677854353255
1041,4.368677854353255
1042,5.000000000000001
1043,5.0
1044,5.0
1045,4.0985105529491035
1046,4.0985105529491035
1047,4.150089661140482
1048,4.27663653476443
1049,4.27663653476443
1050,5.0
1051,1.5227936693834987
1052,1.5227936693834987
1053,4.819083658023472
1054,4.683144671788852
1055,4.683144671788852
1056,4.584538235466895
1057,3.9685793306911203
1058,4.047726142405532
1059,4.703421082828608
1060,4.703421082828608
1061,4.5324779142290295
1062,4.377128663966624
1063,1.892267152777643
1064,1.892267152777643
1065,3.182594736414006
1066,3.182594736414006
1067,3.7328488105705793
1068,4.608344411195429
1069,2.7575263684670706
1070,4.508627654899868
1071,4.482200142311124
1072,3.504606849828873
1073,3.504606849828873
1074,3.5891911542830797
1075,3.5891911542830797
1076,4.813933976505924
1077,4.456636605643685
1078,4.999999999999999
1079,4.805587167383824
1080,5.0
1081,3.863986534448007
1082,4.446221835742048
1083,4.148863383086206
1084,3.0970492584757725
1085,4.586657326718961
1086,4.155978146626729
1087,5.0
1088,4.368188029667764
1089,4.368188029667764
1090,3.319190230518464
1091,3.319190230518464
1092,2.745443092887715
1093,2.745443092887715
1094,5.0
1095,4.015340141905693
1096,4.015340141905693
1097,4.0
1098,4.432851287744745
1099,4.432851287744745
1100,4.489417355046107
1101,1.6186064871529746
1102,4.738031307360795
1103,4.738031307360795
1104,4.444107044374635
1105,5.0
1106,4.0
1107,4.581489662161757
1108,4.651021187130793
1109,4.800520409800523
1110,5.0
1111,5.0
1112,4.734460759085267
1113,4.959253928309883
1114,4.959253928309883
1115,4.67360436844822
1116,4.67360436844822
1117,4.939981518175471
1118,3.6401095428367793
1119,4.879022720007151
1120,4.879022720007151
1121,4.50218805504235
1122,5.0
1123,4.418052738226911
1124,4.418052738226911
1125,4.340914974530915
1126,3.771354647262874
1127,4.389330298366084
1128,4.874645357322509
1129,4.874645357322509
1130,4.999999999999999
1131,4.999999999999999
1132,5.0
1133,3.380189544479776
1134,4.276815763346555
1135,5.0
1136,3.6485934798433637
1137,3.6485934798433637
1138,1.0
1139,1.0
1140,2.5
1141,1.996284643448877
1142,1.996284643448877
1143,4.632220238349345
1144,4.138994126367362
1145,4.470675967595088
1146,4.656148351210271
1147,4.656148351210271
1148,4.8608537252315145
1149,4.8608537252315145
1150,4.9626682485582485
1151,4.999999999999999
1152,2.8347651808096446
1153,5.0
1154,3.034279036241108
1155,4.0
1156,4.0
1157,3.6079394682180603
1158,3.6079394682180603
1159,4.576281156592398
1160,4.401136699577313
1161,4.370373027201306
1162,4.219928593245319
1163,3.645766964887043
1164,4.866968452359404
1165,4.283121270342727
1166,3.795371933913316
1167,2.743041904118213
1168,3.8888194250890304
1169,3.3030872591974445
1170,5.000000000000001
1171,3.262574799681893
1172,3.262574799681893
1173,4.804570531233935
1174,4.650723705092612
1175,4.014671104074881
1176,5.0
1177,4.4628148009516915
1178,2.555817221411617
1179,2.555817221411617
1180,4.349236193579861
1181,4.65769430358881
1182,4.059570020193218
1183,5.0
1184,3.0000000000000004
1185,5.0
1186,3.8932429773832147
1187,3.534115583432993
1188,3.0
1189,2.7496983765477343
1190,2.7496983765477343
1191,4.544068765679655
1192,4.595815939727184
1193,4.595815939727184
1194,2.5
1195,4.022618520495576
1196,4.880739139908522
1197,4.493328666184283
1198,4.493328666184283
1199,4.491963448742755
1200,4.978822861045797
1201,2.5
1202,4.999999999999999
1203,5.000000000000001
1204,4.302517107219339
1205,4.302517107219339
1206,3.7010347430558435
1207,4.4199091777661925
1208,4.413959407411282
1209,4.413959407411282
1210,4.768355232954488
1211,4.5450951992940025
1212,3.5318610482928636
1213,4.672350168895756
1214,3.5023590625236634
1215,5.0
1216,5.0
1217,2.5
1218,3.2736518522423377
1219,3.2736518522423377
1220,2.5
1221,5.0
1222,5.0
1223,3.0601193650968703
1224,3.9638927070222754
1225,3.9638927070222754
1226,4.229626877212556
1227,3.6104596029259124
1228,3.6104596029259124
1229,4.124770246628262
1230,4.124770246628262
1231,5.0
1232,3.366634511955395
1233,3.366634511955395
1234,4.0
1235,2.9336125398529145
1236,2.9336125398529145
1237,5.0
1238,4.087814870874968
1239,4.087814870874968
1240,4.678548488602162
1241,4.310581906882821
1242,2.29399253863644
1243,2.29399253863644
1244,3.2393800513753517
1245,3.2393800513753517
1246,5.0
1247,4.187145987275211
1248,4.187145987275211
1249,4.1444588876771755
1250,2.396725202450688
1251,4.542606452802219
1252,4.542606452802219
1253,4.090887443971484
1254,4.324578633035288
1255,4.002535250183944
1256,4.173767186004266
1257,3.3340417458061298
1258,3.3340417458061298
1259,3.0
1260,3.0
1261,4.7158169305766515
1262,4.570030202681633
1263,4.883163332899164
1264,5.0
1265,2.407263780720973
1266,2.407263780720973
1267,4.233502156572227
1268,4.233502156572227
1269,3.7606507790064
1270,4.62751724303666
1271,3.0
1272,3.0
1273,4.180861397563394
1274,3.395622055481437
1275,4.228399691426923
1276,4.001533631426318
1277,4.169891786684548
1278,4.0
1279,3.5849968870464006
1280,4.324918546067776
1281,4.324918546067776
1282,4.230111877601023
1283,4.230111877601023
1284,3.650650621009357
1285,3.650650621009357
1286,4.560572448735293
1287,4.413116406997867
1288,4.889623645540081
1289,2.6287514177120284
1290,4.548757063488862
1291,2.865542704417392
1292,4.154131922589938
1293,1.0
1294,1.0
1295,5.0
1296,4.973022323020075
1297,3.143171615554997
1298,4.348761115601473
1299,4.348761115601473
1300,4.481332981578852
1301,3.894333833624127
1302,2.6659405229560855
1303,2.2814782362457833
1304,2.2814782362457833
1305,4.2934430450809
1306,3.954026474510138
1307,5.0
1308,3.4194107507409193
1309,4.077293374069927
1310,3.91769176941146
1311,3.9621364129303096
1312,3.9621364129303096
1313,5.0
1314,4.571261497833846
1315,4.114030593425788
1316,3.373675857975939
1317,3.5464301784136585
1318,3.5464301784136585
1319,2.738271693302099
1320,2.738271693302099
1321,2.9433997339323956
1322,4.256047856151089
1323,4.726608773076963
1324,3.5549484827548588
1325,3.0
1326,5.0
1327,2.5
1328,2.5
1329,2.5641017831920405
1330,2.5641017831920405
1331,5.0
1332,2.9738161272319314
1333,2.9738161272319314
1334,4.488629890648813
1335,3.901702007590649
1336,3.901702007590649
1337,5.0
1338,3.371622865262131
1339,4.0
1340,2.7689458299506793
1341,5.0
1342,5.0
1343,3.262508909253573
1344,4.553401943569249
1345,4.204361592108889
1346,4.204361592108889
1347,4.0
1348,4.7789940330799
1349,4.7789940330799
1350,4.663239743937938
1351,5.0
1352,4.999999999999999
1353,4.999999999999999
1354,2.5
1355,4.8753857211347995
1356,5.000000000000001
1357,3.3240938270409237
1358,4.824742079934263
1359,4.253092871163462
1360,3.9909312313320258
1361,3.0
1362,5.0
1363,4.626724003749437
1364,5.0
1365,5.0
1366,3.6295167901636445
1367,3.6295167901636445
1368,4.323695587348458
1369,4.323695587348458
1370,4.791936486266607
1371,4.791936486266607
1372,1.0
1373,1.0
1374,4.944838987744725
1375,4.944838987744725
1376,4.335554079149591
1377,2.5
1378,3.9879217127989257
1379,5.0
1380,4.0
1381,3.4438990823405957
1382,3.4438990823405957
1383,3.3208715782141076
1384,3.6340014241471903
1385,5.0
1386,4.5238059352065525
1387,5.0
1388,5.0
1389,2.5
1390,4.343158682894488
1391,4.046749393664795
1392,4.47299907152428
1393,3.6865433053517207
1394,4.039772600826828
1395,4.0
1396,5.0
1397,5.0
1398,4.0768645950474784
1399,4.0768645950474784
1400,2.5
1401,5.0
1402,4.174317679237261
1403,5.0
1404,5.0
1405,5.0
1406,4.276234254926497
1407,4.47075853728298
1408,5.0
1409,5.0
1410,4.118362276699161
1411,4.963692850572595
1412,5.0
1413,4.553569239111109
1414,3.179671106715945
1415,3.179671106715945
1416,4.220195285786221
1417,1.0
1418,1.0
1419,4.005363634596914
1420,4.005363634596914
1421,4.478130060320094
1422,3.896028226041872
1423,4.721694256809028
1424,3.0000000000000004
1425,3.599238755946288
1426,4.0
1427,4.0
1428,4.518999071907137
1429,4.0
1430,4.490455879384488
1431,2.8303580950039438
1432,2.8303580950039438
1433,3.2115592976461373
1434,3.2115592976461373
1435,5.0
1436,1.6788190269823777
1437,4.796108658897456
1438,3.7513282192268718
1439,4.53327168836482
1440,4.53327168836482
1441,4.28999104082131
1442,4.0
1443,4.35627107579424
1444,4.35627107579424
1445,5.0
1446,4.341068455234739
1447,4.829094045209284
1448,4.571156966847408
1449,2.6819857535018876
1450,2.6819857535018876
1451,4.0
1452,5.0
1453,4.476540121195413
1454,3.9303973920503985
1455,2.5
1456,4.063480415134008
1457,4.0
1458,4.561122843767013
1459,5.0
1460,5.0
1461,4.840882182745634
1462,5.0
1463,3.7091904521587096
1464,3.7091904521587096
1465,3.908269638941099
1466,4.031184724726211
1467,4.031184724726211
1468,4.7351759497531285
1469,4.899442390925663
1470,4.279103613594098
1471,3.5769789121410205
1472,3.328943477484243
1473,3.156698447382426
1474,4.520964279509364
1475,4.947448794467658
1476,5.0
1477,5.0
1478,5.0
1479,3.9623975729530607
1480,3.9623975729530607
1481,4.524891795174822
1482,3.4759581918745206
1483,3.4759581918745206
1484,5.0
1485,4.999999999999999
1486,2.5
1487,4.0
1488,2.5
1489,4.148597421216457
1490,5.0
1491,2.867899668477002
1492,2.867899668477002
1493,4.05480057425177
1494,4.0
1495,3.6228396751580436
1496,4.0
1497,4.0
1498,2.8198672371351874
1499,3.9370465899782543
1500,4.246722554197046
1501,4.3963378055996545
1502,5.0
1503,3.565764535263506
1504,3.565764535263506
1505,5.0
1506,2.4789819608091275
1507,4.521004681980533
1508,4.0
1509,4.0
1510,4.180083953974141
1511,3.6654201437509326
1512,5.000000000000001
1513,4.0
1514,3.0
1515,3.0
1516,2.5
1517,4.999999999999999
1518,5.0
1519,4.0
1520,2.6917200982272607
1521,4.441743383923473
1522,4.441743383923473
1523,3.0000000000000004
1524,3.2117628637384796
1525,3.2117628637384796
1526,3.8207472725387603
1527,5.0
1528,4.0
1529,4.28126305660624
1530,4.803944576980691
1531,2.5
1532,3.095320252261157
1533,1.8048419545070815
1534,3.9490902388232785
1535,3.9490902388232785
1536,4.101852453916248
1537,4.422716224251147
1538,4.422716224251147
1539,3.663506904274033
1540,4.463420763512975
1541,5.0
1542,3.8781399962042253
1543,4.335948016773254
1544,4.335948016773254
1545,3.0
1546,1.9694881020756445
1547,2.5
1548,1.0
1549,4.0
1550,4.999999999999999
1551,1.558705167927067
1552,1.558705167927067
1553,2.967252241773887
1554,4.0
1555,5.0
1556,4.331614347833324
1557,3.0
1558,4.728250645537855
1559,4.534143454641438
1560,3.7827734900329255
1561,2.5
1562,4.161450499413421
1563,3.9263732049273536
1564,4.6919334289664025
1565,4.39401097607985
1566,4.867292655007169
1567,4.394517939264996
1568,4.452386406614845
1569,3.637145703476129
1570,4.5145791549386285
1571,4.0
1572,3.872009699182677
1573,3.872009699182677
1574,3.4752611762023267
1575,4.005576549053075
1576,4.005576549053075
1577,4.0
1578,3.657242326590773
1579,3.657242326590773
1580,3.9448612477321943
1581,3.9448612477321943
1582,4.108242727323759
1583,5.0
1584,3.76772071911769
1585,5.0
1586,4.373611424449585
1587,3.833954703504503
1588,5.0
1589,5.0
1590,4.095374869331663
1591,4.999999999999999
1592,5.0
1593,4.258452503136197
1594,4.0
1595,4.601325820000768
1596,4.440408006698878
1597,2.8825263342894125
1598,3.0
1599,4.999999999999999
1600,5.0
1601,5.0
1602,4.646862272581309
1603,5.0
1604,3.382616860087454
1605,3.2715091871473154
1606,4.0
1607,4.3639551399878584
1608,3.7753447711704817
1609,4.6648563330613255
1610,2.0
1611,4.073861476786426
1612,4.073861476786426
1613,3.9579750234079536
1614,4.262211761853791
1615,2.0
1616,4.0
1617,4.999999999999999
1618,3.853281780686993
1619,4.375376256358945
1620,4.235997956885444
1621,4.235997956885444
1622,4.037052387806312
1623,4.037052387806312
1624,4.066841924359313
1625,2.5
1626,4.790744831080878
1627,4.13375753072513
1628,4.5390678105366575
1629,5.0
1630,4.586765404573232
1631,4.586765404573232
1632,5.0
1633,3.55916369957873
1634,3.55916369957873
1635,4.597182537202156
1636,5.0
1637,5.0
1638,4.518722979811801
1639,4.810505854061417
1640,5.000000000000001
1641,4.5443279351295365
1642,3.5823303369370603
1643,3.5823303369370603
1644,3.997810205109734
1645,3.977191404164492
1646,4.072434317102802
1647,4.072434317102802
1648,5.0
1649,3.0
1650,3.1836999775220467
1651,3.690526423600571
1652,4.4907298424456155
1653,3.2715091871473154
1654,4.670400703304901
1655,4.717469079625661
1656,4.311633879436395
1657,3.150571618217348
1658,4.0
1659,4.3833036192694355
1660,4.0902604118205454
1661,4.0902604118205454
1662,4.50373596007127
1663,4.50373596007127
1664,4.887948893528896
1665,4.226568428183594
1666,4.226568428183594
1667,2.7994860176802105
1668,4.303311523893137
1669,3.0
1670,3.0
1671,4.0
1672,4.454606603875174
1673,5.000000000000001
1674,4.029533617818735
1675,4.029533617818735
1676,4.380460800976173
1677,4.4994183276352615
1678,4.4994183276352615
1679,4.375376256358945
1680,4.03291143975158
1681,4.468620951310133
1682,2.9260687245067007
1683,2.9260687245067007
1684,4.3319304798263545
1685,4.309473576399429
1686,4.644796962219648
1687,4.644796962219648
1688,4.301458954907311
1689,4.194144041208815
1690,5.0
1691,3.4577090208999177
1692,2.692332397719081
1693,2.5
1694,5.0
1695,3.721546830396566
1696,5.0
1697,5.0
1698,5.000000000000001
1699,2.5
1700,3.547938526707271
1701,3.547938526707271
1702,4.8560022017688365
1703,4.8560022017688365
1704,5.0
1705,2.5
1706,4.579066643431227
1707,2.5
1708,4.0
1709,4.0
1710,5.0
1711,5.0
1712,4.797409781497571
1713,4.797409781497571
1714,2.5
1715,4.253627892838403
1716,3.988694803530949
1717,3.988694803530949
1718,3.7377991919573623
1719,3.0
1720,3.0
1721,3.6009308184364692
1722,3.5363714491605993
1723,3.5363714491605993
1724,4.705349154017645
1725,5.0
1726,3.874627401575896
1727,3.874627401575896
1728,4.7503046778975815
1729,4.0
1730,4.999999999999999
1731,4.999999999999999
1732,4.2519711548644405
1733,5.0
1734,5.0
1735,3.295461607975441
1736,2.5
1737,4.0
1738,4.999999999999999
1739,3.0
1740,4.043760813486072
1741,4.8250498563170465
1742,4.8250498563170465
1743,5.0
1744,3.3316950622744685
1745,4.789715956737211
1746,3.677060728503724
1747,3.8241720812442845
1748,3.8241720812442845
1749,4.918309329576627
1750,2.255584093581864
1751,2.255584093581864
1752,2.080036694878852
1753,2.080036694878852
1754,5.0
1755,4.0
1756,5.0
1757,5.0
1758,3.314375708856014
1759,5.0
1760,4.713006926264048
1761,4.713006926264048
1762,4.426593604273614
1763,4.999999999999999
1764,4.218345539308946
1765,3.139692532197053
1766,3.139692532197053
1767,5.0
1768,5.0
1769,5.0
1770,4.7230930405295455
1771,4.0
1772,2.0
1773,4.556310704064349
1774,2.5
1775,4.6451975445024996
1776,4.415136674081048
1777,4.415136674081048
1778,5.0
1779,5.0
1780,3.0
1781,1.0
1782,3.178920542744995
1783,4.758543640704983
1784,4.758543640704983
1785,4.7220096525501045
1786,3.9022505379882575
1787,3.314811602481868
1788,2.0
1789,4.340761364987661
1790,5.0
1791,4.533944668136136
1792,5.0
1793,5.0
1794,4.0
1795,4.0
1796,4.0
1797,5.0
1798,4.846048347809813
1799,4.829574059370576
1800,4.0
1801,5.0
1802,5.0
1803,5.0
1804,4.251538445608321
1805,5.0
1806,5.0
1807,4.131811388615181
1808,4.0
1809,4.156148730877676
1810,4.156148730877676
1811,5.0
1812,3.5810616748896305
1813,5.0
1814,2.5
1815,4.694803444871073
1816,5.0
1817,5.0
1818,4.644024046892956
1819,4.25990455538093
1820,3.7439715285783355
1821,3.0
1822,5.0
1823,5.0
1824,1.0
1825,1.0
1826,3.429404718667661
1827,3.429404718667661
1828,3.144727460372094
1829,3.0764294226637507
1830,3.0764294226637507
1831,5.0
1832,5.0
1833,4.0
1834,4.9769605144821885
1835,4.273654850882448
1836,5.0
1837,4.655576160126304
1838,4.655576160126304
1839,3.4315592283250362
1840,4.727182754747455
1841,4.2811277459843895
1842,4.428908438802525
1843,4.264298412638027
1844,4.0
1845,3.245723397193322
1846,4.035980738644453
1847,4.035980738644453
1848,3.3367231128089223
1849,4.476656160760961
1850,4.476656160760961
1851,3.1992177724238484
1852,3.1992177724238484
1853,3.0
1854,4.4400963317953845
1855,4.568503705921518
1856,4.711510235003545
1857,4.8499176583861985
1858,4.8499176583861985
1859,4.391785634258444
1860,4.391785634258444
1861,4.243299348883
1862,4.241619393259695
1863,2.6783710341595177
1864,2.6783710341595177
1865,5.000000000000002
1866,4.999999999999999
1867,4.999999999999999
1868,5.0
1869,2.0
1870,4.0
1871,3.2799556743425415
1872,5.0
1873,2.5
1874,4.0
1875,2.6948387518569157
1876,2.6948387518569157
1877,4.3253704469345635
1878,4.9543717395644755
1879,4.9543717395644755
1880,5.0
1881,3.958968973440225
1882,5.0
1883,3.1126916452338245
1884,3.1126916452338245
1885,4.500162002182568
1886,2.910662145887947
1887,4.827734985231739
1888,5.0
1889,4.0
1890,5.0
1891,4.916110975376505
1892,4.879021297883546
1893,5.0
1894,4.891097390357105
1895,4.250997075022097
1896,5.0
1897,5.0
1898,5.0
1899,5.000000000000001
1900,3.307658056086796
1901,5.0
1902,4.093771646964057
1903,4.093771646964057
1904,5.0
1905,5.0
1906,4.6822297108955615
1907,5.0
1908,4.0
1909,4.0
1910,5.0
1911,5.0
1912,3.5589581438636517
1913,3.392700685239845
1914,4.215729531402202
1915,4.215729531402202
1916,3.3872919595141613
1917,3.3872919595141613
1918,4.0
1919,4.235183667486943
1920,5.0
1921,5.0
1922,2.5
1923,1.0115613867081248
1924,5.0
1925,4.907382666103968
1926,2.0
1927,2.0
1928,3.6340014241471903
1929,3.583642295570896
1930,3.0000000000000004
1931,4.0
1932,5.0
1933,5.0
1934,4.5804231570104195
1935,5.0
1936,4.999999999999999
1937,4.668346729705235
1938,5.0
1939,5.0
1940,2.5
1941,5.000000000000001
1942,5.000000000000001
1943,3.1747405430851203
1944,3.1747405430851203
1945,4.5495843484579055
1946,4.135956176799405
1947,4.135956176799405
1948,2.5
1949,2.5
1950,4.482602106081102
1951,3.2150475102745806
1952,3.2150475102745806
1953,3.3681949578634196
1954,1.0
1955,1.0
1956,3.7629976067527653
1957,4.999999999999999
1958,5.0
1959,4.08989840557962
1960,4.08989840557962
1961,5.0
1962,4.146271635431417
1963,5.0
1964,4.999999999999999
1965,5.0
1966,4.584142228434564
1967,5.0
1968,2.5
1969,4.160718008497102
1970,4.162037331055592
1971,4.162037331055592
1972,3.656140211541319
1973,5.0
1974,5.0
1975,5.0
1976,4.061931494075976
1977,4.131644753523022
1978,5.0
1979,5.0
1980,5.0
1981,5.0
1982,4.2753468018602705
1983,4.483116341339781
1984,4.483116341339781
1985,4.56429172812603
1986,2.9999999999999996
1987,4.08157643124811
1988,4.0
1989,4.700387081351155
1990,5.0
1991,5.0
1992,2.331585586841574
1993,3.2402045446063577
1994,4.440195133528158
1995,4.440195133528158
1996,4.0
1997,4.168422869858472
1998,3.8532597889175872
1999,3.8532597889175872
2000,4.517703576548269
2001,1.0
2002,3.221420253608472
2003,4.9356914754063475
2004,5.0
2005,5.0
2006,5.0
2007,3.0
2008,5.0
2009,3.8171856761681813
2010,4.131573377509134
2011,4.131573377509134
2012,3.1559641107318646
2013,5.0
2014,4.633489363190099
2015,3.3366933155437035
2016,3.3366933155437035
2017,4.5296971297757125
2018,4.5296971297757125
2019,4.77458346012723
2020,3.809073303709635
2021,4.447674559325745
2022,4.447674559325745
2023,4.0
2024,4.733916887945557
2025,4.5196121653194234
2026,3.4918854455832653
2027,1.0
2028,3.373833191378948
2029,3.373833191378948
2030,4.0
2031,5.0
2032,4.0
2033,5.0
2034,4.0
2035,5.0
2036,4.918498054420482
2037,4.999999999999999
2038,4.999999999999999
2039,5.0
2040,5.0
2041,5.0
2042,5.0
2043,4.203867782677257
2044,4.203867782677257
2045,4.515212094638202
2046,4.515212094638202
2047,4.0
2048,4.199700909076951
2049,1.5343676435832743
2050,4.0
2051,4.450192560389763
2052,4.0
2053,5.0
2054,2.7328640129000243
2055,2.7328640129000243
2056,4.7570706875523845
2057,5.0
2058,1.0
2059,4.478198310849813
2060,3.0
2061,4.137258404424461
2062,4.137258404424461
2063,4.0
2064,4.0
2065,2.5
2066,4.567649020710591
2067,4.0
2068,4.7270466775517495
2069,3.5179937717326597
2070,3.1703282367711276
2071,2.0
2072,3.4867666669775543
2073,3.916297160798979
2074,4.0
2075,4.859211680879496
2076,4.120564946267728
2077,5.0
2078,5.0
2079,5.0
2080,4.0677676894830785
2081,4.0
2082,4.655207091792999
2083,5.0
2084,3.6265138186025547
2085,3.2289836345556635
2086,5.0
2087,3.749779166200598
2088,4.08248004237418
2089,4.64061176253363
2090,3.3898948413895624
2091,3.3898948413895624
2092,1.0
2093,1.0
2094,4.659180624711437
2095,3.7493436276295973
2096,3.0
2097,4.0
2098,5.0
2099,4.375376256358945
2100,4.325536200947481
2101,4.325536200947481
2102,3.0000000000000004
2103,4.556199831262155
2104,4.556199831262155
2105,3.87027398824992
2106,5.0
2107,4.489541845520199
2108,4.489541845520199
2109,4.415151255670604
2110,3.0
2111,3.0
2112,5.0
2113,4.431473607011533
2114,3.0
2115,3.0
2116,5.0
2117,4.239929993588055
2118,5.0
2119,5.0
2120,4.227782435770092
2121,3.0
2122,5.0
2123,5.0
2124,3.3807868601419697
2125,3.1445810022940552
2126,4.491225476307324
2127,4.045188681723637
2128,4.726100377699783
2129,2.5
2130,5.0
2131,3.663078797959256
2132,5.0
2133,5.0
2134,5.0
2135,2.5
2136,3.4926870123974
2137,3.4926870123974
2138,4.53811467541972
2139,4.857629796407172
2140,4.88640768289184
2141,3.8012018830267196
2142,3.0
2143,3.0
2144,4.086804648923656
2145,4.999999999999999
2146,2.5
2147,4.256059632461541
2148,5.0
2149,4.066888402309558
2150,4.641125979606553
2151,4.641125979606553
2152,5.0
2153,3.802464460791048
2154,4.999999999999999
2155,5.0
2156,4.392039373391141
2157,5.0
2158,4.999999999999999
2159,4.083736576306005
2160,4.083736576306005
2161,3.0
2162,3.0
2163,2.5
2164,4.0
2165,3.837153568765416
2166,4.0
2167,3.0
2168,2.0
2169,5.0
2170,3.6103456144545154
2171,3.6103456144545154
2172,4.821006049673834
2173,5.0
2174,4.120974243611039
2175,4.120974243611039
2176,4.0
2177,5.0
2178,5.0
2179,4.318606263874218
2180,2.5
2181,4.0
2182,4.441029928447195
2183,3.0
2184,5.0
2185,3.7371907357613483
2186,2.5
2187,5.0
2188,5.0
2189,4.0
2190,4.0
2191,4.543206414624849
2192,4.543206414624849
2193,5.0
2194,5.0
2195,3.0
2196,5.0
2197,4.999999999999999
2198,4.999999999999999
2199,4.0
2200,1.0
2201,5.0
2202,5.0
2203,3.3313511112591825
2204,1.0
2205,1.0
2206,5.0
2207,4.999999999999999
2208,4.063165262757909
2209,3.6456003890711677
2210,4.816347167552968
2211,4.816347167552968
2212,4.0
2213,5.0
2214,2.783571268516887
2215,5.0
2216,5.0
2217,4.202770675863192
2218,5.0
2219,3.0
2220,4.726915436859891
2221,5.0
2222,5.000000000000001
2223,5.0
2224,4.3826001506875905
2225,2.5
2226,4.0
2227,4.0
2228,4.541895140619884
2229,3.2812825697816654
2230,4.776608620429252
2231,4.776608620429252
2232,4.0
2233,4.263348979585293
2234,4.263348979585293
2235,3.889706481413451
2236,4.0
2237,3.3058809165901297
2238,5.0
2239,4.784748165763
2240,5.0
2241,5.0
2242,4.082982891229108
2243,5.0
2244,4.999999999999999
2245,4.3951222246073565
2246,5.0
2247,4.012096969073551
2248,4.521522053510883
2249,4.375899507331295
2250,5.0
2251,5.0
2252,5.0
2253,4.0
2254,5.0
2255,4.68575695208502
2256,1.4311112730729216
2257,3.7474662303847097
2258,4.675002531353714
2259,4.399081240325754
2260,4.0
2261,5.0
2262,3.9912396068786133
2263,3.9912396068786133
2264,3.8669089819738387
2265,4.151126074921983
2266,5.0
2267,5.0
2268,5.0
2269,4.0
2270,2.62699172128247
2271,3.096993531782516
2272,5.0
2273,4.916012038569479
2274,4.1444588876771755
2275,4.765769153185476
2276,4.546883848033959
2277,4.546883848033959
2278,2.5
2279,4.405079530498443
2280,4.405079530498443
2281,5.0
2282,1.0
2283,5.0
2284,5.0
2285,5.0
2286,2.5
2287,3.0
2288,2.5240620443331068
2289,3.7776645128645345
2290,5.000000000000001
2291,4.0
2292,4.0
2293,2.5
2294,5.000000000000001
2295,4.0
2296,3.0
2297,4.674757093831769
2298,3.3174968791313986
2299,4.0
2300,4.9515024647394155
2301,4.0
2302,4.0
2303,3.0
2304,5.0
2305,3.562414020164804
2306,3.562414020164804
2307,4.073828066117675
2308,5.000000000000001
2309,5.000000000000001
2310,4.128748027716307
2311,5.0
2312,1.0
2313,3.878383929463489
2314,2.5
2315,4.0
2316,5.0
2317,3.0
2318,4.0
2319,5.0
2320,5.0
2321,5.0
2322,3.9177232424928956
2323,4.010657149013182
2324,2.0
2325,1.6578869549684863
2326,4.498301281689716
2327,2.5
2328,5.0
2329,2.5
2330,2.5
2331,4.0
2332,4.0
2333,5.0
2334,5.0
2335,4.0
2336,5.0
2337,5.0
2338,5.0
2339,5.0
2340,5.0
2341,4.458140162624131
2342,4.1644717387421215
2343,4.766701474427818
2344,4.581335343260454
2345,2.5
2346,3.8827971296791848
2347,2.5
2348,4.740837411704389
2349,5.0
2350,4.0
2351,4.652184297400943
2352,5.0
2353,3.885590305928153
2354,4.410958740243365
2355,4.410958740243365
2356,1.0
2357,4.598573408370075
2358,4.5427110873089855
2359,4.5427110873089855
2360,5.0
2361,5.0
2362,4.654975901244004
2363,4.0
2364,5.0
2365,5.0
2366,3.0
2367,2.5
2368,2.3270864461346563
2369,4.851154937708944
2370,2.0
2371,2.0
2372,1.0
2373,5.0
2374,4.846220779722246
2375,4.846220779722246
2376,5.0
2377,3.556369663177549
2378,3.6107908849171455
2379,2.7730436381004244
2380,4.0
2381,3.5777789274797764
2382,2.7172380910917817
2383,2.7172380910917817
2384,3.2187216861783794
2385,4.0
2386,4.0
2387,1.9063523666967852
2388,5.0
2389,5.0
2390,4.0
2391,4.0
2392,3.0
2393,4.623298165390008
2394,5.000000000000001
2395,5.0
2396,4.255602438901574
2397,5.0
2398,5.0
2399,5.0
2400,4.670666176031657
2401,4.999999999999999
2402,5.0
2403,5.0
2404,4.48386799046012
2405,5.0
2406,5.0
2407,5.0
2408,5.0
2409,4.0
2410,4.0
2411,4.0
2412,4.04354873374751
2413,3.3867117389283177
2414,3.3867117389283177
2415,4.819850484307054
2416,3.1889776614073537
2417,4.9138573975449695
2418,5.0
2419,5.0
2420,4.148984444072069
2421,2.0
2422,5.0
2423,5.0
2424,4.0
2425,2.5
2426,3.4737330881368793
2427,5.0
2428,5.0
2429,5.0
2430,5.0
2431,4.518999071907137
2432,5.0
2433,2.5
2434,2.5
2435,4.735449292678787
2436,4.735449292678787
2437,5.0
2438,2.980121179866333
2439,4.593071232236084
2440,4.0
2441,4.247843200096687
2442,3.007173749341446
2443,3.007173749341446
2444,2.0
2445,4.738002185226094
2446,5.0
2447,4.306095338648996
2448,2.5
2449,2.5
2450,3.595015352785498
2451,3.2799556743425415
2452,4.0
2453,4.465728609694291
2454,3.5231555794323492
2455,5.0
2456,5.0
2457,3.0
2458,3.0
2459,5.0
2460,5.0
2461,3.8368191496555606
2462,2.5
2463,2.5
2464,2.6524656279914676
2465,2.0
2466,2.0
2467,5.0
2468,4.229123406681835
2469,4.700701966911348
2470,4.0
2471,3.0
2472,4.101820480667901
2473,4.101820480667901
2474,4.568586916679978
2475,5.0
2476,3.0
2477,5.0
2478,2.0
2479,2.0
2480,3.0
2481,5.0
2482,5.000000000000001
2483,4.60946334768269
2484,3.566521031211161
2485,3.566521031211161
2486,1.0
2487,3.440408006698877
2488,3.234616505600246
2489,4.09370904646181
2490,5.0
2491,5.0
2492,5.0
2493,5.0
2494,2.5
2495,4.607197294875075
2496,3.5226440001782047
2497,5.0
2498,5.0
2499,3.6512225345428555
2500,3.6512225345428555
2501,4.0
2502,4.202797497784067
2503,3.861999175043552
2504,4.716461229903615
2505,5.0
2506,3.0
2507,4.0
2508,5.0
2509,5.0
2510,5.0
2511,5.0
2512,2.5
2513,5.0
2514,1.0
2515,5.0
2516,2.5
2517,2.5
2518,2.998305895457593
2519,2.5
2520,2.5
2521,3.2715091871473154
2522,4.0
2523,4.680618099517976
2524,4.619593592917075
2525,3.0
2526,5.0
2527,5.0
2528,3.455454877804763
2529,3.1906450062920775
2530,2.4538913821104344
2531,2.4538913821104344
2532,2.5
2533,5.0
2534,4.4991418810692645
2535,4.400578171454711
2536,5.0
2537,5.0
2538,5.0
2539,5.0
2540,5.0
2541,4.775644381340701
2542,4.775644381340701
2543,5.0
2544,2.0
2545,2.5
2546,4.32329895691143
2547,2.5
2548,4.290921488002285
2549,4.0
2550,5.0
2551,3.0
2552,2.5
2553,5.0
2554,2.5
2555,4.0
2556,4.0
2557,5.0
2558,5.0
2559,2.5
2560,2.484584800373609
2561,5.0
2562,3.8510406016530245
2563,4.0
2564,5.0
2565,4.2344957025993795
2566,4.2344957025993795
2567,4.374467784940901
2568,5.0
2569,5.0
2570,5.0
2571,5.0
2572,3.107480085202379
2573,4.0
2574,4.0
2575,4.0
2576,5.0
2577,4.231753220791321
2578,4.0
2579,5.0
2580,3.0468426430651716
2581,1.5932354373396587
2582,5.0
2583,4.362178014523013
2584,3.84797527354888
2585,5.0
2586,3.0
2587,5.0
2588,5.0
2589,2.5
2590,4.0
2591,1.7069759947967782
2592,1.0
2593,4.601426726577505
2594,2.5
2595,3.0281022131188635
2596,3.0281022131188635
2597,2.5
2598,2.8045571737409
2599,5.0
2600,5.0
2601,4.0
2602,1.0
2603,5.0
2604,5.0
2605,5.0
2606,5.0
2607,5.0
2608,3.0
2609,5.0
2610,5.0
2611,5.0
2612,5.0
2613,5.0
2614,1.0
2615,5.0
2616,4.564372986868481
2617,4.0
2618,2.5
2619,5.0
2620,5.0
2621,5.000000000000001
2622,4.475239766389039
2623,5.0
2624,5.0
2625,5.0
2626,2.9671920737348874
2627,4.666060772360815
2628,4.1570633586869095
2629,5.0
2630,4.0
2631,2.2224621146819126
2632,2.2224621146819126
2633,5.0
2634,3.0
2635,2.5
2636,2.407263780720973
2637,4.999999999999999
2638,4.0
2639,4.0
2640,4.082982891229108
2641,4.707383542555734
2642,5.0
2643,5.0
2644,4.0
2645,4.0
2646,4.0
2647,4.0
2648,2.5
2649,4.373743861982136
2650,2.5
2651,2.5
2652,5.0
2653,5.0
2654,4.0
2655,4.7826392587453705
2656,4.7826392587453705
2657,4.011629909740159
2658,2.0
2659,5.0
2660,4.533148008052435
2661,5.0
2662,5.0
2663,2.5
2664,2.5
2665,3.0
2666,3.3055721443371855
2667,5.0
2668,4.0
2669,4.1789205427449945
2670,3.162488251474421
2671,2.5
2672,4.0
2673,5.0
2674,5.0
2675,2.5
2676,2.5
2677,4.77542560342641
2678,1.0
2679,4.0
2680,5.0
2681,5.0
2682,2.0
2683,4.0
2684,4.0
2685,5.0
2686,2.5
2687,5.0
2688,5.0
2689,4.173767186004266
2690,4.0
2691,4.0
2692,4.2842766557941845
2693,3.0
2694,4.0
2695,4.0
2696,1.7269772059347501
2697,2.5
2698,4.0
2699,2.0
2700,2.5
2701,4.0
2702,4.0
2703,5.0
2704,4.53811467541972
2705,5.0
2706,4.762004297620602
2707,4.013615373298147
2708,5.0
2709,5.0
2710,4.239666018996305
2711,5.0
2712,5.0
2713,5.0
2714,2.4315592283250362
2715,2.4315592283250362
2716,3.0
2717,5.0
2718,4.0
2719,4.0
2720,5.0
2721,2.5
2722,5.0
2723,5.0
2724,5.0
2725,5.0
2726,4.213566873222798
2727,4.0
2728,2.0
2729,4.0
2730,3.0
2731,5.0
2732,2.5
2733,4.0
2734,5.0
2735,5.0
2736,2.5
2737,5.0
2738,3.2037049078324955
2739,4.517412058383487
2740,5.0
2741,5.0
2742,5.0
2743,5.0
2744,3.746993068229491
2745,5.0
2746,4.0
2747,4.0
2748,3.6265138186025547
2749,3.0
2750,4.581489662161757
2751,4.581489662161757
2752,4.0
2753,5.0
2754,5.0
2755,5.0
2756,4.5591798503544645
2757,2.5
2758,4.0
2759,5.0
2760,1.0
2761,5.0
2762,5.0
2763,2.5
2764,5.0
2765,2.5
2766,5.0
2767,5.0
2768,3.457917684584589
2769,4.0
2770,4.0
2771,4.0
2772,5.0
2773,4.737508963385908
2774,3.0
2775,2.5
2776,5.0
2777,3.0
2778,5.0
2779,5.0
2780,5.0
2781,4.448772319176555
2782,4.0
2783,5.0
2784,3.2055430522686836
2785,5.0
2786,5.0
2787,4.0
2788,2.5
2789,4.0
2790,2.5
2791,2.5
2792,3.0
2793,4.0
2794,2.5
2795,4.267865313388734
2796,5.0
2797,5.0
2798,1.0
2799,1.0
2800,1.0
2801,4.0
2802,1.0
2803,3.0
2804,3.0
2805,5.0
2806,2.5
2807,5.0
2808,5.0
2809,4.0
2810,4.0
2811,5.0
2812,5.0
2813,5.0
2814,5.0
2815,3.0000000000000004
2816,5.0
2817,5.0
2818,5.0
2819,5.0
2820,5.0
2821,4.712859925633541
2822,5.0
2823,5.0
2824,5.0
2825,4.0
2826,5.0
2827,2.5
2828,2.5
2829,4.999999999999999
2830,5.0
2831,5.0
2832,5.0
2833,4.121700718398766
2834,5.0
2835,2.5
2836,4.0
2837,4.588733627755561
2838,5.0
2839,5.0
2840,4.5184360510326425
2841,5.0
2842,2.5
2843,5.0
2844,3.0
2845,2.5
2846,5.0
2847,4.667684919760177
2848,4.999999999999999
2849,4.0
2850,5.0
2851,2.5
2852,5.0
2853,1.0
2854,1.0
2855,5.0
2856,1.0
2857,1.0
2858,4.614603338243523
2859,5.0
2860,5.0
2861,3.0
2862,3.0
2863,2.5
2864,2.5
2865,5.0
2866,2.5
2867,5.0
2868,5.0
2869,1.0
2870,2.2149768658150237
2871,4.0
2872,5.0
2873,4.0
2874,2.5
2875,5.0
2876,2.5
2877,5.0
2878,2.5
2879,4.0505309472386815
2880,5.0
2881,5.0
2882,2.5
2883,4.0
2884,5.0
2885,5.0
2886,5.0
2887,4.229272117078654
2888,2.5
2889,4.485272109319767
2890,1.0
2891,5.0
2892,5.0
2893,5.0
2894,5.0
2895,5.0
2896,2.5
2897,4.999999999999999
2898,4.999999999999999
2899,4.0
2900,4.0
2901,4.999999999999999
2902,4.999999999999999
2903,2.5
2904,1.0
2905,2.5
2906,3.9329536564614025
2907,4.0
2908,4.0
2909,5.0
2910,5.0
2911,5.0
2912,5.0
2913,5.0
2914,2.5
2915,2.5
2916,5.0
2917,5.0
2918,4.783764827017488
2919,1.081289801743221
2920,5.000000000000001
2921,2.3979888233290922
2922,5.0
2923,2.5
2924,2.5
2925,5.0
2926,4.394906034546918
2927,2.5
2928,4.144472075807561
2929,5.0
2930,2.5
2931,3.6340014241471903
2932,4.999999999999999
2933,5.0
2934,5.0
2935,4.0
2936,2.5
2937,1.9304643911485637
2938,3.0
2939,2.5
2940,4.0
2941,5.0
2942,5.0
2943,5.0
2944,5.0
2945,5.0
2946,2.5
2947,3.289097496588005
2948,5.0
2949,5.0
2950,5.0
2951,5.0
2952,2.5
2953,5.0
2954,2.5
2955,1.7823771326129059
2956,5.0
2957,5.0
2958,5.0
2959,4.999999999999999
2960,5.0
2961,4.0
2962,4.0
2963,5.0
2964,2.5
2965,5.0
2966,4.0
2967,5.0
2968,5.0
2969,5.0
2970,4.180192120903033
2971,5.0
2972,4.0
2973,2.5
2974,5.0
2975,5.0
2976,3.0
2977,2.5
2978,5.0
2979,5.0
2980,5.0
2981,2.5
2982,5.0
2983,4.0
2984,5.0
2985,5.0
2986,5.0
2987,2.0
2988,2.0
2989,5.0
2990,2.0
2991,4.0
2992,4.0
2993,5.0
2994,1.0
2995,4.0
2996,5.0
2997,5.0
2998,4.999999999999999
2999,4.0
3000,2.0
3001,4.0
3002,4.0
3003,2.5
3004,5.0
3005,2.5
3006,5.0
3007,4.0
3008,2.5
3009,4.0
3010,2.0
3011,2.0
3012,3.309573614519159
3013,5.0
3014,4.0
3015,5.0
3016,2.5
3017,2.5
3018,5.0
3019,2.5
3020,5.0
3021,5.0
3022,3.0
3023,5.0
3024,5.0
3025,5.0
3026,5.0
3027,2.5
3028,2.5
3029,4.0
3030,3.0
3031,2.5
3032,2.5
3033,2.5
3034,2.5
3035,2.5
3036,2.5
3037,2.5
3038,2.5
3039,2.5
3040,2.5
3041,2.5
3042,2.5
3043,2.5
3044,2.5
3045,2.5
3046,2.5
3047,2.5
3048,2.5
3049,2.5
3050,2.5
3051,2.5
3052,2.5
3053,2.5
3054,2.5
3055,2.5
3056,2.5
3057,2.5
3058,2.5
3059,2.5
3060,2.5
3061,2.5
3062,2.5
3063,2.5
3064,2.5
3065,2.5
3066,2.5
3067,2.5
3068,2.5
3069,2.5
3070,2.5
3071,2.5
3072,2.5
3073,2.5
3074,2.5
3075,2.5
3076,2.5
3077,2.5
3078,2.5
3079,2.5
3080,2.5
3081,2.5
3082,2.5
3083,2.5
3084,2.5
3085,2.5
3086,2.5
3087,2.5
3088,2.5
3089,2.5
3090,2.5
3091,2.5
3092,2.5
3093,2.5
3094,2.5
3095,2.5
3096,2.5
3097,2.5
3098,2.5
3099,2.5
3100,2.5
3101,2.5
3102,2.5
3103,2.5
3104,2.5
3105,2.5
3106,2.5
3107,2.5
3108,2.5
3109,2.5
3110,2.5
3111,2.5
3112,2.5
3113,2.5
3114,2.5
3115,2.5
3116,2.5
3117,2.5
3118,2.5
3119,2.5
3120,2.5
3121,2.5
3122,2.5
3123,2.5
3124,2.5
3125,2.5
3126,2.5
3127,2.5
3128,2.5
3129,2.5
3130,2.5
3131,2.5
3132,2.5
3133,2.5
3134,2.5
3135,2.5
3136,2.5
3137,2.5
3138,2.5
3139,2.5
3140,2.5
3141,2.5
3142,2.5
3143,2.5
3144,2.5
3145,2.5
3146,2.5
3147,2.5
3148,2.5
3149,2.5
3150,2.5
3151,2.5
3152,2.5
3153,2.5
3154,2.5
3155,2.5
3156,2.5
3157,2.5
3158,2.5
3159,2.5
3160,2.5
3161,2.5
3162,2.5
3163,2.5
3164,2.5
3165,2.5
3166,2.5
3167,2.5
3168,2.5
3169,2.5
3170,2.5
3171,2.5
3172,2.5
3173,2.5
3174,2.5
3175,2.5
3176,2.5
3177,2.5
3178,2.5
3179,2.5
3180,2.5
3181,2.5
3182,2.5
3183,2.5
3184,2.5
3185,2.5
3186,2.5
3187,2.5
3188,2.5
3189,2.5
3190,2.5
3191,2.5
3192,2.5
3193,2.5
3194,2.5
3195,2.5
3196,2.5
3197,2.5
3198,2.5
3199,2.5
3200,2.5
3201,2.5
3202,2.5
3203,2.5
3204,2.5
3205,2.5
3206,2.5
3207,2.5
3208,2.5
3209,2.5
3210,2.5
3211,2.5
3212,2.5
3213,2.5
3214,2.5
3215,2.5
3216,2.5
3217,2.5
3218,2.5
3219,2.5
3220,2.5
3221,2.5
3222,2.5
3223,2.5
3224,2.5
3225,2.5
3226,2.5
3227,2.5
3228,2.5
3229,2.5
3230,2.5
3231,2.5
3232,2.5
3233,2.5
3234,2.5
3235,2.5
3236,2.5
3237,2.5
3238,2.5
3239,2.5
3240,2.5
3241,2.5
3242,2.5
3243,2.5
3244,2.5
3245,2.5
3246,2.5
3247,2.5
3248,2.5
3249,2.5
3250,2.5
3251,2.5
3252,2.5
3253,2.5
3254,2.5
3255,2.5
3256,2.5
3257,2.5
3258,2.5
3259,2.5
3260,2.5
3261,2.5
3262,2.5
3263,2.5
3264,2.5
3265,2.5
3266,2.5
3267,2.5
3268,2.5
3269,2.5
3270,2.5
3271,2.5
3272,2.5
3273,2.5
3274,2.5
3275,2.5
3276,2.5
3277,2.5
3278,2.5
3279,2.5
3280,2.5
3281,2.5
3282,2.5
3283,2.5
3284,2.5
3285,2.5
3286,2.5
3287,2.5
3288,2.5
3289,2.5
3290,2.5
3291,2.5
3292,2.5
3293,2.5
3294,2.5
3295,2.5
3296,2.5
3297,2.5
3298,2.5
3299,2.5
3300,2.5
3301,2.5
3302,2.5
3303,2.5
3304,2.5
3305,2.5
3306,2.5
3307,2.5
3308,2.5
3309,2.5
3310,2.5
3311,2.5
3312,2.5
3313,2.5
3314,2.5
3315,2.5
3316,2.5
3317,2.5
3318,2.5
3319,2.5
3320,2.5
3321,2.5
3322,2.5
3323,2.5
3324,2.5
3325,2.5
3326,2.5
3327,2.5
3328,2.5
3329,2.5
3330,2.5
3331,2.5
3332,2.5
3333,2.5
3334,2.5
3335,2.5
3336,2.5
3337,2.5
3338,2.5
3339,2.5
3340,2.5
3341,2.5
3342,2.5
3343,2.5
3344,2.5
3345,2.5
3346,2.5
3347,2.5
3348,2.5
3349,2.5
3350,2.5
3351,2.5
3352,2.5
3353,2.5
3354,2.5
3355,2.5
3356,2.5
3357,2.5
3358,2.5
3359,2.5
3360,2.5
3361,2.5
3362,2.5
3363,2.5
3364,2.5
3365,2.5
3366,2.5
3367,2.5
3368,2.5
3369,2.5
3370,2.5
3371,2.5
3372,2.5
3373,2.5
3374,2.5
3375,2.5
3376,2.5
3377,2.5
3378,2.5
3379,2.5
3380,2.5
3381,2.5
3382,2.5
3383,2.5
3384,2.5
3385,2.5
3386,2.5
3387,2.5
3388,2.5
3389,2.5
3390,2.5
3391,2.5
3392,2.5
3393,2.5
3394,2.5
3395,2.5
3396,2.5
3397,2.5
3398,2.5
3399,2.5
3400,2.5
3401,2.5
3402,2.5
3403,2.5
3404,2.5
3405,2.5
3406,2.5
3407,2.5
3408,2.5
