,0
0,3.8576464032820805
1,4.826731328011704
2,2.0
3,3.4822081341356874
4,3.4822081341356874
5,4.701975905755773
6,4.1520779300412345
7,4.1520779300412345
8,4.171148533968943
9,3.5107211730222714
10,3.5107211730222714
11,4.531488168318907
12,4.531488168318907
13,4.4039590553750045
14,5.0
15,3.218604255420666
16,4.355758268965613
17,2.9904767617880426
18,2.9904767617880426
19,4.780936339141513
20,4.780936339141513
21,4.770444808865556
22,4.999999999999998
23,4.429610432196435
24,2.5
25,3.607152314624285
26,3.607152314624285
27,4.164637826599068
28,4.414437468711496
29,4.414437468711496
30,4.252911005742441
31,4.5793268396271
32,4.5793268396271
33,4.209100456194005
34,4.771801187082389
35,5.0
36,5.0
37,3.9060483871503084
38,5.0
39,4.0
40,4.999999999999999
41,4.658336757529359
42,3.927284926448694
43,4.443274936964014
44,3.9047373171965267
45,3.9047373171965267
46,2.85830799272914
47,3.9242802137864428
48,3.9242802137864428
49,3.9593838762678857
50,3.9593838762678857
51,2.8433643622657803
52,5.000000000000001
53,4.601300864901902
54,4.2764805652706315
55,4.301017613057337
56,4.836858093577541
57,4.71182841694669
58,4.6734499227622335
59,3.2871460286519927
60,3.928372262852525
61,3.267259229550881
62,3.267259229550881
63,4.138650223524854
64,4.138650223524854
65,4.620545886491846
66,3.9627666083899986
67,3.010672617242901
68,3.010672617242901
69,4.0
70,4.0
71,4.541955851888241
72,4.462870268760036
73,4.708902088549512
74,4.360453939166557
75,4.360453939166557
76,4.53849834236564
77,4.53849834236564
78,3.371251132436319
79,4.026193133485156
80,4.776840302121657
81,2.885285194830766
82,2.885285194830766
83,4.193798971883491
84,4.2941724987405125
85,4.185815897320946
86,4.403465494806172
87,4.772283406235533
88,3.128884577646707
89,3.128884577646707
90,4.862621637810654
91,4.0
92,4.744310611010573
93,4.494630178480099
94,4.572864514755689
95,4.572864514755689
96,3.7982879682850115
97,4.2551427961197135
98,4.2551427961197135
99,4.608756918793017
100,4.14931445877055
101,5.0
102,4.6745942618624055
103,3.334739741533755
104,4.928520019630678
105,4.928520019630678
106,4.70738545033816
107,4.70738545033816
108,4.1163238944985965
109,2.5
110,5.0
111,4.461013639805618
112,3.1743352597532253
113,4.213778040488571
114,4.149045119025924
115,4.149045119025924
116,4.241062133769954
117,4.463569476672026
118,4.463569476672026
119,4.539010575812371
120,4.099055836569876
121,4.672115713880141
122,4.672115713880141
123,4.62937899971372
124,3.0528649938683095
125,3.0528649938683095
126,4.81218458963503
127,4.922826490339007
128,4.922826490339007
129,4.698829999020136
130,4.553191037556459
131,4.555395974153314
132,4.555395974153314
133,4.690110593286399
134,5.0
135,5.0
136,2.2653975060931866
137,2.2653975060931866
138,4.232938488716083
139,4.232938488716083
140,4.873747928491433
141,3.586818713405192
142,3.586818713405192
143,3.8041113373420936
144,3.8041113373420936
145,5.0
146,5.0
147,3.4080785773721702
148,4.883753764275129
149,4.740848998355319
150,4.880622074126586
151,4.880622074126586
152,5.0
153,4.745814053647798
154,3.557613579814895
155,3.557613579814895
156,3.9454084756911163
157,3.1209226327528046
158,5.0
159,5.0
160,4.0
161,4.0
162,4.0
163,5.0
164,3.2713105668044977
165,3.2713105668044977
166,2.0498925206565968
167,2.0498925206565968
168,4.747730254222224
169,5.0
170,5.0
171,4.076518142178311
172,4.0
173,4.490925337833978
174,4.490925337833978
175,5.000000000000001
176,2.6654927344320702
177,2.6654927344320702
178,4.596987244803201
179,4.470890568133983
180,4.790432864869727
181,4.790432864869727
182,4.374362775714524
183,4.374362775714524
184,3.304854526299409
185,3.304854526299409
186,3.8749978665742333
187,3.8749978665742333
188,5.0
189,5.0
190,1.0
191,4.0
192,4.999999999999999
193,4.999999999999999
194,4.437795645649648
195,5.0
196,4.0
197,4.0
198,2.5827817592225704
199,3.3399566774702594
200,3.3399566774702594
201,2.0
202,2.0
203,4.645792473501844
204,4.645792473501844
205,4.943342777992848
206,4.943342777992848
207,3.3624829308001822
208,3.305817531194498
209,3.139108285162811
210,3.139108285162811
211,4.495583704247394
212,4.0
213,2.9925913499348726
214,4.346244710783802
215,4.3394630901274605
216,3.9539462756771986
217,4.784538884414999
218,4.784538884414999
219,3.3480740022813142
220,4.549708727880188
221,5.0
222,4.213752308197098
223,3.7570148835325514
224,3.7570148835325514
225,4.2002259576049
226,4.523652820733987
227,2.0
228,4.026522113301267
229,4.026522113301267
230,4.552092720502888
231,4.552092720502888
232,4.999999999999999
233,3.8287987603152756
234,3.8287987603152756
235,4.300992016867912
236,4.0
237,4.507539132801943
238,4.119088635737098
239,2.2975963002567235
240,2.2975963002567235
241,4.697986309566559
242,4.496680529141557
243,3.7392650188714227
244,3.7392650188714227
245,3.0000000000000004
246,3.0000000000000004
247,3.645265939062664
248,3.697076719788546
249,3.697076719788546
250,3.5729855056686426
251,4.258686637121449
252,2.811589566506958
253,2.811589566506958
254,4.624626696023507
255,4.665420643936036
256,4.0
257,4.0
258,4.0
259,3.860585505675986
260,4.638357834550082
261,4.706625369714565
262,2.5
263,4.383592993355305
264,4.4539580558736604
265,4.330900155190193
266,4.051543231854057
267,4.683975923286754
268,5.0
269,4.231845430839486
270,4.093314441056107
271,4.2949675121459485
272,4.999999999999999
273,3.564656086792098
274,3.564656086792098
275,3.0000000000000004
276,4.250873100049788
277,3.9487835218964626
278,3.9487835218964626
279,4.451294907580108
280,4.837594137125915
281,3.1500010247299475
282,4.490747997303004
283,4.490747997303004
284,3.9497753985252806
285,3.9497753985252806
286,5.000000000000001
287,4.819818170349082
288,4.65985096314422
289,4.65985096314422
290,3.825827538052422
291,4.075607917859105
292,3.0
293,4.2612503444549255
294,4.860106802874736
295,4.860106802874736
296,2.186022174589188
297,4.2866784794394475
298,4.370056483658785
299,4.370056483658785
300,3.5287600506852255
301,3.7808483990008583
302,4.999999999999999
303,4.999999999999999
304,5.0
305,4.693299919080873
306,3.005203028733237
307,3.005203028733237
308,4.862424012604076
309,3.5838964534491353
310,3.5838964534491353
311,5.0
312,5.0
313,4.072523264007019
314,4.072523264007019
315,4.385179166182242
316,4.385179166182242
317,4.144340465379241
318,5.0
319,4.0
320,4.999999999999999
321,3.96444353908113
322,3.96444353908113
323,4.368220619518693
324,4.0
325,5.0
326,3.913638045876322
327,3.913638045876322
328,4.361206562089841
329,4.483817277227847
330,4.0
331,2.0
332,2.0
333,4.8837235651763535
334,4.8837235651763535
335,4.731916253984587
336,2.393026479446701
337,2.393026479446701
338,4.638777925702212
339,4.638777925702212
340,4.7232766727541025
341,4.617443967495273
342,4.29663738473013
343,5.0
344,5.0
345,2.5
346,3.9383935175025475
347,4.265535118052273
348,3.720287420425581
349,3.720287420425581
350,4.0211820523975765
351,2.714408582773385
352,4.999999999999999
353,2.631465744390565
354,4.8380631762582205
355,5.0
356,5.0
357,4.849034339141518
358,4.849034339141518
359,4.201290091688377
360,4.201290091688377
361,4.7265209299886255
362,2.6061087981783224
363,4.826649834281323
364,4.826649834281323
365,4.906126623562819
366,3.5704669132231994
367,3.5704669132231994
368,5.0
369,4.485128036462747
370,4.0
371,4.0
372,3.841525331429242
373,3.9970821311866347
374,4.841125385064134
375,4.707095125512644
376,4.707095125512644
377,4.146022395851935
378,3.0575499314383467
379,3.0575499314383467
380,4.635292603637554
381,4.635292603637554
382,4.850560780762608
383,4.850560780762608
384,1.559354305414959
385,1.559354305414959
386,4.0
387,3.953590038413216
388,3.5593987335324737
389,3.629197892136252
390,4.582185080524811
391,2.1499243578993856
392,2.1499243578993856
393,3.2648700754983833
394,3.2648700754983833
395,4.084126597607977
396,4.792349527528747
397,2.238561216323744
398,4.548412671847466
399,4.548412671847466
400,4.0897589323010815
401,4.594092758700668
402,4.679780239855436
403,5.0
404,3.279363005667341
405,4.330026359480256
406,4.479527545789711
407,3.8719455585297506
408,3.8719455585297506
409,3.7650929047021817
410,1.505103206411663
411,1.505103206411663
412,4.0
413,3.3898992640599603
414,3.3898992640599603
415,3.77329934814722
416,5.000000000000001
417,5.000000000000001
418,4.506798773614898
419,4.506798773614898
420,3.9016697667242597
421,5.0
422,5.0
423,3.6072917417662067
424,4.737537248848252
425,2.5
426,5.0
427,3.7209821036179793
428,5.000000000000001
429,4.806722793024409
430,4.348656240989782
431,4.919713980978907
432,4.46638191668446
433,4.46638191668446
434,4.630372981229131
435,4.854138923669996
436,3.648454815767925
437,3.648454815767925
438,5.0
439,4.420203772170173
440,4.420203772170173
441,4.256783109050343
442,4.058131220959541
443,2.0902262316873457
444,5.0
445,4.341644195481954
446,4.312663168833167
447,4.0
448,5.0
449,2.5
450,4.0
451,3.6241438653548967
452,4.999999999999999
453,3.309447491441014
454,3.309447491441014
455,4.507220679454494
456,4.38859866741459
457,4.38859866741459
458,4.190433485486489
459,4.190433485486489
460,4.572397789532505
461,4.0
462,3.3803690473240273
463,3.3803690473240273
464,4.055695396456912
465,2.572926907199708
466,2.572926907199708
467,4.966680355325847
468,4.612572799412602
469,4.403035694435401
470,4.798362609822745
471,4.849223846945593
472,4.0
473,1.7554736306512142
474,1.7554736306512142
475,4.6154283763899375
476,4.173057485249362
477,4.055673717934398
478,4.244032371439688
479,4.244032371439688
480,4.3171016517764595
481,4.869060547324844
482,5.0
483,3.7336244818620177
484,3.7336244818620177
485,4.648307088244295
486,4.648307088244295
487,4.6836887963368925
488,1.2711604082296026
489,1.2711604082296026
490,5.0
491,3.734926563409092
492,4.490401042805745
493,4.7966680943184805
494,4.7966680943184805
495,2.8278503464634692
496,4.084617747449243
497,3.758500000249997
498,3.758500000249997
499,4.017781569639987
500,4.017781569639987
501,4.011941461587145
502,3.714139788327224
503,3.2675621006679556
504,3.2675621006679556
505,4.0
506,4.0
507,4.182355211063045
508,4.392231406496431
509,3.551756177586245
510,3.551756177586245
511,3.7767572235713005
512,4.0
513,4.719239113224036
514,4.343402293108759
515,4.310178979661863
516,4.310178979661863
517,3.527433894874889
518,3.0
519,2.5543352878745775
520,3.986618136299149
521,2.51331683751494
522,4.141010537235533
523,1.641592342858548
524,1.641592342858548
525,3.1939929063543246
526,4.112968767526532
527,4.112968767526532
528,5.0
529,3.0094864385658915
530,3.707326593002555
531,4.0
532,4.2767554143175435
533,4.2767554143175435
534,4.0971227467887905
535,4.999999999999999
536,4.834716603810788
537,4.834716603810788
538,4.7946959712429456
539,4.7946959712429456
540,3.502546762335396
541,4.202004019831191
542,4.202004019831191
543,4.370135643200381
544,4.370135643200381
545,4.0
546,4.0
547,3.970601694146457
548,3.244453551754521
549,5.0
550,3.5849748763229154
551,3.5849748763229154
552,4.2580035115000685
553,4.268839166652844
554,4.549319779536199
555,4.46425941026358
556,4.46425941026358
557,2.163829680564677
558,4.385581119875212
559,4.616347757154241
560,4.0460601020760985
561,5.0
562,5.0
563,3.418164276744896
564,3.9426131670074493
565,5.0
566,3.3881408115799
567,5.0
568,3.0268305860462443
569,4.638047574739811
570,4.638047574739811
571,3.7977600452390656
572,5.0
573,4.124745512768393
574,4.124745512768393
575,4.953916948959242
576,3.0
577,5.000000000000001
578,4.863861343971219
579,5.000000000000001
580,4.472089873486031
581,4.472089873486031
582,4.50007114508838
583,4.50007114508838
584,4.902371527729366
585,4.227135182913806
586,3.771460486399642
587,4.0
588,4.519731223672062
589,2.7368588202146786
590,4.775274417898866
591,4.351921983848681
592,4.226663218366372
593,4.328931516675462
594,4.328931516675462
595,4.694502318116534
596,4.497972416244011
597,4.497972416244011
598,3.054582119399289
599,3.054582119399289
600,4.516883090934908
601,4.1137258836463895
602,4.1137258836463895
603,4.174795841348311
604,4.174795841348311
605,4.544818048058214
606,3.1857821020512045
607,3.1857821020512045
608,4.931922772557824
609,4.383772999045398
610,3.1045382108866124
611,3.1045382108866124
612,4.369412911460181
613,4.369412911460181
614,4.792670456274767
615,4.67336256254661
616,2.102142589815011
617,4.977308033979685
618,4.977308033979685
619,4.4156273191737165
620,4.4156273191737165
621,4.064763375178496
622,4.064763375178496
623,4.678487501099593
624,3.554525859468315
625,3.4350096777746035
626,4.01961396463235
627,4.999999999999999
628,3.881650495695968
629,3.881650495695968
630,3.800882163012371
631,4.412656388803558
632,4.412656388803558
633,4.3806200732953195
634,5.0
635,3.1742624088655536
636,4.126090460651314
637,4.575010373636782
638,2.041343135496359
639,4.169593204573389
640,4.169593204573389
641,4.86451122903578
642,3.394927163565529
643,3.394927163565529
644,2.0
645,4.809603855106177
646,2.091686144623686
647,2.091686144623686
648,1.3069693379144238
649,4.686471697769895
650,4.319624129014408
651,4.319624129014408
652,4.0
653,3.8265359132160333
654,3.8265359132160333
655,4.527558225649286
656,2.83330518119309
657,2.83330518119309
658,3.0319701595755326
659,3.0319701595755326
660,2.8561957388820742
661,2.8561957388820742
662,4.101563330036237
663,4.066937065633607
664,4.614698224151008
665,2.0
666,2.0
667,4.707999065204764
668,2.5
669,4.567977696267151
670,3.749065499042853
671,4.214930759932586
672,4.214930759932586
673,3.647571985309642
674,3.647571985309642
675,4.141410714658078
676,4.141410714658078
677,2.2682363143480133
678,2.2682363143480133
679,3.0402033857866613
680,4.778120659577948
681,4.167039591495738
682,4.4715603367672125
683,3.7893206204038736
684,1.3720010579138227
685,4.452052555850406
686,4.452052555850406
687,2.0
688,5.0
689,4.230601290667944
690,4.230601290667944
691,4.249520089225609
692,4.249520089225609
693,2.5
694,3.0
695,3.0
696,4.322109390166661
697,3.799885306394998
698,3.0
699,3.0
700,4.552947783780978
701,4.250226258126642
702,4.250226258126642
703,3.0909800690633045
704,1.9185597272480104
705,1.9185597272480104
706,3.510816155198031
707,4.0
708,4.910214201628205
709,4.910214201628205
710,4.623492228485227
711,4.413901620891341
712,4.154593298784337
713,4.154593298784337
714,4.080030596298811
715,4.080030596298811
716,3.829420877833548
717,4.999999999999999
718,4.999999999999999
719,5.0
720,3.33860558987651
721,3.33860558987651
722,3.8633851249463276
723,3.8633851249463276
724,4.617798712285938
725,3.3773118841865744
726,2.677125935644281
727,3.1247910807490675
728,3.1247910807490675
729,4.453117339735743
730,4.551071294907506
731,5.0
732,3.884689194273496
733,3.884689194273496
734,3.0
735,2.0736927244098875
736,2.0736927244098875
737,5.0
738,5.0
739,4.936926923397193
740,4.936926923397193
741,4.8053203442887735
742,4.565610687733766
743,4.0
744,5.0
745,5.0
746,4.294341580797899
747,4.294341580797899
748,4.321089917367355
749,4.321089917367355
750,4.497287344381998
751,4.497287344381998
752,3.763709899531614
753,4.141453447925057
754,3.0000000000000004
755,4.0468389366040896
756,4.0
757,4.357250019829487
758,4.357250019829487
759,5.0
760,5.0
761,4.3349707748263775
762,5.0
763,3.8867647734107913
764,4.785262669084704
765,3.9143761360682725
766,3.9143761360682725
767,3.4309825776851994
768,3.4309825776851994
769,5.0
770,5.0
771,3.866277724345858
772,3.866277724345858
773,4.975121833535024
774,4.975121833535024
775,3.786914384655998
776,4.282266780790932
777,2.5
778,3.848745272429654
779,4.2991912898739475
780,4.480090270206272
781,4.480090270206272
782,3.4941569765158826
783,3.4941569765158826
784,4.627070512130817
785,4.627070512130817
786,4.663025499009192
787,4.219834469747218
788,5.0
789,3.5604958862824105
790,5.0
791,3.4155937449381075
792,4.14768974352585
793,4.092486818141079
794,4.092486818141079
795,5.0
796,3.3279839389460646
797,4.824672693238158
798,3.8446952647057824
799,3.8446952647057824
800,4.425239051307237
801,4.425239051307237
802,4.489827959227727
803,3.590754756921629
804,3.590754756921629
805,4.747442750326764
806,2.5
807,5.0
808,5.0
809,4.097545260578989
810,1.262983920590998
811,4.088883849316239
812,4.088883849316239
813,2.9753482492373684
814,3.5537473882969044
815,3.5537473882969044
816,3.7206025761673693
817,4.787202346314165
818,3.7942037453142863
819,3.7942037453142863
820,4.318127962737708
821,4.318127962737708
822,5.0
823,3.4560307887804296
824,3.4560307887804296
825,4.084449306639603
826,4.999999999999999
827,5.0
828,4.927763937702266
829,5.0
830,5.0
831,4.0927185236284895
832,4.0927185236284895
833,3.287331448506629
834,3.0
835,4.70811637040057
836,4.702907078060294
837,4.702907078060294
838,4.087361063224758
839,3.6664346774052285
840,4.65306729269262
841,3.676231754318051
842,2.4660330042688146
843,4.100481934951179
844,4.100481934951179
845,4.058554635452535
846,4.656591788397013
847,4.656591788397013
848,2.7109119163791617
849,5.000000000000001
850,5.000000000000001
851,5.0
852,4.6172336597470025
853,3.4350880133070723
854,3.4350880133070723
855,4.0
856,2.0
857,4.7814678674655395
858,4.385624131809339
859,4.385624131809339
860,4.799016069386824
861,5.0
862,3.9965024488811296
863,4.409829070811884
864,4.2188011993366
865,1.3275328893020748
866,4.3658053542769455
867,4.3658053542769455
868,2.5
869,5.0
870,5.0
871,4.1793212224683645
872,3.0
873,5.0
874,5.0
875,2.909906852866401
876,2.909906852866401
877,4.8567178697261495
878,3.9711414585947966
879,4.4233925440901425
880,3.897880924240289
881,1.2228391211115615
882,1.2228391211115615
883,4.802408107617426
884,3.558695567589013
885,3.558695567589013
886,3.3754083110416344
887,3.4568099495137945
888,3.5456777514879416
889,3.5456777514879416
890,4.585658944664528
891,4.889815365502982
892,5.0
893,3.6699699686381946
894,3.6699699686381946
895,5.000000000000001
896,4.642034765801027
897,3.2661057011132506
898,3.2661057011132506
899,3.9353942178701793
900,4.779691251664688
901,4.779691251664688
902,5.0
903,5.0
904,5.0
905,5.0
906,4.717881718895557
907,3.3134831300878775
908,3.3134831300878775
909,4.434618954789066
910,4.254946094358961
911,3.9601156776525834
912,3.9601156776525834
913,4.561527356165198
914,4.561527356165198
915,2.66088376805636
916,2.66088376805636
917,4.275785983937332
918,3.5941875123632636
919,3.759231489624381
920,4.819346666711836
921,3.694059227339878
922,4.450646956617909
923,4.849574590847497
924,3.9867733875897238
925,2.5
926,5.0
927,3.757582775782107
928,3.757582775782107
929,4.471343794041998
930,5.0
931,4.897199478129539
932,4.897199478129539
933,4.4547466316066435
934,4.55623467042848
935,4.55623467042848
936,4.831142926089711
937,4.623671792289438
938,2.4168609985908187
939,3.472613232166422
940,5.0
941,5.0
942,2.5696307376994167
943,2.5696307376994167
944,1.595472203407638
945,1.595472203407638
946,4.391862546180647
947,4.673744951678899
948,4.673744951678899
949,3.779117840235167
950,4.281061364365193
951,4.631074162077254
952,3.2374680287295785
953,4.519700424468787
954,4.519700424468787
955,2.3637472195970415
956,5.0
957,5.0
958,5.0
959,4.68684252243243
960,4.329471483167613
961,4.329471483167613
962,3.8839696904786996
963,4.813573458330869
964,3.805735357585024
965,4.99534795272291
966,4.486559229672222
967,4.680904584146161
968,4.502573460741244
969,3.0000000000000004
970,4.581665754520288
971,4.581665754520288
972,3.7293453068376867
973,5.0
974,3.9393348483880035
975,4.403551953688714
976,4.403551953688714
977,5.0
978,5.0
979,5.0
980,3.8663512780752836
981,3.8663512780752836
982,3.682209860172159
983,4.372289654834846
984,4.372289654834846
985,5.0
986,4.695522489792825
987,4.741103054231804
988,4.741103054231804
989,4.163901115229733
990,4.07930666377323
991,4.0446966128071695
992,4.752709999784864
993,4.752709999784864
994,4.418938771358101
995,4.4701724472813575
996,3.587186151655777
997,4.553011256648496
998,4.753233678800598
999,3.1386357850404805
1000,4.581660899570857
1001,3.4766508809036463
1002,3.4766508809036463
1003,3.369862051205924
1004,3.369862051205924
1005,4.593006276827231
1006,4.511498695626352
1007,4.999999999999999
1008,4.825523371972695
1009,5.0
1010,4.086694615821189
1011,4.414324823660856
1012,4.414324823660856
1013,4.31699142398136
1014,3.625707488574583
1015,3.0495324164402935
1016,4.728257344006659
1017,4.214298920711975
1018,5.0
1019,4.238949399286761
1020,4.238949399286761
1021,3.2869786414332727
1022,3.2869786414332727
1023,2.88213996597709
1024,2.88213996597709
1025,5.0
1026,4.043651288235977
1027,4.043651288235977
1028,4.0
1029,4.252407854234587
1030,4.252407854234587
1031,4.37576789437912
1032,1.6117495173554224
1033,4.6738761271789215
1034,4.6738761271789215
1035,4.395394272293935
1036,5.0
1037,4.0
1038,4.733807899993631
1039,4.757255916181004
1040,4.941915587602895
1041,5.0
1042,5.0
1043,4.701427288559192
1044,4.76571622889234
1045,4.76571622889234
1046,4.632132863603297
1047,4.632132863603297
1048,4.976757855515686
1049,4.60100088462908
1050,5.0
1051,4.466450952163058
1052,4.466450952163058
1053,3.9202053697671304
1054,4.227672912462632
1055,4.596787789627454
1056,4.596787789627454
1057,5.0
1058,5.0
1059,5.0
1060,3.447269238736885
1061,3.9016897268818904
1062,5.0
1063,3.4984413472176326
1064,3.4984413472176326
1065,1.0
1066,1.0
1067,3.0
1068,4.669341451647637
1069,4.2975049737390485
1070,4.771937057640837
1071,4.771937057640837
1072,4.881143757307066
1073,4.881143757307066
1074,4.87683952206722
1075,5.0
1076,3.8893693807620764
1077,4.999999999999999
1078,3.0470622416795896
1079,4.0
1080,4.0
1081,3.126261153719001
1082,3.126261153719001
1083,4.6242506339571685
1084,4.360311383670262
1085,4.602165039473908
1086,4.259072588449909
1087,4.812220500523565
1088,4.167801509109592
1089,3.4120607162637975
1090,2.892872955652597
1091,3.675881304774025
1092,5.000000000000001
1093,2.990121074146276
1094,2.990121074146276
1095,4.775373737860221
1096,3.896025427164787
1097,5.0
1098,4.5656078609820225
1099,2.284355108671946
1100,2.284355108671946
1101,4.017258087920346
1102,4.664047011718924
1103,4.332893456614711
1104,5.0
1105,3.0000000000000004
1106,5.0
1107,3.685234067671404
1108,3.9939123611297234
1109,3.465770332618153
1110,3.0
1111,3.265251090619311
1112,3.265251090619311
1113,4.657624553216999
1114,4.687307209972733
1115,4.687307209972733
1116,2.5
1117,3.937514769947021
1118,4.7669984831503
1119,4.699310861541219
1120,4.699310861541219
1121,4.577391251752545
1122,4.879831383175016
1123,2.0
1124,5.0
1125,4.567226145388993
1126,4.189933259342226
1127,4.189933259342226
1128,3.6445427105647923
1129,4.668206018456062
1130,4.560896802456462
1131,3.3381577688222794
1132,3.3843983870740257
1133,5.0
1134,5.0
1135,2.5
1136,3.665730651645587
1137,3.665730651645587
1138,2.5
1139,5.0
1140,5.0
1141,3.186537942423884
1142,3.1916417744911794
1143,3.1916417744911794
1144,4.181147112566114
1145,3.444590387671592
1146,3.444590387671592
1147,4.116892316715806
1148,4.116892316715806
1149,5.0
1150,3.304630560189361
1151,3.304630560189361
1152,4.0
1153,2.6858291338349902
1154,2.6858291338349902
1155,5.0
1156,4.223665189727862
1157,4.223665189727862
1158,4.664033621730165
1159,4.296545840801538
1160,2.152071694717568
1161,2.152071694717568
1162,3.1079608744944207
1163,3.1079608744944207
1164,5.0
1165,3.9726943309350298
1166,3.9726943309350298
1167,4.098357512501928
1168,2.9133964034439437
1169,4.6513196249406965
1170,4.6513196249406965
1171,3.254520517510848
1172,4.344915869977574
1173,3.943409488608988
1174,4.098279247500869
1175,2.990714696047907
1176,2.990714696047907
1177,3.10138400978136
1178,3.10138400978136
1179,4.669756461260598
1180,4.622194166692116
1181,4.93976920707347
1182,5.0
1183,2.0
1184,2.0
1185,4.092050093665014
1186,4.092050093665014
1187,3.653869558398584
1188,4.602697465966832
1189,3.0
1190,3.0
1191,3.8644085649572424
1192,3.479789860080406
1193,4.337085140171819
1194,4.068665059257223
1195,4.423895258003061
1196,4.0
1197,3.6283085782457003
1198,4.52376807104638
1199,4.52376807104638
1200,3.9096696767859567
1201,3.9096696767859567
1202,3.7001224846008762
1203,3.7001224846008762
1204,4.305027334853251
1205,4.448928705092495
1206,2.9060300110742587
1207,4.500820735258755
1208,2.236684415967467
1209,3.856997350058335
1210,1.0
1211,1.0
1212,4.512147199223405
1213,4.898225001968372
1214,2.945857786381489
1215,4.4913396834187305
1216,4.4913396834187305
1217,4.145093396275939
1218,2.3289550493444686
1219,2.3289550493444686
1220,4.3243402431662075
1221,3.9652510571842443
1222,5.0
1223,3.4730044162163254
1224,3.9180624442855496
1225,3.9704327928205374
1226,3.9704327928205374
1227,4.943192539022741
1228,4.862468283367019
1229,4.177949869302408
1230,3.4192198149607087
1231,3.0564571738461117
1232,3.0564571738461117
1233,2.797637596580673
1234,2.797637596580673
1235,3.125280037818926
1236,4.437412258907324
1237,4.642616072902758
1238,3.621111397701254
1239,3.0000000000000004
1240,5.0
1241,4.0
1242,4.0
1243,5.0
1244,3.074350921767284
1245,3.074350921767284
1246,4.3726456912639255
1247,3.9151440266514723
1248,3.9151440266514723
1249,5.000000000000001
1250,3.268083746015413
1251,4.0
1252,2.816113383193131
1253,5.0
1254,5.0
1255,3.0961198000379957
1256,4.457235241286503
1257,4.825071668629098
1258,4.825071668629098
1259,4.0
1260,4.544776600657269
1261,4.544776600657269
1262,4.702278617738392
1263,4.567421369802164
1264,5.0
1265,5.0
1266,5.0
1267,4.922177250586629
1268,5.0
1269,3.4378920180602206
1270,4.701029306018919
1271,4.143939393084474
1272,3.0
1273,4.982327750881514
1274,4.6168539894968665
1275,5.0
1276,5.0
1277,3.637528029010913
1278,3.637528029010913
1279,4.4090425193203
1280,4.4090425193203
1281,4.693268248942395
1282,4.693268248942395
1283,1.0
1284,1.0
1285,4.954171315462007
1286,4.954171315462007
1287,4.208653151361797
1288,2.5
1289,4.061740364430741
1290,5.0
1291,4.0
1292,3.833415436645143
1293,3.833415436645143
1294,3.3646950995037384
1295,3.4048358632905615
1296,5.0
1297,4.492332669461956
1298,5.0
1299,4.844655499848878
1300,2.5
1301,4.73058214007172
1302,4.0887804581429705
1303,4.882811081349979
1304,3.691483932558247
1305,3.9103560252879594
1306,4.0
1307,5.0
1308,5.0
1309,3.836674826159842
1310,3.836674826159842
1311,5.0
1312,5.000000000000001
1313,4.1926962467182545
1314,5.0
1315,4.0
1316,5.0
1317,5.000000000000001
1318,5.000000000000001
1319,4.112542739365441
1320,4.931872223997942
1321,5.0
1322,4.570129499236957
1323,2.7599007377835316
1324,2.7599007377835316
1325,3.702545307726488
1326,1.0
1327,1.0
1328,3.8455277456609442
1329,3.8455277456609442
1330,4.450545254591426
1331,3.7919493148214345
1332,4.637979709472238
1333,3.0
1334,3.5779075061720405
1335,4.0
1336,4.0
1337,4.509789549915676
1338,4.6001257336113985
1339,4.0
1340,4.380555597302381
1341,2.7930733901338116
1342,2.7930733901338116
1343,3.3793183824272965
1344,3.3793183824272965
1345,5.0
1346,1.8441335763815299
1347,4.762917679498307
1348,4.764232282679294
1349,4.764232282679294
1350,4.592144946156197
1351,4.0
1352,4.29460428019153
1353,4.29460428019153
1354,2.5
1355,4.2120512976816835
1356,4.885565540895468
1357,4.539590188272814
1358,2.7429725733980517
1359,2.7429725733980517
1360,4.0
1361,5.0
1362,4.278967183831372
1363,3.8310515040862017
1364,4.0
1365,3.91404261756911
1366,4.0
1367,4.818848797720249
1368,4.999999999999999
1369,4.999999999999999
1370,4.545187384256299
1371,5.0
1372,3.5490663965671914
1373,3.5490663965671914
1374,3.836219407292015
1375,4.291602698296068
1376,4.291602698296068
1377,4.630047908319159
1378,4.507212873801957
1379,4.166552399398455
1380,3.028324661604456
1381,4.593415503638815
1382,5.0
1383,5.0
1384,5.0
1385,3.068520428748294
1386,3.068520428748294
1387,4.516750930526878
1388,3.8613497764751457
1389,3.8613497764751457
1390,5.0
1391,5.0
1392,4.0
1393,4.0
1394,5.0
1395,4.219247580334958
1396,4.465932511831178
1397,2.379969380056185
1398,2.379969380056185
1399,4.0
1400,4.0
1401,3.6331037844145992
1402,4.0
1403,4.0
1404,2.435869136669862
1405,3.815887151537249
1406,4.146160227537242
1407,4.333866429425201
1408,3.517743245048188
1409,3.517743245048188
1410,5.0
1411,1.9590891240990718
1412,4.3498491886758925
1413,4.0
1414,4.0
1415,3.989504421818025
1416,5.000000000000001
1417,4.0
1418,3.0
1419,3.0
1420,5.0
1421,5.0
1422,5.0
1423,4.198242883022903
1424,2.3484621628691102
1425,3.040766259952475
1426,4.441690177511137
1427,4.441690177511137
1428,3.734286512108572
1429,3.0460469873490967
1430,3.0460469873490967
1431,5.0
1432,4.0
1433,4.082037063643959
1434,4.737975449122444
1435,2.5
1436,3.135299639552265
1437,1.2050384007760362
1438,3.813252593560309
1439,3.813252593560309
1440,4.020101692893331
1441,4.594289838171756
1442,4.594289838171756
1443,3.366625592632431
1444,4.429406032231197
1445,5.0
1446,3.8883655475837613
1447,4.516387287710765
1448,4.516387287710765
1449,3.0
1450,1.9370260985646834
1451,4.0
1452,1.0
1453,4.0
1454,5.0
1455,2.8887498439610626
1456,2.8887498439610626
1457,3.263145806632256
1458,4.0
1459,5.0
1460,4.431008787523079
1461,3.0
1462,4.718989982181917
1463,4.601860799117338
1464,4.0
1465,3.9394168037640886
1466,3.7418315837497493
1467,4.74795916059867
1468,4.477788585168946
1469,4.770904199584285
1470,4.218875090727804
1471,3.5696726096135385
1472,4.630556432837842
1473,4.0
1474,3.7204891847627786
1475,3.7204891847627786
1476,3.7171104494184197
1477,4.0
1478,3.5347294564782126
1479,3.5347294564782126
1480,3.8591858463206807
1481,3.8591858463206807
1482,4.290689719821857
1483,5.0
1484,3.07019887271876
1485,5.0
1486,4.105088942076862
1487,3.878362875931988
1488,5.0
1489,5.0
1490,4.0
1491,5.0
1492,5.0
1493,4.5134545648005
1494,4.0
1495,4.682146741506529
1496,4.832495328648274
1497,3.1182321277613023
1498,3.000000000000001
1499,5.0
1500,5.0
1501,2.5
1502,4.750366702475746
1503,5.0
1504,3.378904502039035
1505,3.0805136097156263
1506,4.0
1507,4.412895978267471
1508,4.584526864874968
1509,2.1610272194312516
1510,3.7244758345836084
1511,3.7244758345836084
1512,4.13671454648439
1513,2.0
1514,4.0
1515,5.0
1516,3.7857950536006135
1517,4.5693590993184205
1518,4.1886001064911556
1519,4.1886001064911556
1520,3.693400085279417
1521,3.693400085279417
1522,2.5
1523,4.878938643027794
1524,4.030364391391047
1525,4.503418744688301
1526,5.0
1527,3.4627964562329234
1528,3.4627964562329234
1529,5.0
1530,3.3903119762600924
1531,3.3903119762600924
1532,4.586295745670832
1533,4.100849934980115
1534,4.100849934980115
1535,4.553104733356291
1536,4.788972003260363
1537,4.448670686351048
1538,2.8881559914973587
1539,2.8881559914973587
1540,4.024542451814912
1541,4.202337484653955
1542,4.202337484653955
1543,5.0
1544,3.0
1545,3.7333679031262825
1546,3.616152585799139
1547,4.192751640152428
1548,3.062822941293214
1549,4.663176888737021
1550,4.615635859891268
1551,4.351323364550516
1552,2.8176291637841917
1553,4.506780438706754
1554,4.488569734673302
1555,4.135249718138035
1556,4.135249718138035
1557,4.507244123065809
1558,4.507244123065809
1559,4.736484148656727
1560,2.7607884441051507
1561,2.7607884441051507
1562,2.9989287364092245
1563,4.297112939221353
1564,3.0
1565,3.0
1566,4.0
1567,4.359571771708497
1568,5.000000000000001
1569,3.999369636251147
1570,3.999369636251147
1571,4.7096405350269075
1572,4.7096405350269075
1573,4.600212813159754
1574,4.61449346443062
1575,2.9268793855529562
1576,2.9268793855529562
1577,4.4467577085475325
1578,4.356389973990169
1579,4.5756060198319854
1580,4.5756060198319854
1581,4.137073980417866
1582,5.0
1583,4.134774165268337
1584,2.5899619269294454
1585,4.0
1586,5.0
1587,5.0
1588,3.507313355357819
1589,5.0
1590,5.0
1591,5.0
1592,3.2014043229150477
1593,3.2364910836687075
1594,3.2364910836687075
1595,4.761675036791946
1596,4.761675036791946
1597,5.0
1598,3.0
1599,4.177037107079134
1600,4.177037107079134
1601,2.980637746388129
1602,5.0
1603,4.0
1604,4.0
1605,5.0
1606,5.0
1607,4.817254078325973
1608,4.817254078325973
1609,2.5
1610,4.231175255851545
1611,3.4418140161599733
1612,3.0
1613,3.0
1614,3.6101350561985135
1615,3.2864284916387807
1616,3.2864284916387807
1617,4.610357956157488
1618,5.0
1619,3.7400869162081647
1620,3.7400869162081647
1621,4.786234486743189
1622,4.0
1623,5.0
1624,5.0
1625,4.2727361660215015
1626,4.999999999999999
1627,5.0
1628,3.0152076239353756
1629,2.5
1630,4.0
1631,5.0
1632,3.0
1633,4.101948741401218
1634,4.729799135662424
1635,4.729799135662424
1636,4.999999999999999
1637,3.3895417880394745
1638,4.856909743188069
1639,3.8184136205121977
1640,3.9172274789274666
1641,3.9172274789274666
1642,4.84214557798431
1643,2.1113159449584065
1644,2.1113159449584065
1645,1.804767333438552
1646,1.804767333438552
1647,4.974619643893059
1648,4.0
1649,5.0
1650,5.0
1651,3.453015005537129
1652,5.0
1653,4.942195921712262
1654,4.942195921712262
1655,4.39263953841383
1656,5.0
1657,4.44476579811364
1658,2.9592463094737647
1659,2.9592463094737647
1660,5.0
1661,5.0
1662,5.0
1663,3.888857892822328
1664,2.0
1665,4.588893449008331
1666,3.0592191831245343
1667,4.640775724940633
1668,4.508330753296263
1669,4.508330753296263
1670,4.999999999999999
1671,5.0
1672,3.0
1673,1.0
1674,3.701917712305192
1675,4.795222599051238
1676,4.795222599051238
1677,4.533603073955788
1678,3.888428412315128
1679,2.7258143637282615
1680,2.0
1681,4.140465155583744
1682,5.0
1683,4.735484569370806
1684,5.0
1685,5.0
1686,4.0
1687,4.0
1688,4.0
1689,5.0
1690,4.630687462082924
1691,4.880395127503731
1692,4.0
1693,5.0
1694,4.765290344345991
1695,4.765290344345991
1696,3.989162453668842
1697,5.0
1698,5.0
1699,4.177707855800942
1700,4.0
1701,4.185341293494466
1702,4.185341293494466
1703,5.0
1704,3.6855291425873418
1705,5.000000000000001
1706,3.0
1707,4.66920076518329
1708,4.999999999999999
1709,4.999999999999999
1710,4.610804526229946
1711,4.268428026071091
1712,3.9427422408951487
1713,3.9254186364574424
1714,5.0
1715,5.0
1716,1.0
1717,1.0
1718,3.876427050415887
1719,3.876427050415887
1720,3.48499425258935
1721,2.9287796288497723
1722,2.9287796288497723
1723,5.0
1724,5.0
1725,4.0
1726,4.030039535026214
1727,4.747017808753642
1728,4.89965471508669
1729,4.89965471508669
1730,3.182482062495341
1731,4.788848387054994
1732,4.28096038230379
1733,4.466511360599305
1734,4.422691815600921
1735,4.0
1736,3.399579839524057
1737,4.084862984943853
1738,4.084862984943853
1739,3.3719574440461857
1740,4.523954882303344
1741,4.523954882303344
1742,3.2342078859047154
1743,3.2342078859047154
1744,3.0
1745,4.155620860178428
1746,4.215367935311153
1747,4.520112649775876
1748,4.888236295778326
1749,4.888236295778326
1750,4.339487799231327
1751,4.339487799231327
1752,4.371382344109742
1753,4.420040568449331
1754,2.8854412269876843
1755,2.8854412269876843
1756,5.0
1757,4.613409287484397
1758,4.613409287484397
1759,5.0
1760,2.0
1761,4.0
1762,3.1872776624313848
1763,5.0
1764,4.273806757024437
1765,4.0
1766,2.7199470156375414
1767,2.7199470156375414
1768,4.7450094931570606
1769,4.7450094931570606
1770,5.000000000000001
1771,4.063819551177527
1772,5.0
1773,3.017096876574415
1774,3.017096876574415
1775,4.694600856829472
1776,3.1886143325357157
1777,4.725897881789242
1778,5.0
1779,4.0
1780,5.0
1781,4.723699992401439
1782,4.773879621140126
1783,5.0
1784,5.0
1785,5.0
1786,4.8068679775850995
1787,4.999999999999999
1788,3.0736988405071286
1789,5.0
1790,3.931042275617421
1791,3.931042275617421
1792,5.0
1793,5.0
1794,4.721552424140217
1795,5.0
1796,4.0
1797,4.0
1798,5.0
1799,5.0
1800,3.1773468706565384
1801,4.367818107853208
1802,4.367818107853208
1803,3.3135958750095895
1804,4.208197470833495
1805,4.208197470833495
1806,3.3639670234287333
1807,3.3639670234287333
1808,4.0
1809,4.198756027173071
1810,5.0
1811,5.0
1812,5.0
1813,5.0
1814,4.704560034280013
1815,2.0
1816,2.0
1817,3.711659270501142
1818,3.571122206958319
1819,3.0
1820,4.0
1821,5.0
1822,5.0
1823,4.676004786808763
1824,5.000000000000001
1825,5.0
1826,4.380823657192718
1827,5.0
1828,2.5
1829,2.5
1830,5.0
1831,5.0
1832,3.487823705001412
1833,3.487823705001412
1834,3.995947077517428
1835,3.995947077517428
1836,4.067202305438807
1837,4.067202305438807
1838,4.425846270313867
1839,2.9983491379065317
1840,2.9983491379065317
1841,3.1296102265800183
1842,1.0
1843,1.0
1844,3.6793508045397663
1845,5.0
1846,4.854133396102847
1847,4.099323685263142
1848,4.099323685263142
1849,4.999999999999999
1850,4.366104884884177
1851,5.0
1852,5.0
1853,2.5
1854,4.47802189028747
1855,5.0
1856,4.0
1857,4.32314308186607
1858,4.66871539486803
1859,4.147437430222996
1860,4.147437430222996
1861,3.533434527530765
1862,5.000000000000001
1863,5.0
1864,5.0
1865,3.9704327928205374
1866,4.330492644451251
1867,5.0
1868,5.0
1869,5.0
1870,5.0
1871,4.256889667178396
1872,4.638477962354184
1873,4.638477962354184
1874,4.602101601798268
1875,3.0
1876,4.053993703551775
1877,4.0
1878,4.716227284641111
1879,5.0
1880,5.000000000000001
1881,2.303661449227176
1882,3.2191681278718502
1883,4.548982967455008
1884,4.548982967455008
1885,4.0
1886,4.279036043717204
1887,3.752699726158303
1888,3.752699726158303
1889,4.541009502318585
1890,1.0
1891,3.4547457015883416
1892,4.846615170179358
1893,4.919142690017467
1894,4.999999999999999
1895,5.0
1896,5.0
1897,3.299815021137904
1898,5.0
1899,3.9434302075101155
1900,4.220167540731158
1901,4.220167540731158
1902,3.3150922735142183
1903,5.000000000000001
1904,4.669582880801833
1905,3.945908261018343
1906,3.945908261018343
1907,4.7420331612679245
1908,4.7420331612679245
1909,4.466211507006382
1910,4.103991527891949
1911,4.553760189020695
1912,4.553760189020695
1913,4.0
1914,4.252281332747653
1915,3.2945861345543808
1916,1.0098234743076544
1917,3.646636586656601
1918,3.646636586656601
1919,3.944760411236992
1920,5.0
1921,4.999999999999999
1922,4.0
1923,5.0
1924,4.0
1925,5.0
1926,4.910747372681806
1927,4.721033838006474
1928,5.0
1929,5.0
1930,5.0
1931,5.0
1932,5.0
1933,4.20051655392169
1934,4.20051655392169
1935,4.0
1936,3.4463912480944234
1937,1.7371327033104398
1938,4.0
1939,4.563865655599094
1940,4.0
1941,5.000000000000001
1942,2.879517864750192
1943,2.879517864750192
1944,4.785844843109832
1945,5.0
1946,1.0768291116821864
1947,4.64015388942935
1948,3.0
1949,4.310727344079715
1950,4.310727344079715
1951,4.0
1952,4.0
1953,5.0
1954,4.465128158296817
1955,4.0
1956,4.741792253692463
1957,3.649206752394457
1958,2.4084561392627384
1959,3.534581074642444
1960,4.068008304067973
1961,4.0
1962,4.787871628465349
1963,4.370517322638825
1964,5.0
1965,5.0
1966,5.0
1967,4.0
1968,4.311125816592135
1969,5.0
1970,3.2945119230825157
1971,3.438872636489206
1972,5.0
1973,3.646804907509404
1974,4.353666185279558
1975,3.4958119242856904
1976,3.4958119242856904
1977,1.0
1978,1.0
1979,4.252203058291098
1980,3.6773657861412166
1981,3.114109630188593
1982,4.0
1983,5.0
1984,4.5693590993184205
1985,4.038394489697497
1986,4.038394489697497
1987,3.734286512108572
1988,4.682591849635291
1989,4.682591849635291
1990,5.0
1991,4.49724251025226
1992,4.49724251025226
1993,4.632015154586873
1994,3.0
1995,3.0
1996,5.0
1997,4.547455666648164
1998,3.0
1999,3.0
2000,5.0
2001,4.027254287153085
2002,5.0
2003,5.0
2004,4.2155683008741445
2005,3.0
2006,5.0
2007,5.0
2008,3.6944421022190377
2009,3.221186643315045
2010,4.3075144969167205
2011,4.0
2012,2.5
2013,3.581009930252545
2014,5.0
2015,5.0
2016,5.0
2017,3.0
2018,3.2433402275782517
2019,3.2433402275782517
2020,4.586733238563005
2021,4.892699407561582
2022,4.82468720804012
2023,4.0871654913656705
2024,3.0
2025,3.0
2026,4.0
2027,5.0
2028,4.0
2029,4.5942111965800665
2030,5.0
2031,4.0
2032,4.324403473082307
2033,4.324403473082307
2034,5.0
2035,3.9187179395747673
2036,5.000000000000001
2037,5.0
2038,4.348335103638523
2039,5.0
2040,5.0
2041,4.006610107601333
2042,4.006610107601333
2043,3.1951612416732678
2044,3.1951612416732678
2045,2.5
2046,4.0
2047,3.9894928718349836
2048,4.0
2049,3.0
2050,2.1659875885632367
2051,5.0
2052,3.154398880666359
2053,3.154398880666359
2054,5.0
2055,4.999999999999999
2056,4.197392027719743
2057,4.197392027719743
2058,4.0
2059,5.0
2060,5.0
2061,4.552879676052227
2062,4.433603729609444
2063,4.0
2064,3.91183595459204
2065,3.0119788157359393
2066,5.0
2067,3.9341912641257606
2068,2.5
2069,5.0
2070,5.0
2071,4.0
2072,4.0
2073,4.611677358868327
2074,4.611677358868327
2075,5.0
2076,5.0
2077,3.161027219431252
2078,5.0
2079,5.0
2080,5.0
2081,4.0
2082,1.0
2083,5.0
2084,5.0
2085,3.9527673997815005
2086,1.0
2087,1.0
2088,5.0
2089,5.0
2090,4.021757762602534
2091,3.2734174061093073
2092,4.84700389447961
2093,4.84700389447961
2094,4.0
2095,5.0
2096,2.6789755984626544
2097,5.0
2098,5.0
2099,4.29718490119065
2100,5.0
2101,3.0
2102,4.598856424259929
2103,5.0
2104,5.000000000000001
2105,4.999999999999999
2106,4.186792184633131
2107,5.0
2108,3.922818623651391
2109,4.0
2110,4.719138057301679
2111,2.94375842384498
2112,4.608405671821078
2113,4.608405671821078
2114,4.0
2115,4.380322664838534
2116,4.380322664838534
2117,4.1288755163861355
2118,4.0
2119,3.2428584650442898
2120,5.0
2121,4.7643331555783615
2122,5.0
2123,5.0
2124,4.087361063224758
2125,5.0
2126,5.0
2127,4.261712264748206
2128,5.0
2129,3.683378875740852
2130,4.576932343408056
2131,4.327086166925694
2132,5.000000000000001
2133,5.0
2134,5.0
2135,4.0
2136,5.0
2137,4.933020515614222
2138,1.5434125998152661
2139,3.689869143672099
2140,4.6651344479254035
2141,4.0
2142,5.0
2143,4.0170721528293845
2144,4.0170721528293845
2145,3.8091459832264323
2146,3.9163091786104225
2147,4.849574590847497
2148,4.999999999999999
2149,4.999999999999999
2150,4.0
2151,2.543697376331738
2152,3.1117270208789733
2153,5.0
2154,4.994149168311045
2155,4.098357512501928
2156,4.894731411322847
2157,4.171797885542466
2158,4.171797885542466
2159,5.0
2160,4.324078484025418
2161,4.324078484025418
2162,5.0
2163,1.0
2164,5.0
2165,5.0
2166,5.0
2167,2.5
2168,3.4580650442692953
2169,2.6017501013489905
2170,3.771937752509977
2171,5.000000000000001
2172,4.0
2173,4.0
2174,4.0
2175,5.0
2176,4.0
2177,3.0
2178,4.831716533700339
2179,3.1667846114908755
2180,4.0
2181,4.866658806935486
2182,4.0
2183,4.0
2184,3.003752211915527
2185,2.5
2186,3.0568378398340927
2187,3.0568378398340927
2188,4.048277546768959
2189,5.0
2190,5.0
2191,4.160159499648641
2192,5.0
2193,1.064818764381314
2194,3.800407030222739
2195,2.5
2196,4.0
2197,5.0
2198,3.0
2199,4.0
2200,5.0
2201,5.0
2202,5.0
2203,3.6667278232573532
2204,4.3819037917555965
2205,2.0
2206,1.056649323208913
2207,4.291028686244282
2208,2.5
2209,5.0
2210,4.408601965009039
2211,4.408601965009039
2212,4.0
2213,4.0
2214,5.0
2215,5.0
2216,4.0
2217,5.0
2218,2.5
2219,5.0
2220,5.0
2221,5.0
2222,4.014162330802228
2223,4.620025358455547
2224,4.444272762549369
2225,4.0
2226,3.703416778462259
2227,5.0
2228,4.670710979102553
2229,5.0
2230,4.0
2231,4.572929105791381
2232,5.0
2233,3.5303023305863372
2234,4.255073345406245
2235,4.255073345406245
2236,1.0
2237,4.415364626295723
2238,4.275572928796619
2239,4.275572928796619
2240,5.0
2241,5.0
2242,4.620047918686412
2243,4.0
2244,5.0
2245,5.0
2246,3.0
2247,4.5229228051810715
2248,3.0
2249,2.4265691909922347
2250,4.989044025965395
2251,2.0
2252,2.0
2253,1.0
2254,5.0
2255,4.735030142074553
2256,4.735030142074553
2257,5.0
2258,3.343382754925509
2259,3.641746542937938
2260,2.5524433416108105
2261,3.7558665520369616
2262,3.555777091108132
2263,3.3233470676895314
2264,4.033010286577645
2265,4.033010286577645
2266,5.0
2267,5.0
2268,4.0
2269,4.0
2270,3.0
2271,4.531876539625282
2272,4.999999999999999
2273,5.0
2274,4.293939685832591
2275,5.0
2276,5.0
2277,5.0
2278,4.667880458349731
2279,4.999999999999999
2280,4.999999999999999
2281,5.0
2282,4.473266947035225
2283,4.0
2284,5.0
2285,5.0
2286,5.0
2287,4.0
2288,4.0
2289,4.0
2290,3.727201383762566
2291,3.1353440502614514
2292,3.1353440502614514
2293,4.503298565283673
2294,2.856199894671654
2295,5.0
2296,5.0
2297,4.0
2298,2.0
2299,5.0
2300,5.0
2301,4.0
2302,5.0
2303,4.983675220631654
2304,5.0
2305,4.999999999999999
2306,4.999999999999999
2307,3.624284408925252
2308,4.509789549915676
2309,3.0
2310,2.5
2311,4.1949473394591354
2312,4.1949473394591354
2313,5.0
2314,2.835521436973605
2315,4.576513346890247
2316,4.0
2317,4.0
2318,4.559638990265589
2319,4.792399843624502
2320,3.374512599109294
2321,3.374512599109294
2322,2.0
2323,4.873347175208412
2324,2.5
2325,4.489313101166979
2326,2.5
2327,2.5
2328,3.77015217130989
2329,3.171537535342082
2330,3.6047243209627515
2331,4.65771283386566
2332,3.2542554791529854
2333,2.5
2334,5.0
2335,3.0805136097156263
2336,3.0
2337,5.000000000000001
2338,5.0
2339,4.014267274661236
2340,5.0
2341,5.0
2342,2.795714820369979
2343,2.0
2344,2.0
2345,5.0
2346,4.31663638672842
2347,4.66479291488785
2348,4.0
2349,3.0
2350,4.336852501674835
2351,4.336852501674835
2352,4.771757320161767
2353,5.0
2354,3.0
2355,5.0
2356,2.0
2357,2.0
2358,3.1747221264495162
2359,4.999999999999999
2360,4.999999999999999
2361,4.692701965064161
2362,4.122107218821691
2363,4.122107218821691
2364,2.0007108395375455
2365,3.9627825651763136
2366,3.2500300239821467
2367,4.021793670208263
2368,5.0
2369,5.0
2370,5.0
2371,5.0
2372,2.5
2373,4.797492668808841
2374,3.251942733999816
2375,5.0
2376,5.0
2377,3.8669038016046824
2378,3.8669038016046824
2379,4.0
2380,4.17416256107263
2381,4.05227904283569
2382,4.715694686234873
2383,5.0
2384,3.0
2385,4.0
2386,5.0
2387,5.0
2388,5.0
2389,4.756073599611702
2390,4.0
2391,5.0
2392,1.0
2393,5.000000000000001
2394,2.080248033197129
2395,2.080248033197129
2396,2.5637966443916453
2397,4.0
2398,5.0
2399,2.919486390284374
2400,4.0
2401,4.7177093364858855
2402,4.626364007931128
2403,3.0
2404,5.0
2405,5.000000000000001
2406,3.9534602870230464
2407,2.6032946422894363
2408,2.5291341761679185
2409,2.5291341761679185
2410,2.5
2411,5.000000000000001
2412,4.441014117558188
2413,4.398724643280072
2414,5.000000000000001
2415,5.0
2416,5.0
2417,5.0
2418,5.0
2419,4.573074579943933
2420,4.573074579943933
2421,5.0
2422,2.1610272194312516
2423,5.0
2424,4.41648182776141
2425,3.0091977444345406
2426,4.279726037149462
2427,4.0
2428,5.0
2429,3.4312964849209573
2430,3.0
2431,5.0
2432,2.5
2433,4.0
2434,4.0
2435,5.0
2436,4.999999999999999
2437,2.5
2438,2.3519397106471103
2439,5.000000000000001
2440,3.672647853156549
2441,4.0
2442,2.5
2443,4.459877833839861
2444,4.459877833839861
2445,4.528208105002304
2446,5.0
2447,5.0
2448,2.5
2449,4.999999999999999
2450,3.503274846843205
2451,4.0
2452,4.0
2453,4.0
2454,4.0
2455,5.0
2456,4.413901620891341
2457,4.0
2458,5.0
2459,2.7150682886481063
2460,1.0447295856255225
2461,5.0
2462,4.482189404192704
2463,4.078372309055041
2464,5.0
2465,3.1892552883508234
2466,5.0
2467,5.0
2468,2.5
2469,4.0
2470,1.0
2471,4.574690999281258
2472,5.0
2473,3.9335061233364708
2474,3.9335061233364708
2475,2.5
2476,2.4296427374581713
2477,5.0
2478,5.0
2479,4.0
2480,1.7632446802422799
2481,5.0
2482,5.0
2483,5.0
2484,5.0
2485,5.0
2486,3.0
2487,5.0
2488,5.0
2489,5.0
2490,5.0
2491,5.0
2492,1.0
2493,5.0
2494,4.670094485321607
2495,4.0
2496,4.0
2497,2.5
2498,4.0
2499,5.0
2500,4.305848502573375
2501,5.0
2502,5.0
2503,5.0
2504,3.062603085992055
2505,4.554292824930957
2506,4.2091041907458315
2507,5.0
2508,4.0
2509,1.497113914402672
2510,1.497113914402672
2511,4.844202367978176
2512,3.0
2513,4.0
2514,2.0
2515,5.0
2516,4.494032644020423
2517,4.494032644020423
2518,4.0
2519,4.735273205262083
2520,5.000000000000001
2521,5.0
2522,4.0
2523,4.258624826509243
2524,4.258624826509243
2525,4.0
2526,4.0
2527,4.4321833002645645
2528,4.0
2529,2.5
2530,5.0
2531,5.0
2532,4.0
2533,4.78512426420566
2534,4.78512426420566
2535,3.903200823083778
2536,2.0
2537,5.0
2538,4.373875943059999
2539,4.5355812381375475
2540,4.5355812381375475
2541,4.0
2542,4.0
2543,3.161027219431252
2544,3.154944284656823
2545,5.0
2546,4.0
2547,4.701917712305192
2548,3.6619277225471545
2549,2.5
2550,4.0
2551,5.0
2552,5.0
2553,4.0
2554,4.0
2555,4.623299530296367
2556,1.0
2557,4.0
2558,5.0
2559,5.0
2560,2.0
2561,4.0
2562,4.0
2563,2.5
2564,3.0
2565,5.0
2566,5.0
2567,4.102142589815011
2568,4.0
2569,4.0
2570,4.509167298648694
2571,3.0
2572,4.0
2573,4.0
2574,1.3333680448046068
2575,2.5
2576,4.0
2577,2.0
2578,2.0
2579,4.0
2580,4.0
2581,5.0
2582,4.586733238563005
2583,5.0
2584,4.71945431753284
2585,3.854835940592032
2586,5.0
2587,5.0
2588,4.313683950841015
2589,5.0
2590,5.0
2591,5.0
2592,2.182482062495341
2593,2.182482062495341
2594,3.0
2595,4.0
2596,4.0
2597,5.0
2598,2.5
2599,5.0
2600,5.0
2601,5.0
2602,5.0
2603,4.329420275256475
2604,4.0
2605,2.9374983750079937
2606,4.0
2607,3.0
2608,5.0
2609,4.0
2610,4.0
2611,5.0
2612,5.0
2613,4.0
2614,5.0
2615,3.0402033857866613
2616,4.495945209979598
2617,5.0
2618,2.5
2619,2.5
2620,5.0
2621,4.0099851301418274
2622,5.000000000000001
2623,4.0
2624,4.0
2625,3.2945119230825157
2626,3.0805136097156263
2627,4.733807899993631
2628,4.733807899993631
2629,4.0
2630,5.000000000000001
2631,5.000000000000001
2632,5.0
2633,4.402947866650544
2634,5.0
2635,4.0
2636,5.0
2637,1.0
2638,5.0
2639,5.0
2640,2.5
2641,5.0
2642,2.5
2643,4.999999999999999
2644,2.5
2645,3.4482987628348774
2646,4.0
2647,4.0
2648,4.0
2649,5.0
2650,5.0
2651,4.0
2652,3.0
2653,4.0
2654,5.0
2655,3.0
2656,5.0
2657,5.0
2658,4.598701265715574
2659,4.0
2660,5.0
2661,3.478040634191521
2662,5.0
2663,5.0
2664,4.0
2665,2.5
2666,4.0
2667,4.0
2668,2.5
2669,3.0000000000000004
2670,4.0
2671,2.5
2672,4.0
2673,5.0
2674,5.0
2675,1.0
2676,1.0
2677,1.0
2678,4.0
2679,1.0
2680,3.0
2681,3.0
2682,5.0
2683,5.0
2684,5.0
2685,5.0
2686,4.0
2687,4.0
2688,5.0
2689,5.0
2690,5.0
2691,5.0
2692,3.0
2693,5.0
2694,5.0
2695,5.0
2696,5.0
2697,4.583666695998011
2698,5.0
2699,5.0
2700,5.0
2701,4.0
2702,5.0
2703,5.0
2704,5.0
2705,5.0
2706,5.0
2707,5.0
2708,5.0
2709,4.011567669034299
2710,5.0
2711,5.0
2712,4.0
2713,4.559850562331213
2714,5.0
2715,5.0
2716,4.632602679816265
2717,5.0
2718,4.0
2719,5.0
2720,3.0
2721,2.0
2722,5.0
2723,4.3373074552103095
2724,5.0
2725,4.0
2726,5.0
2727,2.5
2728,5.0
2729,1.0
2730,1.0
2731,5.0
2732,1.0
2733,1.0
2734,4.836469478492976
2735,5.0
2736,2.5
2737,3.0000000000000004
2738,3.0000000000000004
2739,2.5
2740,2.5
2741,5.0
2742,5.0
2743,5.0
2744,5.0
2745,1.0
2746,1.9639369041279586
2747,4.0
2748,5.0
2749,4.015674106132587
2750,2.5
2751,5.0
2752,2.5
2753,5.0
2754,4.0
2755,4.012492246976923
2756,4.767061511283917
2757,4.767061511283917
2758,5.0
2759,4.0
2760,5.0
2761,5.0
2762,5.0
2763,4.124639305199806
2764,5.0
2765,4.61414530576348
2766,1.0
2767,5.0
2768,5.0
2769,5.0
2770,5.0
2771,5.0
2772,5.0
2773,5.0
2774,5.0
2775,4.0
2776,4.0
2777,5.0
2778,5.0
2779,2.5
2780,1.0
2781,4.0
2782,3.921040240610897
2783,4.0
2784,4.0
2785,5.0
2786,5.0
2787,5.0
2788,5.0
2789,5.0
2790,4.0
2791,2.5
2792,5.0
2793,5.0
2794,4.7352873468755465
2795,1.0852309698178868
2796,4.999999999999999
2797,2.1346198714964237
2798,5.0
2799,5.0
2800,5.0
2801,5.0
2802,4.106432094951193
2803,2.5
2804,4.481671560973656
2805,5.0
2806,3.0
2807,3.4048358632905615
2808,5.0
2809,5.0
2810,5.0
2811,4.0
2812,2.5
2813,1.2762272371101073
2814,3.0
2815,2.5
2816,4.0
2817,5.0
2818,5.0
2819,5.0
2820,5.0
2821,5.0
2822,2.5
2823,3.1647263959949172
2824,5.0
2825,5.0
2826,5.0
2827,5.0
2828,5.0
2829,4.0
2830,5.0
2831,2.5
2832,1.6134040127348694
2833,5.0
2834,5.0
2835,5.0
2836,5.0
2837,5.0
2838,4.0
2839,4.0
2840,5.0
2841,2.5
2842,5.0
2843,4.0
2844,5.0
2845,5.0
2846,5.0
2847,4.422338464571356
2848,2.5
2849,4.0
2850,5.0
2851,5.0
2852,2.5
2853,3.0
2854,2.5
2855,5.0
2856,5.0
2857,5.0
2858,4.0
2859,5.0
2860,4.0
2861,5.0
2862,5.0
2863,2.5
2864,2.0
2865,2.0
2866,5.0
2867,2.0
2868,4.0
2869,4.0
2870,5.0
2871,1.0
2872,4.0
2873,5.0
2874,5.0
2875,5.0
2876,4.0
2877,2.0
2878,4.0
2879,4.0
2880,2.5
2881,5.0
2882,4.0
2883,5.0
2884,4.0
2885,2.5
2886,4.0
2887,2.0
2888,2.0
2889,3.3447272670398935
2890,5.0
2891,4.0
2892,5.0
2893,4.0
2894,2.5
2895,5.0
2896,4.0
2897,2.5
2898,5.0
2899,3.0
2900,5.0
2901,2.5
2902,2.5
2903,5.0
2904,4.0
2905,4.0
2906,4.0
2907,3.0
2908,2.5
2909,2.5
2910,2.5
2911,2.5
2912,2.5
2913,2.5
2914,2.5
2915,2.5
2916,2.5
2917,2.5
2918,2.5
2919,2.5
2920,2.5
2921,2.5
2922,2.5
2923,2.5
2924,2.5
2925,2.5
2926,2.5
2927,2.5
2928,2.5
2929,2.5
2930,2.5
2931,2.5
2932,2.5
2933,2.5
2934,2.5
2935,2.5
2936,2.5
2937,2.5
2938,2.5
2939,2.5
2940,2.5
2941,2.5
2942,2.5
2943,2.5
2944,2.5
2945,2.5
2946,2.5
2947,2.5
2948,2.5
2949,2.5
2950,2.5
2951,2.5
2952,2.5
2953,2.5
2954,2.5
2955,2.5
2956,2.5
2957,2.5
2958,2.5
2959,2.5
2960,2.5
2961,2.5
2962,2.5
2963,2.5
2964,2.5
2965,2.5
2966,2.5
2967,2.5
2968,2.5
2969,2.5
2970,2.5
2971,2.5
2972,2.5
2973,2.5
2974,2.5
2975,2.5
2976,2.5
2977,2.5
2978,2.5
2979,2.5
2980,2.5
2981,2.5
2982,2.5
2983,2.5
2984,2.5
2985,2.5
2986,2.5
2987,2.5
2988,2.5
2989,2.5
2990,2.5
2991,2.5
2992,2.5
2993,2.5
2994,2.5
2995,2.5
2996,2.5
2997,2.5
2998,2.5
2999,2.5
3000,2.5
3001,2.5
3002,2.5
3003,2.5
3004,2.5
3005,2.5
3006,2.5
3007,2.5
3008,2.5
3009,2.5
3010,2.5
3011,2.5
3012,2.5
3013,2.5
3014,2.5
3015,2.5
3016,2.5
3017,2.5
3018,2.5
3019,2.5
3020,2.5
3021,2.5
3022,2.5
3023,2.5
3024,2.5
3025,2.5
3026,2.5
3027,2.5
3028,2.5
3029,2.5
3030,2.5
3031,2.5
3032,2.5
3033,2.5
3034,2.5
3035,2.5
3036,2.5
3037,2.5
3038,2.5
3039,2.5
3040,2.5
3041,2.5
3042,2.5
3043,2.5
3044,2.5
3045,2.5
3046,2.5
3047,2.5
3048,2.5
3049,2.5
3050,2.5
3051,2.5
3052,2.5
3053,2.5
3054,2.5
3055,2.5
3056,2.5
3057,2.5
3058,2.5
3059,2.5
3060,2.5
3061,2.5
3062,2.5
3063,2.5
3064,2.5
3065,2.5
3066,2.5
3067,2.5
3068,2.5
3069,2.5
3070,2.5
3071,2.5
3072,2.5
3073,2.5
3074,2.5
3075,2.5
3076,2.5
3077,2.5
3078,2.5
3079,2.5
3080,2.5
3081,2.5
3082,2.5
3083,2.5
3084,2.5
3085,2.5
3086,2.5
3087,2.5
3088,2.5
3089,2.5
3090,2.5
3091,2.5
3092,2.5
3093,2.5
3094,2.5
3095,2.5
3096,2.5
3097,2.5
3098,2.5
3099,2.5
3100,2.5
3101,2.5
3102,2.5
3103,2.5
3104,2.5
3105,2.5
3106,2.5
3107,2.5
3108,2.5
3109,2.5
3110,2.5
3111,2.5
3112,2.5
3113,2.5
3114,2.5
3115,2.5
3116,2.5
3117,2.5
3118,2.5
3119,2.5
3120,2.5
3121,2.5
3122,2.5
3123,2.5
3124,2.5
3125,2.5
3126,2.5
3127,2.5
3128,2.5
3129,2.5
3130,2.5
3131,2.5
3132,2.5
3133,2.5
3134,2.5
3135,2.5
3136,2.5
3137,2.5
3138,2.5
3139,2.5
3140,2.5
3141,2.5
3142,2.5
3143,2.5
3144,2.5
3145,2.5
3146,2.5
3147,2.5
3148,2.5
3149,2.5
3150,2.5
3151,2.5
3152,2.5
3153,2.5
3154,2.5
3155,2.5
3156,2.5
3157,2.5
3158,2.5
3159,2.5
3160,2.5
3161,2.5
3162,2.5
3163,2.5
3164,2.5
3165,2.5
3166,2.5
3167,2.5
3168,2.5
3169,2.5
3170,2.5
3171,2.5
3172,2.5
3173,2.5
3174,2.5
3175,2.5
3176,2.5
3177,2.5
3178,2.5
3179,2.5
3180,2.5
3181,2.5
3182,2.5
3183,2.5
3184,2.5
3185,2.5
3186,2.5
3187,2.5
3188,2.5
3189,2.5
3190,2.5
3191,2.5
3192,2.5
3193,2.5
3194,2.5
3195,2.5
3196,2.5
3197,2.5
3198,2.5
3199,2.5
3200,2.5
3201,2.5
3202,2.5
3203,2.5
3204,2.5
3205,2.5
3206,2.5
3207,2.5
3208,2.5
3209,2.5
3210,2.5
3211,2.5
3212,2.5
3213,2.5
3214,2.5
3215,2.5
3216,2.5
3217,2.5
3218,2.5
3219,2.5
3220,2.5
3221,2.5
3222,2.5
3223,2.5
3224,2.5
3225,2.5
3226,2.5
3227,2.5
3228,2.5
3229,2.5
3230,2.5
3231,2.5
3232,2.5
3233,2.5
3234,2.5
3235,2.5
3236,2.5
3237,2.5
3238,2.5
3239,2.5
3240,2.5
3241,2.5
3242,2.5
3243,2.5
3244,2.5
3245,2.5
3246,2.5
3247,2.5
3248,2.5
3249,2.5
3250,2.5
3251,2.5
3252,2.5
3253,2.5
3254,2.5
3255,2.5
3256,2.5
3257,2.5
3258,2.5
3259,2.5
3260,2.5
3261,2.5
3262,2.5
3263,2.5
3264,2.5
3265,2.5
3266,2.5
3267,2.5
3268,2.5
3269,2.5
3270,2.5
3271,2.5
3272,2.5
3273,2.5
3274,2.5
3275,2.5
3276,2.5
3277,2.5
3278,2.5
3279,2.5
3280,2.5
3281,2.5
3282,2.5
3283,2.5
3284,2.5
3285,2.5
