,0
0,5.0
1,4.832479145218557
2,2.9133829285989306
3,5.0
4,4.057430759542029
5,4.057430759542029
6,5.0
7,5.000000000000001
8,4.319383428567842
9,4.319383428567842
10,5.0
11,4.407697787890419
12,4.407697787890419
13,4.783142517068817
14,4.783142517068817
15,5.0
16,5.0
17,5.0
18,4.685420972889186
19,3.7888650420193666
20,3.7888650420193666
21,4.699170341716546
22,4.699170341716546
23,5.0
24,5.0
25,4.999999999999999
26,2.5
27,4.247970457782674
28,4.247970457782674
29,4.783783991270578
30,4.464672965486696
31,4.463738376745073
32,4.463738376745073
33,4.7003625530429005
34,4.847958134576841
35,4.660594369597133
36,4.525066046996046
37,4.525066046996046
38,4.956833507526837
39,5.0
40,5.0
41,4.548652260934143
42,4.999999999999999
43,5.000000000000001
44,4.0
45,5.0
46,5.0
47,4.563712754886641
48,4.857123145303564
49,5.000000000000001
50,5.0
51,4.223629942261441
52,4.223629942261441
53,2.9999999999999996
54,4.004048090264296
55,4.004048090264296
56,4.448188472778752
57,4.448188472778752
58,4.724404522138736
59,5.0
60,2.5
61,4.0
62,4.999999999999999
63,4.052392099942268
64,4.052392099942268
65,5.0
66,4.312326720746443
67,4.74723263707121
68,4.74723263707121
69,4.646105377376044
70,5.0
71,5.0
72,4.2740352583191505
73,4.811590100853756
74,3.1722107076090627
75,3.1722107076090627
76,2.5
77,2.5
78,4.845656163023025
79,3.2489619667802536
80,3.2489619667802536
81,4.0
82,4.0
83,4.920995375370586
84,5.0
85,5.0
86,5.0
87,5.0
88,4.0
89,5.0
90,4.559408546362404
91,4.075403969775668
92,4.075403969775668
93,4.832341680159838
94,4.477916220949717
95,4.405531652579059
96,5.0
97,5.0
98,3.6598461447417536
99,3.6598461447417536
100,5.000000000000001
101,4.0
102,4.307070333937063
103,5.000000000000001
104,4.6768249259017
105,4.6768249259017
106,4.298756981587851
107,4.940870280056299
108,4.940870280056299
109,5.0
110,5.0
111,5.0
112,5.0
113,5.0
114,4.69721050495681
115,5.0
116,5.0
117,4.735564951655224
118,4.926030010722851
119,4.926030010722851
120,4.439974121987279
121,2.5
122,4.673410258336911
123,5.0
124,4.902105618239586
125,4.429177660504952
126,4.747826497742082
127,4.747826497742082
128,4.710715188041299
129,4.858594931580115
130,4.858594931580115
131,4.806805784146143
132,5.0
133,4.71874791646114
134,4.71874791646114
135,3.4094094062312417
136,3.4094094062312417
137,5.000000000000001
138,4.198763733290837
139,4.198763733290837
140,5.000000000000001
141,4.349252397135221
142,5.0
143,5.0
144,2.7970118376691637
145,2.7970118376691637
146,5.0
147,5.0
148,5.0
149,4.044072969454703
150,4.044072969454703
151,4.677001728641828
152,5.0
153,5.0
154,4.354109895988151
155,4.354109895988151
156,5.0
157,3.7983673788929218
158,3.7983673788929218
159,3.0000000000000004
160,3.0000000000000004
161,2.5
162,2.5
163,3.8782575813795983
164,4.891834962794396
165,5.0
166,4.952597998611509
167,4.309059498310724
168,2.5
169,5.000000000000001
170,5.0
171,3.8768250278805505
172,3.8768250278805505
173,4.423359316617229
174,4.616559311133707
175,5.0
176,5.0
177,4.7538378573619395
178,5.000000000000002
179,5.0
180,5.0
181,2.5
182,3.8463105226010943
183,3.8463105226010943
184,5.0
185,2.101257415099163
186,2.101257415099163
187,4.823406477074702
188,5.0
189,5.0
190,5.0
191,4.956282586146834
192,2.5
193,4.0
194,4.0
195,4.784331682987607
196,3.561350078909411
197,3.561350078909411
198,4.628163586276261
199,4.710610229293378
200,4.953564463066202
201,4.824341414919198
202,4.824341414919198
203,4.885473755365206
204,4.885473755365206
205,5.0
206,4.614500240415207
207,4.614500240415207
208,3.595163217448963
209,3.595163217448963
210,4.532269944545474
211,4.532269944545474
212,5.0
213,5.0
214,5.0
215,2.5
216,5.0
217,4.408590772515789
218,4.408590772515789
219,4.515909369481991
220,4.515909369481991
221,2.5
222,5.0
223,4.822734400858059
224,4.0
225,4.0
226,4.588994720081776
227,5.0
228,5.0
229,2.5
230,2.5
231,4.6480117297467
232,4.6480117297467
233,4.2437302478578705
234,4.2437302478578705
235,5.0
236,5.0
237,5.0
238,4.0
239,3.8319517232780744
240,3.8319517232780744
241,4.715138861806919
242,2.5
243,5.0
244,4.888358449826159
245,4.590500547519107
246,4.0
247,5.000000000000001
248,5.000000000000001
249,4.65038155907197
250,4.999999999999999
251,4.589589154805315
252,5.000000000000001
253,4.351727473571658
254,4.555043737410136
255,4.555043737410136
256,4.692069009664523
257,4.9758313096613005
258,3.5301024737273803
259,4.270361374658327
260,4.270361374658327
261,4.862352219642982
262,4.862352219642982
263,5.0
264,5.000000000000001
265,5.0
266,5.0
267,5.000000000000001
268,2.5
269,5.000000000000001
270,4.955033633724397
271,2.6542021943612224
272,2.6542021943612224
273,5.0
274,5.0
275,4.056072557122383
276,4.056072557122383
277,3.0
278,3.0
279,1.8255250921888142
280,1.8255250921888142
281,4.417286453874255
282,4.467520182894809
283,4.467520182894809
284,3.513733950538792
285,3.513733950538792
286,4.485192425038522
287,4.429450768465644
288,3.841906498021078
289,3.841906498021078
290,4.789803657568427
291,4.575412615923305
292,4.582046458311586
293,5.0
294,4.0
295,4.0
296,3.424162363749945
297,4.828087898714966
298,4.666895209675803
299,4.819605528337554
300,2.5
301,4.999999999999999
302,4.999999999999999
303,4.714101590762101
304,4.722569036563732
305,4.283595731408541
306,5.0
307,5.0
308,4.745066542289695
309,4.467240926233573
310,4.689637118623303
311,4.999999999999999
312,3.0
313,3.0
314,2.5
315,4.703661038278763
316,4.600547918308843
317,4.600547918308843
318,4.988577549250982
319,5.0
320,4.641282081508037
321,4.458875222595195
322,4.458875222595195
323,4.2199853913711785
324,4.2199853913711785
325,5.0
326,5.0
327,5.0
328,5.0
329,4.473543938830141
330,5.0
331,5.0
332,4.289115843805249
333,4.951488390874293
334,4.951488390874293
335,4.021377272173773
336,4.954709639055148
337,4.20633963947776
338,4.20633963947776
339,4.341309695920887
340,4.321558729337042
341,4.321558729337042
342,4.5858417149054675
343,5.000000000000001
344,5.000000000000001
345,2.5
346,5.0
347,4.276459586128146
348,4.276459586128146
349,5.0
350,4.090638418211436
351,4.090638418211436
352,4.999999999999999
353,4.999999999999999
354,4.999999999999999
355,4.999999999999999
356,5.0
357,4.0
358,4.0
359,4.875474833157742
360,5.0
361,5.000000000000001
362,5.0
363,4.8888655567133315
364,4.8888655567133315
365,4.96928775772044
366,2.5
367,5.0
368,4.713614167381702
369,4.302189654084264
370,4.302189654084264
371,4.833228148134902
372,3.590065684022989
373,3.590065684022989
374,4.321399738852427
375,3.7572306241928897
376,5.0
377,2.5
378,2.5
379,4.278034931829834
380,4.278034931829834
381,5.0
382,5.0
383,5.0
384,4.653741060441877
385,4.653741060441877
386,4.8827122530994185
387,5.0
388,4.254733076216097
389,5.0
390,5.0
391,5.0
392,4.656978831041631
393,5.0
394,5.0
395,4.7707230785988495
396,3.4242560225674143
397,3.4242560225674143
398,5.0
399,3.3329074560514598
400,5.0
401,4.167622646741877
402,4.999999999999999
403,4.769417326338209
404,5.0
405,5.0
406,4.999999999999999
407,4.999999999999999
408,4.5005937903812745
409,4.5005937903812745
410,4.934493938865025
411,3.68102852599588
412,4.674830966916957
413,4.674830966916957
414,5.0
415,4.171282387869674
416,4.171282387869674
417,5.0
418,4.296960242340063
419,4.382230801096116
420,4.382230801096116
421,4.1142330084275
422,5.0
423,4.368254541274399
424,5.000000000000001
425,5.000000000000001
426,4.999999999999999
427,3.6629952207315384
428,3.6629952207315384
429,5.000000000000001
430,5.000000000000001
431,4.999999999999999
432,4.999999999999999
433,4.918612790684308
434,4.759919298801111
435,2.5
436,2.5
437,5.0
438,4.08813606671509
439,5.0
440,3.775727851461089
441,4.757401200353377
442,4.0
443,4.0
444,4.0
445,4.0
446,4.486680873782595
447,5.0
448,3.1602150669388767
449,4.759068619345696
450,4.759068619345696
451,4.079255801821203
452,4.403653232636814
453,4.403653232636814
454,4.818567158652543
455,4.943943175200982
456,5.000000000000001
457,4.0
458,4.741929017760834
459,5.000000000000001
460,4.9207518088760684
461,4.535827705396159
462,4.535827705396159
463,5.0
464,4.8367136967885225
465,1.8665690759579634
466,1.8665690759579634
467,4.0
468,4.263086764562641
469,4.263086764562641
470,4.495823884994795
471,5.0
472,5.0
473,5.000000000000002
474,5.000000000000002
475,4.969053859658928
476,5.0
477,5.0
478,4.0
479,4.999999999999999
480,5.0
481,5.0
482,4.400723554976054
483,5.0
484,4.516193028576131
485,5.0
486,5.0
487,4.7226851401256615
488,4.7226851401256615
489,4.683278630808292
490,4.708086075827682
491,2.817434447142757
492,2.817434447142757
493,5.0
494,4.7551673396758245
495,4.7551673396758245
496,5.0
497,3.9123288595758448
498,3.9123288595758448
499,4.7149117073501845
500,4.0
501,5.000000000000001
502,4.771734636203123
503,4.793453646909193
504,4.0
505,5.0
506,5.0
507,2.5
508,5.0
509,5.0
510,3.271863321865989
511,3.271863321865989
512,5.0
513,4.999999999999999
514,4.999999999999999
515,4.125256077344281
516,4.125256077344281
517,5.000000000000001
518,4.0
519,4.97456801279903
520,4.4271209251487855
521,4.284536448986341
522,4.284536448986341
523,5.0
524,3.0
525,3.0
526,4.666633318836796
527,5.0
528,4.807603931152625
529,4.364411245774703
530,5.0
531,4.999999999999999
532,5.0
533,1.0
534,1.0
535,4.942552992505494
536,5.0
537,5.0
538,4.782900149803818
539,4.782900149803818
540,4.611907034186569
541,4.481342960462007
542,5.0
543,4.451904240076188
544,4.451904240076188
545,4.355919437044674
546,4.355919437044674
547,5.0
548,5.0
549,5.0
550,4.78626383185719
551,5.0
552,4.926842767812254
553,4.734388939819634
554,4.734388939819634
555,4.909366662031452
556,4.297823752003532
557,4.620602165605601
558,4.422395335036637
559,4.422395335036637
560,5.0
561,5.0
562,5.0
563,4.290754560026483
564,3.8682466901004604
565,3.8682466901004604
566,4.0
567,4.0
568,4.899332303611665
569,4.999999999999999
570,3.7757306807012005
571,3.7757306807012005
572,4.111299296970771
573,5.0
574,4.0
575,5.0
576,4.648503272904243
577,4.648503272904243
578,4.594889402528697
579,5.0
580,5.0
581,4.612035210597354
582,5.0
583,3.938488865501104
584,4.795336277542248
585,2.7191303146443695
586,2.7191303146443695
587,4.537515527076442
588,4.422508604020617
589,4.422508604020617
590,5.0
591,4.235465355640067
592,3.9604661425550387
593,5.0
594,4.626151320746129
595,4.626151320746129
596,4.099404945125744
597,5.0
598,4.875297114370456
599,4.875297114370456
600,4.897483161424435
601,4.897483161424435
602,4.247864298068867
603,4.580632240022474
604,4.580632240022474
605,4.777507971132101
606,4.615137104161034
607,4.615137104161034
608,4.999999999999999
609,2.5
610,2.5
611,4.478880967471057
612,5.000000000000001
613,4.388930324647447
614,5.0
615,3.8304674866206323
616,3.8304674866206323
617,4.252688693024748
618,4.999999999999999
619,5.0
620,4.28963789475632
621,4.756388150204947
622,4.756388150204947
623,4.077959399300632
624,4.322862960832885
625,5.0
626,4.999999999999999
627,4.0
628,4.73432995684535
629,5.0
630,5.0
631,5.0
632,4.999999999999999
633,5.0
634,4.1719953382523345
635,5.0
636,3.0
637,4.887575448458024
638,4.1027370143152115
639,4.1027370143152115
640,4.758242605368661
641,4.758242605368661
642,4.178849204235483
643,5.0
644,4.224545251468503
645,4.224545251468503
646,4.999999999999999
647,5.0
648,5.0
649,4.4141555732488165
650,4.590789451911875
651,4.0
652,4.0
653,4.316005733650067
654,4.316005733650067
655,4.0
656,4.0
657,4.6374677406374
658,2.5
659,5.0
660,2.5
661,5.0
662,4.929541563464703
663,4.302860660106687
664,4.318931879368672
665,3.66549692299869
666,3.66549692299869
667,5.0
668,5.0
669,4.834549176655055
670,4.366401872040981
671,4.366401872040981
672,4.662217217085047
673,4.662217217085047
674,4.7237116403985855
675,2.5
676,2.5
677,5.000000000000001
678,3.929925928447761
679,3.929925928447761
680,4.895888978413604
681,3.61327637269824
682,4.932327314898832
683,1.0
684,1.0
685,4.734202505910749
686,4.972008612223403
687,4.75302495212842
688,4.073992540674404
689,4.073992540674404
690,4.249057212712175
691,4.249057212712175
692,4.999999999999999
693,5.0
694,3.307215726570035
695,5.0
696,5.0
697,4.717304151676477
698,4.717304151676477
699,4.7360048239381545
700,4.7360048239381545
701,4.781088486292197
702,4.251230943264194
703,4.999999999999999
704,4.279091403060521
705,5.0
706,5.0
707,5.0
708,4.880932228365366
709,4.0
710,1.569089246508513
711,1.569089246508513
712,5.0
713,4.242448853159072
714,4.716840648223536
715,5.0
716,3.768666660550382
717,5.0
718,5.0
719,5.000000000000001
720,4.0
721,4.0
722,2.5
723,2.5
724,2.5
725,4.724873490114265
726,4.999999999999999
727,5.0
728,5.0
729,2.5
730,4.048278793403352
731,4.048278793403352
732,4.999999999999999
733,3.994935267436939
734,3.994935267436939
735,4.0
736,4.0
737,4.421558775331109
738,4.421558775331109
739,3.950245824094926
740,4.953729808632877
741,5.0
742,2.0
743,2.0
744,4.812766282734503
745,2.5
746,4.886493488323871
747,4.886493488323871
748,5.000000000000001
749,4.5361877488759585
750,4.676394950752967
751,4.676394950752967
752,4.894094582312257
753,3.0000000000000004
754,3.0000000000000004
755,4.712181315961099
756,4.712181315961099
757,3.024787929675703
758,3.024787929675703
759,4.142415846540254
760,5.000000000000001
761,5.0
762,5.0
763,4.635148132242469
764,4.10774620660428
765,3.3271010971806114
766,5.0
767,5.0
768,5.0
769,4.779202137418753
770,5.0
771,4.884741041402483
772,4.884741041402483
773,5.0
774,5.0
775,2.5
776,2.5
777,2.5
778,5.0
779,4.754046557665241
780,5.0
781,5.0
782,4.688304193526822
783,4.465310147080282
784,4.465310147080282
785,5.0
786,1.0
787,1.0
788,4.9314349018729455
789,4.538571270149171
790,4.629460148642223
791,4.629460148642223
792,4.948997682764235
793,5.0
794,5.0
795,5.0
796,3.9273387256651526
797,3.9273387256651526
798,4.885862037420912
799,4.825162877817847
800,5.000000000000001
801,5.000000000000001
802,2.5
803,2.9297880007656127
804,2.9297880007656127
805,3.4525822773107904
806,3.4525822773107904
807,5.0
808,4.5195563954472755
809,4.999999999999999
810,4.09009404182476
811,4.09009404182476
812,4.690862554884587
813,4.576803931642509
814,2.5
815,4.695558036713511
816,4.695558036713511
817,3.0000000000000004
818,2.9837341567621927
819,2.9837341567621927
820,5.0
821,5.0
822,4.8839042223790505
823,4.8839042223790505
824,4.552503598895833
825,4.92132604174705
826,4.492742437784863
827,5.0
828,5.0
829,2.5
830,2.5
831,4.284049201508992
832,4.284049201508992
833,4.351785414317564
834,4.351785414317564
835,4.817197648672299
836,4.0
837,4.485795205840338
838,5.0
839,4.884351528596494
840,5.000000000000001
841,4.999999999999999
842,4.684868850074081
843,4.7225473230854895
844,4.0
845,4.779138041856796
846,4.0
847,4.0
848,4.584348086611881
849,4.584348086611881
850,2.5
851,2.5
852,4.305381845609885
853,4.305381845609885
854,5.000000000000001
855,5.000000000000001
856,4.594123705857612
857,4.330957765978938
858,4.330957765978938
859,5.0
860,4.350527279648541
861,4.914310440635197
862,5.0
863,5.0
864,4.008131286957094
865,4.008131286957094
866,4.496681450442461
867,4.718474339556533
868,4.718474339556533
869,4.539677807252477
870,4.0
871,5.0
872,4.121197714699917
873,5.0
874,4.346219061106348
875,4.310097609552344
876,4.223870543741178
877,4.223870543741178
878,4.617049072258122
879,4.726410086111377
880,5.0
881,4.226225764876507
882,4.226225764876507
883,4.999999999999999
884,5.0
885,5.0
886,4.999999999999999
887,3.0
888,3.0
889,5.0
890,2.5
891,5.0
892,5.0
893,4.728623703261531
894,3.3271010971806114
895,4.679926432599764
896,4.679926432599764
897,5.000000000000001
898,4.268970296780783
899,4.268970296780783
900,5.0
901,5.000000000000001
902,5.0
903,5.0
904,4.145887991072283
905,4.145887991072283
906,4.329106404387549
907,4.329106404387549
908,5.0
909,4.368125453633321
910,4.368125453633321
911,5.0
912,4.999999999999999
913,4.685017799235708
914,4.685017799235708
915,5.000000000000001
916,4.999999999999999
917,5.0
918,5.0
919,4.091922687453845
920,4.091922687453845
921,4.155541707614283
922,4.0
923,5.0
924,4.999999999999999
925,4.999999999999999
926,4.156518451705565
927,4.642947013741385
928,4.37465586969248
929,4.418558326647484
930,2.6712580417313903
931,4.60570015637079
932,4.60570015637079
933,4.0
934,4.0
935,4.340746971205261
936,5.000000000000001
937,5.000000000000001
938,4.198488960616474
939,5.000000000000001
940,4.999999999999999
941,5.0
942,5.0
943,3.8539864570315805
944,3.8539864570315805
945,5.0
946,4.554672339734413
947,4.999999999999999
948,4.861510778646792
949,4.573481358651648
950,4.573481358651648
951,4.534427763284091
952,5.0
953,3.266080789806815
954,4.999999999999999
955,4.356735523706828
956,1.9718493603178862
957,4.522401318270582
958,4.522401318270582
959,5.0
960,2.5
961,2.5
962,3.0000000000000004
963,4.0
964,5.0
965,5.0
966,3.526285871301059
967,3.526285871301059
968,4.780355590402338
969,4.0
970,4.666990375996703
971,4.433895463244422
972,1.0
973,1.0
974,5.000000000000001
975,3.6360442798104398
976,3.6360442798104398
977,4.3967878026510645
978,4.777286574564763
979,3.6524104674930418
980,3.6524104674930418
981,4.740844303523761
982,5.000000000000001
983,2.5
984,4.0
985,4.0
986,5.0
987,5.000000000000001
988,4.477473809073759
989,4.477473809073759
990,4.335852430508608
991,4.335852430508608
992,4.999999999999999
993,4.691162329003552
994,4.691162329003552
995,5.000000000000001
996,2.5
997,2.5
998,2.5
999,5.000000000000001
1000,3.59086801473883
1001,3.59086801473883
1002,5.0
1003,4.544240791210152
1004,3.958512279064518
1005,3.958512279064518
1006,4.601886873433329
1007,4.601886873433329
1008,3.7619162979502816
1009,3.7619162979502816
1010,5.0
1011,4.136078528585218
1012,4.688819080272061
1013,5.0
1014,4.421581468465795
1015,5.0
1016,4.771870785238061
1017,4.999999999999999
1018,2.5
1019,5.0
1020,4.0
1021,4.0
1022,5.0
1023,2.5
1024,4.193642756572835
1025,4.193642756572835
1026,2.5
1027,4.75684392663715
1028,4.75684392663715
1029,4.578437520533218
1030,4.910561331948833
1031,4.0
1032,5.0
1033,5.0
1034,4.909288510805273
1035,5.0
1036,2.5
1037,3.502199643563677
1038,3.502199643563677
1039,3.044822213288514
1040,3.044822213288514
1041,5.000000000000001
1042,4.799283000458989
1043,4.799283000458989
1044,5.0
1045,4.999999999999999
1046,4.691386069969792
1047,4.241522027134821
1048,5.0
1049,5.0
1050,4.265521824950699
1051,5.0
1052,2.5
1053,2.5
1054,4.999999999999999
1055,4.716865898962423
1056,4.716865898962423
1057,4.0
1058,4.628163586276261
1059,5.000000000000001
1060,4.458344029243743
1061,4.843994354270794
1062,4.111398729310558
1063,4.306309541418819
1064,4.999999999999999
1065,4.0
1066,4.774662869423242
1067,4.774662869423242
1068,4.4498823072378535
1069,5.0
1070,4.255643445341648
1071,4.70650895956538
1072,4.70650895956538
1073,5.0
1074,5.0
1075,5.0
1076,4.0
1077,4.0
1078,4.694347069937187
1079,4.468926832678046
1080,4.371438646805123
1081,4.371438646805123
1082,5.0
1083,1.8426865740414409
1084,1.8426865740414409
1085,4.999999999999999
1086,4.519272460035345
1087,4.519272460035345
1088,5.000000000000001
1089,4.822911016170915
1090,5.0
1091,4.707401598731719
1092,4.814627813049591
1093,4.814627813049591
1094,5.000000000000001
1095,5.0
1096,4.8612813175995075
1097,4.8612813175995075
1098,4.761691912930291
1099,4.761691912930291
1100,2.5
1101,4.750248930648869
1102,5.0
1103,4.910325200831224
1104,5.0
1105,4.6471639853329725
1106,3.3896000457072932
1107,3.3896000457072932
1108,3.9889224144058377
1109,3.9889224144058377
1110,5.0
1111,4.999999999999999
1112,4.864105230112712
1113,5.0
1114,5.0
1115,4.867036860327354
1116,4.867036860327354
1117,5.0
1118,4.530339091419264
1119,4.161405659817634
1120,4.7486523166235095
1121,4.1638073294924425
1122,5.0
1123,4.766959109891198
1124,4.766959109891198
1125,4.0
1126,4.0
1127,4.613441140987372
1128,4.613441140987372
1129,5.0
1130,3.9303070036264143
1131,3.9303070036264143
1132,4.0
1133,4.999999999999999
1134,4.999999999999999
1135,4.780895270905817
1136,4.517520179155501
1137,3.4985600875776472
1138,5.000000000000001
1139,5.000000000000001
1140,4.630112313496642
1141,2.5
1142,4.0
1143,5.0
1144,4.767178822363706
1145,5.0
1146,5.0
1147,4.999999999999998
1148,5.000000000000001
1149,5.000000000000001
1150,4.865611518450663
1151,4.865611518450663
1152,4.656118728110595
1153,4.80672728073568
1154,5.0
1155,5.0
1156,4.579117989963593
1157,5.0
1158,4.767568801012265
1159,4.767568801012265
1160,4.9185364232940545
1161,4.584877882063652
1162,4.999999999999999
1163,4.560591861467612
1164,4.560591861467612
1165,5.0
1166,5.0
1167,5.0
1168,4.719993183764788
1169,4.53352473290847
1170,5.0
1171,4.219430707211816
1172,4.219430707211816
1173,2.5
1174,2.5
1175,2.5
1176,2.942054155536659
1177,2.942054155536659
1178,4.541741044273996
1179,4.437847323570751
1180,5.000000000000001
1181,4.5243960383091
1182,4.5243960383091
1183,4.960859940701995
1184,4.960859940701995
1185,5.000000000000001
1186,5.0
1187,4.0
1188,5.0
1189,2.5134296817214983
1190,4.270110354095922
1191,4.270110354095922
1192,3.329130411167028
1193,3.329130411167028
1194,5.0
1195,4.817898411562107
1196,2.5
1197,4.0
1198,4.799822932284598
1199,4.999999999999999
1200,4.0637064944617824
1201,5.0
1202,4.512072047765176
1203,4.75628842207116
1204,4.0
1205,4.450422888231417
1206,4.6735445945576375
1207,4.6735445945576375
1208,4.957612449507596
1209,5.0
1210,4.86741888176578
1211,5.0
1212,2.5
1213,4.652218554579181
1214,2.0
1215,2.0
1216,5.0
1217,5.0
1218,5.000000000000001
1219,5.0
1220,5.0
1221,5.0
1222,5.0
1223,4.190663758320971
1224,4.345141080470942
1225,4.668378505354651
1226,4.0
1227,4.891890483759604
1228,4.891890483759604
1229,4.477018050489729
1230,4.468827747227347
1231,4.468827747227347
1232,5.0
1233,4.4735841837492645
1234,5.0
1235,4.619557580879639
1236,4.619557580879639
1237,4.616308539243325
1238,4.999999999999999
1239,5.0
1240,5.0
1241,4.388433418093876
1242,5.0
1243,5.0
1244,4.817874690757333
1245,5.0
1246,5.0
1247,5.0
1248,4.52051662413478
1249,4.746089538829387
1250,5.0
1251,4.121341816195221
1252,4.661106182481434
1253,3.883268387618256
1254,4.999999999999999
1255,4.999999999999999
1256,5.0
1257,3.3143147739464065
1258,3.3143147739464065
1259,2.5
1260,5.0
1261,5.0
1262,4.218117390939949
1263,4.0
1264,4.0
1265,4.834612234914784
1266,4.5147257426949094
1267,4.5147257426949094
1268,4.782323695495205
1269,4.782323695495205
1270,5.0
1271,4.469938710420727
1272,4.469938710420727
1273,5.0
1274,3.3130293438637737
1275,3.3130293438637737
1276,5.0
1277,4.427880076272097
1278,4.427880076272097
1279,4.999999999999999
1280,5.0
1281,2.6970029783153526
1282,2.6970029783153526
1283,3.974996205602433
1284,3.974996205602433
1285,5.0
1286,4.263512292150031
1287,4.263512292150031
1288,4.0
1289,3.841135088917272
1290,4.688049435675369
1291,4.688049435675369
1292,5.0
1293,4.539339122819269
1294,4.637872234775744
1295,4.241988522153494
1296,4.2562631755368106
1297,4.2562631755368106
1298,3.473091952838951
1299,3.473091952838951
1300,4.848736843573171
1301,4.696233635591591
1302,5.0
1303,3.9854848755697265
1304,3.9854848755697265
1305,4.861242271358499
1306,4.861242271358499
1307,4.64278434322089
1308,4.820948832052449
1309,2.5
1310,2.5
1311,4.859959452945177
1312,3.0
1313,5.0
1314,4.704727915244988
1315,4.585026898653385
1316,4.52128978410862
1317,5.0
1318,4.265878776438785
1319,4.093122370608738
1320,4.093122370608738
1321,4.543002110978709
1322,4.543002110978709
1323,3.9303227341700717
1324,3.9303227341700717
1325,4.510261806798407
1326,4.999999999999999
1327,5.000000000000001
1328,3.4615071123833245
1329,4.839827988011973
1330,4.825813240221465
1331,5.000000000000001
1332,2.5
1333,2.5
1334,4.389028956221946
1335,5.0
1336,4.162237899175155
1337,4.243538116596738
1338,4.243538116596738
1339,5.0
1340,4.368040227579596
1341,5.0
1342,3.6803077105164927
1343,3.6803077105164927
1344,4.948573645288226
1345,4.686146936189388
1346,2.5
1347,4.705123614294705
1348,4.181518861478602
1349,4.899686163262377
1350,3.9788467579590043
1351,3.9788467579590043
1352,4.172465903164378
1353,4.461894666392295
1354,4.663396665310488
1355,4.149108003106559
1356,5.000000000000001
1357,5.000000000000001
1358,4.022023624676821
1359,4.022023624676821
1360,5.0
1361,5.0
1362,5.0
1363,4.29426896514144
1364,3.592966465642428
1365,5.0
1366,4.0
1367,4.0
1368,4.098566942573639
1369,4.098566942573639
1370,4.999999999999999
1371,4.757490087817199
1372,4.757490087817199
1373,4.743857695355013
1374,4.431529857965071
1375,4.431529857965071
1376,5.0
1377,5.0
1378,4.0
1379,4.309714551235444
1380,5.0
1381,5.0
1382,4.719340213880609
1383,4.77791171174755
1384,4.624145718185419
1385,4.624145718185419
1386,5.0
1387,4.787477318608688
1388,4.787477318608688
1389,5.0
1390,4.0
1391,5.0
1392,5.0
1393,5.0
1394,5.000000000000001
1395,5.0
1396,4.0
1397,5.0
1398,4.283619740545083
1399,4.9240617742486394
1400,2.5
1401,5.0
1402,5.0
1403,5.0
1404,5.0
1405,3.3271010971806114
1406,3.3271010971806114
1407,5.0
1408,5.0
1409,4.0
1410,4.0
1411,1.0
1412,1.0
1413,4.525657853045949
1414,4.525657853045949
1415,4.940870280056299
1416,2.5
1417,4.194578649636288
1418,2.5
1419,5.0
1420,4.0
1421,4.0
1422,4.691224400001482
1423,4.0
1424,2.5
1425,4.594080204283164
1426,4.999999999999999
1427,4.790765270636383
1428,2.5
1429,5.0
1430,4.444343091044186
1431,4.696872022359428
1432,4.8113967220857665
1433,4.838653759039688
1434,4.516193028576131
1435,5.000000000000001
1436,5.000000000000001
1437,4.784355709617665
1438,4.784355709617665
1439,5.0
1440,5.0
1441,4.278734803042818
1442,5.0
1443,4.656547720427308
1444,5.0
1445,4.744554613590345
1446,5.0
1447,5.0
1448,4.0
1449,4.584958021919613
1450,4.999999999999999
1451,5.0
1452,2.5
1453,2.5
1454,4.777154603810889
1455,2.5
1456,2.5
1457,4.999999999999999
1458,4.999999999999999
1459,4.47465720134401
1460,5.0
1461,5.0
1462,2.5
1463,4.522800874228001
1464,2.5
1465,2.5
1466,5.0
1467,4.868117332594736
1468,5.0
1469,4.855553890749473
1470,2.0
1471,2.0
1472,4.155485237633631
1473,4.155485237633631
1474,5.0
1475,3.784174015791842
1476,5.0
1477,4.573235557855575
1478,4.999999999999999
1479,4.999999999999999
1480,4.368254541274399
1481,5.0
1482,4.559432841885653
1483,4.559432841885653
1484,5.0
1485,4.555739609056546
1486,5.0
1487,4.015989817731541
1488,4.665038984089632
1489,4.665038984089632
1490,4.0
1491,5.0
1492,5.0
1493,4.768803159551143
1494,5.0
1495,4.843123938897121
1496,4.0
1497,4.0
1498,5.0
1499,5.0
1500,5.0
1501,5.0
1502,4.0
1503,4.0
1504,4.01929909969921
1505,4.0
1506,4.0
1507,4.28933747476433
1508,5.0
1509,4.696518626608199
1510,3.5195106122833133
1511,4.243998450809992
1512,4.754031326460916
1513,5.0
1514,4.999999999999999
1515,5.0
1516,5.0
1517,5.0
1518,5.000000000000001
1519,5.000000000000001
1520,4.615845334813068
1521,2.5
1522,2.5
1523,5.0
1524,5.0
1525,5.0
1526,4.0
1527,5.0
1528,5.0
1529,4.0
1530,3.0
1531,3.0
1532,4.510100078341706
1533,5.0
1534,4.8624351533200825
1535,5.0
1536,5.0
1537,3.336935782146309
1538,4.0
1539,4.658511852258316
1540,4.842598916876119
1541,5.0
1542,4.56845941206984
1543,4.56845941206984
1544,5.0
1545,4.0
1546,5.0
1547,4.0
1548,5.0
1549,4.674484982126983
1550,4.55837792624258
1551,5.000000000000001
1552,4.0
1553,5.0
1554,5.0
1555,5.0
1556,5.0
1557,5.0
1558,5.0
1559,4.121799835935154
1560,4.808520004227417
1561,5.0
1562,5.0
1563,5.0
1564,3.5506287075495813
1565,3.5506287075495813
1566,4.677968086348175
1567,5.0
1568,5.0
1569,4.700350669269201
1570,4.700350669269201
1571,5.0
1572,5.0
1573,5.0
1574,5.000000000000001
1575,5.0
1576,2.9999999999999996
1577,2.9999999999999996
1578,5.000000000000001
1579,4.8641616183171905
1580,4.8641616183171905
1581,4.531552103891077
1582,4.883738489049973
1583,5.0
1584,4.380079925386606
1585,5.0
1586,5.0
1587,4.0
1588,1.0
1589,5.0
1590,5.0
1591,4.0
1592,5.0
1593,2.5
1594,2.5
1595,5.000000000000001
1596,3.8867942689988704
1597,5.0
1598,5.0
1599,4.438503883399619
1600,4.304460976199643
1601,4.999999999999999
1602,4.4502522467656265
1603,4.8794658127459485
1604,4.0
1605,4.649514627985518
1606,4.490782306733639
1607,4.857888799504554
1608,4.360905225995138
1609,4.342528061488866
1610,4.867962536132924
1611,5.000000000000001
1612,4.503944558768401
1613,4.395491567603414
1614,4.0
1615,4.6248083973435525
1616,4.6248083973435525
1617,4.511226430778448
1618,4.58323235486681
1619,4.58323235486681
1620,5.0
1621,4.068180407342992
1622,4.068180407342992
1623,3.614648217376
1624,3.614648217376
1625,4.53039417872724
1626,5.0
1627,1.0
1628,5.000000000000001
1629,4.16167734133743
1630,4.428354380535831
1631,5.0
1632,5.0
1633,5.0
1634,5.0
1635,5.0
1636,4.999999999999999
1637,5.0
1638,4.906799448773679
1639,4.516193028576131
1640,5.000000000000001
1641,4.0
1642,5.0
1643,5.0
1644,5.0
1645,4.464506876993025
1646,5.0
1647,4.395955714824576
1648,3.988459568388229
1649,2.5
1650,4.678044313175334
1651,4.279044734225503
1652,4.474149012874941
1653,3.336935782146309
1654,2.9999999999999996
1655,2.9999999999999996
1656,5.0
1657,3.0
1658,2.5
1659,5.0
1660,4.431531060460431
1661,5.0
1662,4.3802458511767295
1663,4.3802458511767295
1664,4.735317769180031
1665,4.735317769180031
1666,5.0
1667,4.0
1668,4.473091952838951
1669,4.386896880070773
1670,5.0
1671,5.0
1672,5.0
1673,5.0
1674,5.000000000000002
1675,4.0
1676,4.0
1677,4.0
1678,5.0
1679,5.0
1680,5.0
1681,5.0
1682,4.796376075312869
1683,5.000000000000001
1684,4.999999999999999
1685,4.114532196300768
1686,4.114532196300768
1687,4.473147443118861
1688,4.964053486706744
1689,4.0
1690,4.0
1691,5.0
1692,5.0
1693,4.473819369440418
1694,4.0
1695,5.0
1696,5.0
1697,4.501117068844463
1698,4.663434437796305
1699,4.471445381862735
1700,4.341604125499534
1701,2.5
1702,4.69255419262933
1703,5.0
1704,5.0
1705,4.604229711450097
1706,4.604229711450097
1707,5.0
1708,5.0
1709,3.8612266439064284
1710,5.000000000000001
1711,2.5
1712,2.5
1713,5.0
1714,4.893486860578906
1715,5.0
1716,4.015432530990676
1717,4.015432530990676
1718,5.000000000000001
1719,5.0
1720,5.0
1721,4.999999999999999
1722,4.511742614868151
1723,4.0
1724,4.0
1725,4.0
1726,5.0
1727,4.0
1728,4.503674700011139
1729,4.503674700011139
1730,4.748385506718547
1731,4.3726944159912975
1732,5.0
1733,4.018023148214385
1734,3.000046938675381
1735,4.0
1736,5.0
1737,2.5
1738,4.0
1739,5.0
1740,5.0
1741,5.0
1742,4.0
1743,5.0
1744,5.0
1745,5.0
1746,5.0
1747,2.5
1748,4.0
1749,3.756421986491414
1750,3.756421986491414
1751,5.0
1752,2.5
1753,5.0
1754,5.0
1755,5.0
1756,5.0
1757,5.000000000000001
1758,5.000000000000001
1759,2.5
1760,4.0
1761,4.399608948015389
1762,4.399608948015389
1763,2.5
1764,4.0
1765,4.0
1766,5.0
1767,3.857839650794544
1768,3.857839650794544
1769,5.000000000000001
1770,5.0
1771,5.0
1772,5.0
1773,4.999999999999999
1774,4.999999999999999
1775,5.0
1776,5.0
1777,3.0
1778,5.0
1779,5.0
1780,2.5
1781,5.0
1782,5.000000000000001
1783,4.0
1784,5.0
1785,4.704557137466454
1786,4.704557137466454
1787,5.0
1788,4.138717515724197
1789,4.3909270795044675
1790,4.70908850296677
1791,4.554594406692427
1792,4.554594406692427
1793,5.0
1794,3.0971728976967388
1795,3.0971728976967388
1796,5.0
1797,5.0
1798,3.894470481353844
1799,4.684878559780911
1800,4.999999999999999
1801,4.999999999999999
1802,4.461507112383325
1803,5.0
1804,5.0
1805,5.0
1806,5.0
1807,2.5
1808,4.380845357799666
1809,3.51203148227528
1810,3.51203148227528
1811,4.999999999999999
1812,5.0
1813,5.0
1814,4.831594556147471
1815,4.7927309177315855
1816,4.0
1817,4.698448778327061
1818,4.547559667584224
1819,5.000000000000001
1820,4.350967550729108
1821,4.350967550729108
1822,5.0
1823,5.0
1824,4.999999999999999
1825,4.999999999999999
1826,4.296162901312184
1827,5.0
1828,5.0
1829,4.876128802393634
1830,4.783567039937221
1831,4.0
1832,4.0
1833,4.881022671083459
1834,2.5
1835,4.999999999999999
1836,5.0
1837,5.0
1838,4.626893733493447
1839,4.212859919974586
1840,5.0
1841,5.0
1842,5.0
1843,4.496881636277611
1844,4.0
1845,5.0
1846,5.0
1847,5.0
1848,4.527258221231977
1849,4.999999999999999
1850,5.0
1851,4.452417568888251
1852,4.200342123220356
1853,4.2182184139805
1854,4.2182184139805
1855,5.0
1856,4.458470108091647
1857,5.0
1858,4.0
1859,4.526433183689344
1860,5.0
1861,5.0
1862,4.621828729956727
1863,5.0
1864,4.113302858054814
1865,5.0
1866,5.0
1867,5.0
1868,5.0
1869,4.598104180971896
1870,4.598104180971896
1871,4.564393805561463
1872,3.525618664609538
1873,3.525618664609538
1874,4.999999999999998
1875,4.999999999999998
1876,4.0
1877,5.0
1878,4.0
1879,5.0
1880,4.556418147768782
1881,4.556418147768782
1882,4.999999999999999
1883,4.0
1884,4.681512952508022
1885,5.0
1886,4.0
1887,4.0
1888,4.8373852814642335
1889,5.0
1890,5.0
1891,3.1595606949894477
1892,5.0
1893,5.0
1894,4.366809343803888
1895,4.366809343803888
1896,4.999999999999999
1897,4.0
1898,5.0
1899,4.0
1900,4.944368885908507
1901,4.944368885908507
1902,4.0
1903,4.0
1904,4.678942692553984
1905,4.598504063214651
1906,3.7562071593751627
1907,3.7562071593751627
1908,5.000000000000001
1909,2.5
1910,2.5
1911,5.0
1912,4.0
1913,5.0
1914,4.3967878026510645
1915,5.0
1916,2.5
1917,5.0
1918,3.115709286282272
1919,3.115709286282272
1920,4.570367676410254
1921,5.0
1922,5.0
1923,5.0
1924,4.614185152690615
1925,5.0
1926,3.6338068000188053
1927,3.6338068000188053
1928,5.000000000000001
1929,4.9128314904172266
1930,5.000000000000001
1931,5.0
1932,5.0
1933,5.0
1934,4.821765665443175
1935,5.0
1936,4.880340512608291
1937,4.44730498707896
1938,2.5
1939,5.0
1940,5.0
1941,5.0
1942,5.0
1943,3.6964120776690264
1944,3.6964120776690264
1945,5.0
1946,5.0
1947,5.0
1948,5.0
1949,2.5
1950,2.5
1951,5.0
1952,5.0
1953,4.0
1954,4.568464363359378
1955,4.568464363359378
1956,4.626944712386353
1957,5.0
1958,5.0
1959,3.7132094817431227
1960,3.7132094817431227
1961,5.0
1962,5.0
1963,5.0
1964,5.0
1965,2.5
1966,3.6417872269364104
1967,4.235544509551105
1968,5.000000000000001
1969,4.0
1970,4.0
1971,4.734981752292757
1972,4.549011161505473
1973,2.5
1974,5.0
1975,2.5
1976,5.0
1977,5.000000000000001
1978,5.0
1979,4.999999999999999
1980,5.000000000000001
1981,2.5
1982,5.0
1983,2.5
1984,5.000000000000001
1985,5.000000000000001
1986,4.162294826428889
1987,4.162294826428889
1988,4.495432437733631
1989,4.547850187895156
1990,4.547850187895156
1991,5.0
1992,5.0
1993,4.999999999999999
1994,4.227935992492472
1995,4.227935992492472
1996,5.0
1997,4.999999999999999
1998,4.999999999999999
1999,4.570675142258117
2000,4.656547720427308
2001,4.0
2002,4.0
2003,5.0
2004,4.876242553900467
2005,5.0
2006,5.0
2007,5.0
2008,5.0
2009,4.0
2010,4.910084343033966
2011,4.054597593747278
2012,4.054597593747278
2013,5.000000000000001
2014,5.000000000000001
2015,2.5
2016,5.000000000000001
2017,4.65529965757482
2018,4.0
2019,2.5
2020,2.5
2021,5.0
2022,5.0
2023,4.860601756918406
2024,5.0
2025,5.0
2026,2.5
2027,2.5
2028,5.0
2029,4.999999999999999
2030,4.687974648485174
2031,5.0
2032,5.0
2033,4.0
2034,5.000000000000001
2035,4.914383911494766
2036,4.914383911494766
2037,2.5
2038,5.0
2039,5.0
2040,5.0
2041,4.2028390328465415
2042,5.0
2043,4.0
2044,4.999999999999999
2045,4.999999999999999
2046,5.0
2047,5.0
2048,5.0
2049,4.680140709808416
2050,5.0
2051,3.0000000000000004
2052,4.112884466641985
2053,4.112884466641985
2054,5.000000000000001
2055,4.920634329797766
2056,4.292198963928623
2057,4.0
2058,4.0
2059,4.126398118439484
2060,4.126398118439484
2061,5.0
2062,4.119432031155311
2063,4.60133982552753
2064,4.60133982552753
2065,2.5
2066,5.0
2067,4.487113759545334
2068,5.0
2069,1.4917323902062596
2070,4.0
2071,4.0
2072,4.0
2073,4.999999999999999
2074,5.0
2075,5.0
2076,2.5
2077,4.0
2078,5.0
2079,4.0
2080,4.619603707449242
2081,4.0
2082,5.0
2083,5.0
2084,5.0
2085,5.0
2086,4.623201815338828
2087,4.623201815338828
2088,5.0
2089,4.0
2090,5.0
2091,5.0
2092,4.0
2093,4.0
2094,4.801245017409283
2095,5.0
2096,5.0
2097,5.0
2098,5.0
2099,1.0
2100,4.999999999999999
2101,4.0
2102,4.136969715459739
2103,4.136969715459739
2104,5.0
2105,4.0
2106,5.0
2107,5.0
2108,5.0
2109,4.02520441465514
2110,4.561727924038377
2111,4.442456218216081
2112,5.0
2113,4.768699646675136
2114,4.0
2115,5.0
2116,5.0
2117,5.0
2118,5.0
2119,5.0
2120,4.58449953070863
2121,5.0
2122,4.999999999999999
2123,5.0
2124,2.5
2125,2.5
2126,5.0
2127,4.173198353433646
2128,4.0
2129,4.721307030280897
2130,4.775191702865881
2131,4.775191702865881
2132,4.999999999999999
2133,4.999999999999999
2134,4.292181847742109
2135,3.949103441254461
2136,4.485502682907489
2137,4.0
2138,5.0
2139,4.3871197857339235
2140,4.478968671970375
2141,4.478968671970375
2142,5.0
2143,5.0
2144,5.0
2145,5.0
2146,5.0
2147,5.0
2148,5.0
2149,4.501494899485906
2150,4.0
2151,4.0
2152,5.0
2153,2.5
2154,4.5483872758140445
2155,2.5
2156,5.0
2157,5.0
2158,5.0
2159,5.0
2160,4.228786321796803
2161,4.0
2162,2.5
2163,4.999999999999999
2164,4.45521556952402
2165,5.0
2166,4.170909354738656
2167,4.686290031643041
2168,4.670164384406194
2169,4.0
2170,5.0
2171,5.0
2172,5.0
2173,5.0
2174,2.5
2175,2.5
2176,4.1640091268344985
2177,4.1640091268344985
2178,4.353442036079595
2179,4.999999999999999
2180,5.000000000000001
2181,5.0
2182,5.0
2183,5.0
2184,5.0
2185,5.0
2186,4.124486625809999
2187,5.0
2188,5.0
2189,4.812366559297462
2190,4.812366559297462
2191,4.999999999999999
2192,4.863276769345543
2193,5.0
2194,5.0
2195,4.827750886420241
2196,5.0
2197,5.0
2198,4.109150639223423
2199,4.109150639223423
2200,2.5
2201,2.5
2202,2.5
2203,4.393311144492548
2204,4.0
2205,4.0
2206,5.0
2207,3.0
2208,3.012456692355299
2209,3.012456692355299
2210,4.524311832419585
2211,5.0
2212,4.0
2213,4.0
2214,2.5
2215,5.000000000000001
2216,5.0
2217,5.0
2218,4.415105655806092
2219,4.0
2220,4.510526397712394
2221,4.183389702877886
2222,2.5
2223,4.649234045816257
2224,2.5
2225,2.5
2226,5.0
2227,4.0
2228,4.756909705229892
2229,5.0
2230,5.0
2231,4.336935782146309
2232,5.0
2233,5.0
2234,5.0
2235,4.0
2236,5.0
2237,2.5
2238,2.5
2239,2.9999999999999996
2240,2.5
2241,2.5
2242,5.0
2243,5.0
2244,4.415058292533185
2245,4.0
2246,5.0
2247,5.0
2248,5.0
2249,2.5
2250,5.0
2251,5.0
2252,5.0
2253,4.076096916847022
2254,5.0
2255,4.999999999999999
2256,4.8973923053535815
2257,5.0
2258,5.000000000000001
2259,4.999999999999999
2260,4.699459474504878
2261,2.5
2262,4.0
2263,5.0
2264,2.5
2265,4.855389693832777
2266,5.000000000000001
2267,5.000000000000001
2268,5.0
2269,4.542321745180039
2270,4.542321745180039
2271,4.720012585443892
2272,4.0
2273,4.0
2274,5.0
2275,5.0
2276,5.0
2277,5.0
2278,5.0
2279,2.5
2280,5.0
2281,5.0
2282,5.000000000000001
2283,5.000000000000001
2284,5.0
2285,4.390580407442215
2286,5.000000000000001
2287,2.5
2288,2.5
2289,2.5
2290,5.000000000000001
2291,4.434406875002906
2292,2.8859804952127055
2293,4.0
2294,4.811280107560957
2295,4.735196460339032
2296,5.0
2297,5.0
2298,4.700263856994389
2299,4.700263856994389
2300,4.689405089312682
2301,5.0
2302,5.0
2303,5.0
2304,5.0
2305,5.0
2306,5.0
2307,4.41649308965888
2308,5.0
2309,5.0
2310,4.0
2311,5.0
2312,5.000000000000001
2313,5.000000000000001
2314,5.0
2315,4.0
2316,4.0
2317,5.0
2318,1.0
2319,5.0
2320,5.0
2321,5.0
2322,2.5
2323,4.0
2324,3.682106969473946
2325,4.6177691989038845
2326,5.0
2327,5.0
2328,5.0
2329,4.0
2330,5.0
2331,4.575258661186187
2332,5.0
2333,5.0
2334,2.5
2335,2.5
2336,5.0
2337,4.0
2338,4.0
2339,3.7736822009867006
2340,5.0
2341,5.0
2342,5.0
2343,4.337219886753695
2344,5.000000000000001
2345,5.000000000000001
2346,4.641721646391708
2347,5.0
2348,3.0
2349,5.0
2350,2.5
2351,5.0
2352,2.5
2353,5.0
2354,4.0
2355,4.999999999999999
2356,4.999999999999999
2357,5.0
2358,4.0
2359,5.0
2360,2.5
2361,5.0
2362,4.21256811201877
2363,2.5
2364,5.0
2365,2.5
2366,2.5
2367,4.0
2368,4.0
2369,5.0
2370,2.5
2371,5.0
2372,2.5
2373,5.0
2374,4.999999999999999
2375,5.0
2376,5.0
2377,4.999999999999999
2378,5.0
2379,5.0
2380,4.0
2381,2.5
2382,4.416896942955893
2383,2.5
2384,5.0
2385,5.0
2386,4.0
2387,4.621693093973377
2388,4.790765270636383
2389,3.955417838109641
2390,3.955417838109641
2391,5.000000000000001
2392,5.0
2393,5.0
2394,4.999999999999999
2395,4.999999999999999
2396,5.000000000000001
2397,2.5
2398,2.5
2399,2.5
2400,4.0
2401,5.0
2402,5.0
2403,5.0
2404,5.0
2405,2.0
2406,2.0
2407,1.0
2408,5.0
2409,4.737252501368948
2410,4.737252501368948
2411,5.0
2412,4.0
2413,4.999999999999999
2414,3.0
2415,4.516193028576131
2416,3.765135672494655
2417,2.3175234675934404
2418,2.3175234675934404
2419,4.890775821464923
2420,4.655212526147622
2421,4.655212526147622
2422,3.323890856629696
2423,5.0
2424,5.0
2425,4.0
2426,5.0
2427,5.0
2428,4.999999999999999
2429,5.0
2430,5.0
2431,5.0
2432,4.999999999999999
2433,5.0
2434,5.0
2435,5.0
2436,4.818125412271006
2437,5.000000000000001
2438,5.0
2439,4.584620694220023
2440,5.0
2441,5.0
2442,5.0
2443,5.0
2444,5.0
2445,4.0
2446,4.0
2447,4.1012574150991625
2448,4.1012574150991625
2449,5.0
2450,4.717233428839516
2451,5.0
2452,5.0
2453,5.0
2454,4.816420022159581
2455,3.0
2456,5.0
2457,5.0
2458,2.5
2459,2.5
2460,4.141285348913635
2461,4.0
2462,5.0
2463,4.999999999999999
2464,4.999999999999999
2465,4.432934034181283
2466,5.0
2467,4.447492820138779
2468,2.5
2469,2.5
2470,3.993260706419922
2471,3.993260706419922
2472,5.0
2473,5.0
2474,4.999999999999999
2475,5.0
2476,4.0
2477,4.0
2478,4.788302971830726
2479,2.5
2480,2.5
2481,5.0
2482,5.0
2483,5.0
2484,4.900697166362614
2485,2.5
2486,2.5
2487,5.0
2488,5.0
2489,2.5
2490,5.000000000000001
2491,3.4655726667483626
2492,5.0
2493,5.0
2494,4.0
2495,2.5
2496,5.0
2497,2.5
2498,4.7338467959436
2499,2.5
2500,2.5
2501,4.423196068357491
2502,4.999999999999999
2503,4.999999999999999
2504,5.0
2505,4.104874024868123
2506,4.818501909091054
2507,5.0
2508,5.0
2509,4.0
2510,4.0
2511,5.0
2512,4.0
2513,4.0
2514,5.0
2515,5.0
2516,5.0
2517,4.156518451705565
2518,5.0
2519,5.0
2520,5.0
2521,5.0
2522,5.0
2523,4.0
2524,5.0
2525,3.819644405853622
2526,5.0
2527,2.5
2528,2.5
2529,5.0
2530,5.0
2531,2.5
2532,4.655124402674969
2533,4.256102498639601
2534,5.0
2535,5.0
2536,5.0
2537,5.0
2538,4.147223647680285
2539,5.0
2540,2.5
2541,4.999999999999999
2542,4.0
2543,5.0
2544,5.0
2545,4.0
2546,5.0
2547,2.5
2548,4.389028956221946
2549,5.0
2550,5.0
2551,2.5
2552,4.22246132126608
2553,5.0
2554,5.0
2555,4.69776973203155
2556,5.0
2557,2.5
2558,4.795062534062824
2559,5.0
2560,3.0000000000000004
2561,4.728880780337661
2562,3.0
2563,5.0
2564,4.0
2565,5.0
2566,5.0
2567,4.0
2568,4.0
2569,2.5
2570,4.779912684576461
2571,4.137417354351736
2572,5.000000000000001
2573,2.5
2574,5.0
2575,5.0
2576,5.0
2577,5.0
2578,4.794496636101485
2579,4.794496636101485
2580,5.0
2581,3.336935782146309
2582,2.5
2583,4.218911513707804
2584,5.0
2585,5.0
2586,3.5632916039854012
2587,5.0
2588,4.0
2589,2.5
2590,5.0
2591,2.5
2592,5.0
2593,5.0
2594,5.0
2595,5.0
2596,4.0
2597,5.0
2598,4.999999999999999
2599,3.0000000000000004
2600,5.0
2601,5.0
2602,5.0
2603,5.0
2604,4.398090377331191
2605,5.0
2606,5.0
2607,5.0
2608,5.0
2609,5.0
2610,4.0
2611,2.5
2612,2.5
2613,5.0
2614,5.0
2615,4.277893712648228
2616,2.5
2617,5.0
2618,4.0
2619,5.0
2620,5.0
2621,5.0
2622,4.331325427125081
2623,5.0
2624,4.999999999999999
2625,2.5
2626,2.5
2627,2.5
2628,4.0
2629,1.4283870965375702
2630,4.0
2631,5.0
2632,2.5
2633,5.000000000000001
2634,5.000000000000001
2635,2.5
2636,4.428919825397272
2637,5.0
2638,4.0
2639,4.0
2640,4.826093364101385
2641,5.0
2642,5.0
2643,2.5
2644,2.5
2645,5.0
2646,4.999999999999999
2647,5.0
2648,5.0
2649,5.0
2650,2.5
2651,2.5
2652,5.0
2653,5.0
2654,4.123024996436674
2655,2.5
2656,5.0
2657,5.0
2658,5.0
2659,4.576930713073775
2660,5.0
2661,5.0
2662,5.0
2663,5.0
2664,4.999999999999999
2665,4.743556879772667
2666,4.340193321929111
2667,2.5
2668,5.0
2669,1.9813032915418332
2670,1.9813032915418332
2671,4.8791317093897915
2672,5.0
2673,5.0
2674,5.0
2675,5.0
2676,2.5
2677,2.5
2678,5.0
2679,5.0
2680,5.0
2681,5.0
2682,2.5
2683,4.0
2684,4.0
2685,5.0
2686,4.0
2687,4.891154499108496
2688,5.0
2689,2.5
2690,2.5
2691,2.5
2692,5.0
2693,5.0
2694,5.0
2695,5.0
2696,3.0
2697,5.0
2698,5.0
2699,4.0
2700,4.0
2701,4.0
2702,4.0
2703,4.336935782146309
2704,5.0
2705,5.0
2706,2.5
2707,4.296162901312184
2708,5.0
2709,5.0
2710,2.5
2711,5.0
2712,5.0
2713,2.5
2714,2.5
2715,2.5
2716,5.0
2717,5.0
2718,5.0
2719,5.0
2720,3.0
2721,5.0
2722,5.0
2723,5.0
2724,2.5
2725,5.0
2726,5.0
2727,4.576803931642509
2728,4.0
2729,4.0
2730,5.0
2731,4.999999999999999
2732,4.0
2733,4.0
2734,5.0
2735,2.5
2736,4.999999999999999
2737,3.0
2738,2.5
2739,4.0
2740,2.5
2741,5.0
2742,4.646557963920405
2743,5.0
2744,4.66128448713861
2745,4.502897248253953
2746,2.5
2747,2.5
2748,2.5
2749,5.0
2750,5.0
2751,5.0
2752,3.0
2753,3.0
2754,5.0
2755,5.0
2756,4.0
2757,4.0
2758,5.0
2759,2.5
2760,5.0
2761,5.0
2762,5.0
2763,5.0
2764,2.5
2765,4.999999999999999
2766,2.5
2767,4.0
2768,5.0
2769,5.0
2770,4.545968866859317
2771,5.0
2772,5.0
2773,5.0
2774,5.000000000000001
2775,5.0
2776,5.0
2777,5.0
2778,5.0
2779,5.0
2780,4.77472683269216
2781,5.0
2782,4.0
2783,5.0
2784,2.5
2785,4.663064217853692
2786,3.0000000000000004
2787,3.0000000000000004
2788,2.5
2789,5.0
2790,5.0
2791,5.0
2792,4.616165208723639
2793,2.5
2794,5.0
2795,5.0
2796,2.763653733185418
2797,5.0
2798,5.0
2799,2.5
2800,5.0
2801,5.0
2802,5.0
2803,5.0
2804,4.0
2805,2.5
2806,4.0
2807,4.0
2808,5.0
2809,5.0
2810,4.666476937995573
2811,4.0
2812,5.0
2813,5.0
2814,4.0
2815,5.000000000000001
2816,2.5
2817,2.5
2818,5.0
2819,4.0
2820,2.5
2821,4.0
2822,5.0
2823,5.0
2824,5.0
2825,2.5
2826,4.0
2827,2.5
2828,2.5
2829,5.0
2830,5.0
2831,2.5
2832,5.0
2833,5.0
2834,5.0
2835,1.0
2836,2.5
2837,2.5
2838,5.0
2839,5.0
2840,4.0
2841,4.0
2842,5.0
2843,4.0
2844,2.5
2845,2.5
2846,5.0
2847,4.0
2848,4.999999999999999
2849,4.999999999999999
2850,2.5
2851,2.5
2852,5.0
2853,5.0
2854,5.0
2855,5.0
2856,4.352503159614208
2857,5.0
2858,5.0
2859,5.0
2860,2.5
2861,5.0
2862,5.0
2863,2.5
2864,5.0
2865,5.0
2866,5.0
2867,2.5
2868,5.0
2869,5.0
2870,5.0
2871,4.0
2872,4.36885547942117
2873,5.0
2874,5.0
2875,5.000000000000001
2876,5.0
2877,2.5
2878,5.0
2879,4.0
2880,5.0
2881,5.0
2882,4.0
2883,5.0
2884,2.5
2885,4.999999999999999
2886,2.5
2887,2.5
2888,4.0
2889,4.0
2890,5.0
2891,1.0
2892,1.0
2893,5.0
2894,5.0
2895,5.0
2896,3.0
2897,3.0
2898,2.5
2899,5.0
2900,2.5
2901,5.0
2902,5.0
2903,5.0
2904,5.0
2905,4.038301918033627
2906,5.0
2907,5.0
2908,5.0
2909,2.5
2910,5.0
2911,5.0
2912,5.0
2913,2.5
2914,4.452656553200979
2915,4.0
2916,4.0
2917,5.0
2918,2.5
2919,5.0
2920,5.0
2921,5.0
2922,4.845759155291516
2923,4.0
2924,4.384012302562275
2925,4.0
2926,2.5
2927,5.0
2928,4.999999999999999
2929,4.999999999999999
2930,5.0
2931,5.0
2932,4.45879369559788
2933,4.45879369559788
2934,3.0
2935,4.0
2936,5.0
2937,5.0
2938,2.5
2939,4.999999999999999
2940,5.0
2941,3.51203148227528
2942,4.0
2943,4.999999999999999
2944,4.0
2945,5.0
2946,4.999999999999999
2947,5.0
2948,5.0
2949,2.5
2950,2.5
2951,5.0
2952,5.0
2953,5.0
2954,4.110611726653255
2955,5.0
2956,4.0
2957,5.0
2958,2.5
2959,2.5
2960,2.5
2961,4.0
2962,2.5
2963,2.5
2964,5.0
2965,4.0
2966,4.479591101378184
2967,5.0
2968,2.5
2969,5.0
2970,5.0
2971,2.5
2972,3.9514298751709167
2973,5.0
2974,2.5
2975,2.5
2976,5.0
2977,5.0
2978,5.0
2979,2.5
2980,5.0
2981,2.5
2982,4.0
2983,5.0
2984,5.0
2985,5.0
2986,5.0
2987,5.0
2988,4.0
2989,2.5
2990,5.0
2991,4.999999999999999
2992,2.5
2993,2.5
2994,5.0
2995,2.5
2996,2.5
2997,4.0
2998,4.0
2999,2.5
3000,2.5
3001,5.0
3002,4.0
3003,5.0
3004,2.5
3005,2.5
3006,2.5
3007,5.0
3008,4.0
3009,5.0
3010,4.999999999999999
3011,5.0
3012,2.5
3013,2.5
3014,5.0
3015,5.0
3016,5.0
3017,5.0
3018,5.0
3019,5.0
3020,5.0
3021,5.0
3022,5.0
3023,2.0
3024,2.0
3025,5.0
3026,3.0
3027,5.0
3028,5.0
3029,5.0
3030,2.0
3031,2.5
3032,2.5
3033,5.0
3034,2.5
3035,4.0
3036,4.0
3037,2.5
3038,2.5
3039,2.5
3040,5.0
3041,4.0
3042,5.0
3043,5.000000000000001
3044,2.5
3045,2.5
3046,2.0
3047,2.0
3048,4.332907323832729
3049,5.0
3050,5.0
3051,2.5
3052,5.0
3053,5.0
3054,5.0
3055,5.0
3056,2.5
3057,2.5
3058,5.0
3059,5.0
3060,5.0
3061,4.0
3062,4.0
3063,2.5
3064,2.5
3065,2.5
3066,2.5
3067,2.5
3068,2.5
3069,2.5
3070,2.5
3071,2.5
3072,2.5
3073,2.5
3074,2.5
3075,2.5
3076,2.5
3077,2.5
3078,2.5
3079,2.5
3080,2.5
3081,2.5
3082,2.5
3083,2.5
3084,2.5
3085,2.5
3086,2.5
3087,2.5
3088,2.5
3089,2.5
3090,2.5
3091,2.5
3092,2.5
3093,2.5
3094,2.5
3095,2.5
3096,2.5
3097,2.5
3098,2.5
3099,2.5
3100,2.5
3101,2.5
3102,2.5
3103,2.5
3104,2.5
3105,2.5
3106,2.5
3107,2.5
3108,2.5
3109,2.5
3110,2.5
3111,2.5
3112,2.5
3113,2.5
3114,2.5
3115,2.5
3116,2.5
3117,2.5
3118,2.5
3119,2.5
3120,2.5
3121,2.5
3122,2.5
3123,2.5
3124,2.5
3125,2.5
3126,2.5
3127,2.5
3128,2.5
3129,2.5
3130,2.5
3131,2.5
3132,2.5
3133,2.5
3134,2.5
3135,2.5
3136,2.5
3137,2.5
3138,2.5
3139,2.5
3140,2.5
3141,2.5
3142,2.5
3143,2.5
3144,2.5
3145,2.5
3146,2.5
3147,2.5
3148,2.5
3149,2.5
3150,2.5
3151,2.5
3152,2.5
3153,2.5
3154,2.5
3155,2.5
3156,2.5
3157,2.5
3158,2.5
3159,2.5
3160,2.5
3161,2.5
3162,2.5
3163,2.5
3164,2.5
3165,2.5
3166,2.5
3167,2.5
3168,2.5
3169,2.5
3170,2.5
3171,2.5
3172,2.5
3173,2.5
3174,2.5
3175,2.5
3176,2.5
3177,2.5
3178,2.5
3179,2.5
3180,2.5
3181,2.5
3182,2.5
3183,2.5
3184,2.5
3185,2.5
3186,2.5
3187,2.5
3188,2.5
3189,2.5
3190,2.5
3191,2.5
3192,2.5
3193,2.5
3194,2.5
3195,2.5
3196,2.5
3197,2.5
3198,2.5
3199,2.5
3200,2.5
3201,2.5
3202,2.5
3203,2.5
3204,2.5
3205,2.5
3206,2.5
3207,2.5
3208,2.5
3209,2.5
3210,2.5
3211,2.5
3212,2.5
3213,2.5
3214,2.5
3215,2.5
3216,2.5
3217,2.5
3218,2.5
3219,2.5
3220,2.5
3221,2.5
3222,2.5
3223,2.5
3224,2.5
3225,2.5
3226,2.5
3227,2.5
3228,2.5
3229,2.5
3230,2.5
3231,2.5
3232,2.5
3233,2.5
3234,2.5
3235,2.5
3236,2.5
3237,2.5
3238,2.5
3239,2.5
3240,2.5
3241,2.5
3242,2.5
3243,2.5
3244,2.5
3245,2.5
3246,2.5
3247,2.5
3248,2.5
3249,2.5
3250,2.5
3251,2.5
3252,2.5
3253,2.5
3254,2.5
3255,2.5
3256,2.5
3257,2.5
3258,2.5
3259,2.5
3260,2.5
3261,2.5
3262,2.5
3263,2.5
3264,2.5
3265,2.5
3266,2.5
3267,2.5
3268,2.5
3269,2.5
3270,2.5
3271,2.5
3272,2.5
3273,2.5
3274,2.5
3275,2.5
3276,2.5
3277,2.5
3278,2.5
3279,2.5
3280,2.5
3281,2.5
3282,2.5
3283,2.5
3284,2.5
3285,2.5
3286,2.5
3287,2.5
3288,2.5
3289,2.5
3290,2.5
3291,2.5
3292,2.5
3293,2.5
3294,2.5
3295,2.5
3296,2.5
3297,2.5
3298,2.5
3299,2.5
3300,2.5
3301,2.5
3302,2.5
3303,2.5
3304,2.5
3305,2.5
3306,2.5
3307,2.5
3308,2.5
3309,2.5
3310,2.5
3311,2.5
3312,2.5
3313,2.5
3314,2.5
3315,2.5
3316,2.5
3317,2.5
3318,2.5
3319,2.5
3320,2.5
3321,2.5
3322,2.5
3323,2.5
3324,2.5
3325,2.5
3326,2.5
3327,2.5
3328,2.5
3329,2.5
3330,2.5
3331,2.5
3332,2.5
3333,2.5
3334,2.5
3335,2.5
3336,2.5
3337,2.5
3338,2.5
3339,2.5
3340,2.5
3341,2.5
3342,2.5
3343,2.5
3344,2.5
3345,2.5
3346,2.5
3347,2.5
3348,2.5
3349,2.5
3350,2.5
3351,2.5
3352,2.5
3353,2.5
3354,2.5
3355,2.5
3356,2.5
3357,2.5
3358,2.5
3359,2.5
3360,2.5
3361,2.5
3362,2.5
3363,2.5
3364,2.5
3365,2.5
3366,2.5
3367,2.5
3368,2.5
3369,2.5
3370,2.5
3371,2.5
3372,2.5
3373,2.5
3374,2.5
3375,2.5
3376,2.5
3377,2.5
3378,2.5
3379,2.5
3380,2.5
3381,2.5
3382,2.5
3383,2.5
3384,2.5
3385,2.5
3386,2.5
3387,2.5
3388,2.5
3389,2.5
3390,2.5
3391,2.5
3392,2.5
3393,2.5
3394,2.5
3395,2.5
3396,2.5
3397,2.5
3398,2.5
3399,2.5
3400,2.5
3401,2.5
3402,2.5
3403,2.5
3404,2.5
3405,2.5
3406,2.5
3407,2.5
3408,2.5
3409,2.5
3410,2.5
3411,2.5
3412,2.5
3413,2.5
3414,2.5
3415,2.5
3416,2.5
3417,2.5
3418,2.5
3419,2.5
3420,2.5
3421,2.5
3422,2.5
3423,2.5
3424,2.5
3425,2.5
3426,2.5
3427,2.5
3428,2.5
3429,2.5
3430,2.5
3431,2.5
3432,2.5
3433,2.5
3434,2.5
3435,2.5
3436,2.5
3437,2.5
3438,2.5
3439,2.5
3440,2.5
3441,2.5
3442,2.5
