,0
0,5.000000000000001
1,4.880802558741185
2,2.0
3,5.000000000000001
4,3.7147809331028743
5,3.7147809331028743
6,4.999999999999999
7,4.278556335705763
8,4.278556335705763
9,5.000000000000001
10,3.8773810703778246
11,3.8773810703778246
12,4.810072779664672
13,4.810072779664672
14,5.0
15,4.999999999999999
16,5.0
17,4.547290331609382
18,3.4497123730878325
19,3.4497123730878325
20,4.917497017087493
21,4.917497017087493
22,5.000000000000001
23,5.000000000000001
24,5.000000000000001
25,2.5
26,4.4128438559000145
27,4.4128438559000145
28,4.7856631318278104
29,4.721682205311624
30,4.554476382194323
31,4.554476382194323
32,4.515300557010677
33,4.910828251668537
34,4.968350198435496
35,4.968350198435496
36,4.8809858936003465
37,4.365292626337179
38,4.365292626337179
39,4.826986877315967
40,4.999999999999999
41,4.999999999999999
42,4.939929999549941
43,5.0
44,5.0
45,4.0
46,5.0
47,5.0
48,4.530118219963806
49,4.658799799084628
50,5.000000000000001
51,4.471738640164033
52,4.471738640164033
53,3.0
54,3.46153077835214
55,3.46153077835214
56,1.9960032092463453
57,1.9960032092463453
58,4.652477198609788
59,5.0
60,5.0
61,5.0
62,5.000000000000001
63,4.053344736637966
64,4.053344736637966
65,5.0
66,4.7698562177224755
67,4.770103503924572
68,4.770103503924572
69,4.417800669528392
70,5.0
71,5.0
72,4.416327089818091
73,2.4330828795415207
74,2.4330828795415207
75,2.5
76,2.5
77,4.716173321066421
78,4.801920097033627
79,3.0
80,3.0
81,4.0
82,4.0
83,4.855566290325964
84,5.0
85,4.929171200286077
86,5.0
87,5.0
88,4.907187753692018
89,4.907187753692018
90,2.5
91,4.840837036285545
92,4.8067735954822375
93,4.721188319411539
94,4.721188319411539
95,5.0
96,4.731412811414272
97,4.856107717535121
98,4.999999999999999
99,5.0
100,4.626678269962323
101,4.626678269962323
102,4.999999999999999
103,2.5
104,4.676325432031545
105,4.532983940169348
106,4.917714380535079
107,4.917714380535079
108,4.0
109,4.901253584960072
110,4.901253584960072
111,4.549251613748899
112,5.0
113,5.0
114,4.999999999999999
115,2.5
116,5.0
117,5.0
118,5.0
119,5.0
120,4.0943836287415785
121,2.5
122,4.754047333362384
123,5.0
124,4.790443384482036
125,4.0
126,4.920396634723537
127,4.608580644280268
128,4.608580644280268
129,4.852991116461409
130,5.0
131,5.0
132,4.793774243798116
133,5.0
134,5.0
135,5.0
136,5.000000000000001
137,3.9443283621982532
138,3.9443283621982532
139,5.000000000000001
140,4.0782915292203334
141,4.0782915292203334
142,5.0
143,5.0
144,5.0
145,3.072956726732266
146,3.072956726732266
147,5.000000000000001
148,5.0
149,2.5
150,3.5706204364086087
151,3.5706204364086087
152,4.710955529565722
153,5.000000000000001
154,5.000000000000001
155,4.0
156,4.0
157,5.0
158,4.284361216943996
159,4.284361216943996
160,2.5
161,2.5
162,5.0
163,5.0
164,4.260259799393246
165,4.853205480146646
166,4.977097765331715
167,4.653802416506435
168,4.999999999999999
169,4.999999999999999
170,5.0
171,5.0
172,5.0
173,4.620607668860228
174,4.620607668860228
175,5.0
176,4.2134836715733535
177,5.0
178,5.0
179,4.414242391517023
180,4.988746679851178
181,5.0
182,5.0
183,4.379993855837852
184,4.379993855837852
185,5.0
186,4.12857378084701
187,4.12857378084701
188,5.0
189,1.8994247461756648
190,1.8994247461756648
191,5.0
192,5.0
193,5.0
194,4.878816545724712
195,4.0
196,4.999999999999999
197,4.999999999999999
198,4.725051828840176
199,4.562371198930953
200,4.562371198930953
201,4.0
202,4.421601522972197
203,4.478518757964411
204,4.780683939720758
205,4.780683939720758
206,5.0
207,4.62802178872844
208,4.62802178872844
209,2.3076955316322176
210,2.3076955316322176
211,3.9183054487240487
212,3.9183054487240487
213,5.0
214,5.0
215,2.5
216,5.0
217,3.9145252190381887
218,3.9145252190381887
219,4.382667636948155
220,4.382667636948155
221,5.0
222,5.0
223,4.796892937556204
224,4.0
225,4.0
226,5.000000000000001
227,5.000000000000001
228,2.5
229,2.5
230,4.6101277829983305
231,4.6101277829983305
232,5.0
233,5.0
234,5.0
235,4.0
236,4.109294775154689
237,4.109294775154689
238,4.9050103035736505
239,2.5
240,5.0
241,4.78155843824652
242,4.4641202116087175
243,4.197483942721054
244,4.999999999999999
245,4.999999999999999
246,4.588965542015689
247,5.000000000000001
248,4.776164511397918
249,5.0
250,4.642484089772801
251,4.755901293106369
252,4.755901293106369
253,4.677544166544693
254,4.578553931914039
255,3.0
256,4.230349973177708
257,4.230349973177708
258,4.880547344436636
259,4.880547344436636
260,5.0
261,5.000000000000001
262,4.879020956227033
263,4.879020956227033
264,5.0
265,4.0
266,4.999999999999999
267,4.854751080592447
268,2.0
269,2.0
270,3.9760588229881475
271,3.9760588229881475
272,3.0
273,3.0
274,2.1040966448053307
275,2.1040966448053307
276,4.351202123044464
277,4.281717793872258
278,4.281717793872258
279,3.038993296734391
280,4.818977835664003
281,3.973407063113552
282,3.973407063113552
283,4.840499721449592
284,4.7439502703724
285,4.841676386450302
286,2.5
287,4.0
288,4.0
289,3.87039875286739
290,4.9592564603907965
291,4.753859409296823
292,4.7879752830457525
293,5.0
294,4.959382374284598
295,5.0
296,4.890603434691016
297,4.252523023107293
298,2.5
299,5.0
300,4.866840537676876
301,4.585429236435816
302,4.865134681283736
303,5.0
304,4.856337204964705
305,4.856337204964705
306,4.0
307,4.435776485110813
308,4.484292741141853
309,4.484292741141853
310,4.820712232005043
311,3.8275992889922263
312,3.8275992889922263
313,3.8915383841204685
314,3.8915383841204685
315,5.0
316,4.803358926232746
317,5.0
318,5.0
319,4.782077287141206
320,4.496736880147148
321,5.0
322,5.0
323,4.0
324,4.9031786361180085
325,4.9031786361180085
326,4.254603375669958
327,4.821644793641554
328,4.428406355632375
329,4.428406355632375
330,4.77591686815624
331,4.207478584393716
332,4.207478584393716
333,4.789033957567963
334,5.0
335,5.0
336,5.0
337,5.0
338,4.1199247496997975
339,4.1199247496997975
340,5.0
341,3.4793010061368723
342,3.4793010061368723
343,5.0
344,5.0
345,5.0
346,5.0
347,4.921204757612505
348,4.80637671004548
349,4.80637671004548
350,5.0
351,5.0
352,2.5
353,5.0
354,4.937526025161386
355,4.937526025161386
356,5.0
357,4.999999999999999
358,4.8628319696443185
359,4.0
360,4.0
361,4.831506215809306
362,3.6779202929961
363,3.6779202929961
364,4.22264688546292
365,4.34308065307454
366,5.0
367,2.5
368,2.5
369,4.180678058523207
370,4.180678058523207
371,4.528577346537776
372,3.8705251437729453
373,3.8705251437729453
374,4.440234043408281
375,4.440234043408281
376,4.953811365961951
377,5.0
378,4.409960996243513
379,2.5
380,2.5
381,5.0
382,4.672025099434879
383,2.5
384,4.681307004402446
385,3.164831083896045
386,3.164831083896045
387,2.5
388,4.3980065005060975
389,5.0
390,3.4121345915063404
391,4.999999999999999
392,4.768575790545261
393,5.0
394,5.0
395,5.0
396,5.0
397,3.827723911465928
398,3.827723911465928
399,1.6009863746313178
400,4.84426112839098
401,4.84426112839098
402,4.4649747166857825
403,4.4649747166857825
404,5.0
405,4.93028830336664
406,4.604493629066904
407,4.604493629066904
408,4.21232354989482
409,5.0
410,5.0
411,5.0
412,5.0
413,3.635709489275449
414,3.635709489275449
415,5.0
416,5.0
417,4.960256159290778
418,4.714687780329515
419,4.775805091676694
420,4.775805091676694
421,5.0
422,3.997416390375561
423,5.0
424,4.0
425,1.1961552184265953
426,1.1961552184265953
427,4.0
428,4.0
429,3.0162979796609926
430,4.586960464255651
431,4.586960464255651
432,4.362113329221277
433,4.470794004483699
434,4.470794004483699
435,5.0
436,2.5
437,4.0
438,4.830325930836794
439,5.000000000000001
440,5.0
441,4.1255650363617145
442,4.1255650363617145
443,5.0
444,5.0
445,1.3520007511078538
446,1.3520007511078538
447,4.0
448,2.5682675902643717
449,2.5682675902643717
450,5.0
451,5.0
452,4.999999999999999
453,4.999999999999999
454,4.743566245157535
455,2.5
456,2.5
457,4.0
458,5.000000000000001
459,2.5
460,5.0
461,4.586002845088799
462,5.0
463,5.0
464,5.0
465,4.691772213962645
466,4.4505641632863595
467,4.4505641632863595
468,4.558052364950126
469,3.754873456826563
470,3.754873456826563
471,4.999999999999999
472,4.888410309452704
473,4.888410309452704
474,5.0
475,3.818450527067614
476,3.818450527067614
477,4.0042401963935115
478,4.0
479,5.000000000000001
480,4.713051697645349
481,4.737651881745267
482,2.5
483,5.0
484,2.5
485,4.0
486,4.348850777485141
487,5.0
488,4.036744206410392
489,4.036744206410392
490,4.345810300905374
491,4.9231843342085835
492,4.9231843342085835
493,4.1559597691954995
494,4.1559597691954995
495,4.80407085314099
496,4.0
497,4.8205857091094115
498,4.0
499,4.06310282357292
500,4.06310282357292
501,5.0
502,3.4393101464453157
503,3.4393101464453157
504,4.52860132418205
505,5.000000000000001
506,4.89132305718028
507,5.000000000000001
508,4.999999999999999
509,5.0
510,1.1114733445117913
511,1.1114733445117913
512,4.657850501544607
513,4.965875503690741
514,5.000000000000001
515,4.664036631806188
516,4.664036631806188
517,5.0
518,5.0
519,4.338452872295157
520,4.338452872295157
521,4.486457096557055
522,4.486457096557055
523,4.999999999999999
524,4.792653038530253
525,4.792653038530253
526,4.671173110874682
527,4.999999999999999
528,4.878864756846144
529,2.5
530,2.5
531,5.000000000000001
532,4.552527670827401
533,4.130381413278226
534,4.177052915683328
535,4.177052915683328
536,5.0
537,5.0
538,4.896730937432179
539,4.365956835663515
540,3.551519676346713
541,3.551519676346713
542,2.5
543,2.5
544,4.719466534698971
545,5.000000000000001
546,3.515064651421373
547,3.515064651421373
548,4.02591802222776
549,5.0
550,4.132381321007084
551,4.966888048296766
552,4.538303095249955
553,4.538303095249955
554,4.512926152774611
555,2.5
556,1.0
557,4.347939111812279
558,5.0
559,1.926202367878947
560,4.847910593982532
561,3.0512035748261903
562,3.0512035748261903
563,4.0
564,4.0
565,4.0
566,5.0
567,4.150846358309524
568,3.969112696531459
569,2.5
570,4.642883017514187
571,4.642883017514187
572,4.0432346615042976
573,5.000000000000001
574,4.703301401233217
575,4.703301401233217
576,4.999999999999999
577,4.999999999999999
578,5.0
579,4.288242524457816
580,4.288242524457816
581,4.668749844127567
582,4.711859232438234
583,4.711859232438234
584,5.000000000000001
585,2.5
586,2.5
587,4.749166249886182
588,5.0
589,4.345056735082005
590,5.0
591,3.6597267052500198
592,3.6597267052500198
593,4.6791412678698165
594,5.0
595,5.0
596,4.916193047819864
597,4.916193047819864
598,4.30327256537275
599,4.807506132200588
600,4.981840483014632
601,5.000000000000002
602,4.0
603,5.0
604,5.0
605,5.0
606,5.0
607,5.0
608,2.141791831028411
609,5.0
610,3.0
611,4.898416113855525
612,3.4698351379513404
613,3.4698351379513404
614,4.743549690590351
615,4.743549690590351
616,4.432673789298113
617,5.0
618,4.1678000240899955
619,4.1678000240899955
620,5.0
621,5.0
622,4.859181913034685
623,5.000000000000001
624,4.90040609864327
625,4.90040609864327
626,4.315793466604765
627,4.315793466604765
628,5.0
629,4.0
630,4.583491906016814
631,4.0
632,5.0
633,2.5
634,4.999999999999999
635,4.451800306004492
636,4.0
637,4.096497742507478
638,4.096497742507478
639,4.393730950055055
640,4.393730950055055
641,4.624093928491708
642,4.624093928491708
643,4.6275462764076245
644,4.6275462764076245
645,4.516296460385508
646,3.8869725343095025
647,3.8869725343095025
648,4.524673477757393
649,4.524673477757393
650,4.867728507616222
651,4.089643073829065
652,2.5
653,2.5
654,5.000000000000001
655,4.72873528979088
656,4.036564522888882
657,4.036564522888882
658,4.242467674289314
659,4.242467674289314
660,5.0
661,4.999999999999999
662,3.0864693230085964
663,5.0
664,5.0
665,4.886968702811695
666,4.886968702811695
667,4.739928421609207
668,4.739928421609207
669,4.684206533395235
670,4.739250342323147
671,4.999999999999999
672,2.5
673,5.0
674,5.0
675,5.0
676,4.887890694938933
677,5.000000000000001
678,5.000000000000001
679,5.0
680,1.0
681,1.0
682,5.0
683,4.366892250864606
684,4.744227750939047
685,4.999999999999999
686,1.0
687,5.0
688,5.0
689,4.822922784065478
690,2.5
691,2.5
692,4.0
693,5.0
694,3.2241949083233066
695,3.2241949083233066
696,3.0711128160313432
697,5.0
698,5.0
699,5.0
700,5.0
701,3.95640698835761
702,3.95640698835761
703,5.0
704,4.0
705,4.0
706,4.0
707,4.0
708,3.3336592555917317
709,3.3336592555917317
710,4.324475220391497
711,5.0
712,5.0
713,2.0
714,2.0
715,5.0
716,5.0
717,4.886047662171916
718,4.886047662171916
719,5.0
720,4.535747719568859
721,4.244098706893632
722,4.244098706893632
723,4.886623128286671
724,4.0
725,4.0
726,4.837510114822465
727,4.837510114822465
728,4.116664416142077
729,4.116664416142077
730,4.0
731,5.0
732,4.765539271697048
733,5.0
734,4.739928873920326
735,4.168068283097244
736,3.6030839691871113
737,4.795303854411392
738,4.795303854411392
739,5.0
740,4.785064958290912
741,4.356626491360058
742,4.876189981122656
743,4.876189981122656
744,4.674283369636099
745,4.674283369636099
746,2.5
747,5.0
748,5.0
749,5.0
750,4.59639384039118
751,5.0
752,5.0
753,4.440131610280661
754,4.086848500335255
755,4.086848500335255
756,5.0
757,4.245787733851562
758,4.245787733851562
759,4.55900123088928
760,4.597993351184001
761,5.0
762,5.0
763,5.0
764,3.0000000000000004
765,3.0000000000000004
766,3.8107932678979592
767,3.8107932678979592
768,4.895446815704789
769,5.0
770,5.0
771,2.5
772,3.0560022533235616
773,3.0560022533235616
774,4.803282260538833
775,4.803282260538833
776,5.0
777,5.0
778,4.060179453209086
779,4.060179453209086
780,4.940027438463518
781,4.521617330752148
782,5.0
783,4.415676963366694
784,4.415676963366694
785,2.5
786,3.2727057045453094
787,3.2727057045453094
788,2.5
789,2.5
790,4.819398144736475
791,4.819398144736475
792,4.678594287642125
793,4.0
794,5.0
795,5.0
796,4.696743270968025
797,4.696743270968025
798,4.4477273433136
799,4.4477273433136
800,4.999999999999999
801,4.999999999999999
802,5.0
803,4.811284919381257
804,3.8040660613498702
805,4.5949840503261905
806,2.5
807,4.820746844557536
808,4.43983497496258
809,4.43983497496258
810,5.0
811,5.0
812,4.64408876971203
813,4.228973483858833
814,4.582385014257385
815,4.876362930598594
816,2.5
817,2.5
818,4.102459801594005
819,4.102459801594005
820,2.5
821,2.5
822,4.272322702472136
823,4.272322702472136
824,5.000000000000001
825,5.000000000000001
826,4.515875463424367
827,5.000000000000001
828,4.321720489716498
829,4.321720489716498
830,2.5
831,4.0834884073713065
832,5.0
833,5.0
834,5.0
835,4.061168498506889
836,4.061168498506889
837,4.764267218809082
838,4.796027045772011
839,4.796027045772011
840,4.881166508201987
841,2.5
842,2.5
843,4.421436917456316
844,5.0
845,4.618659081514111
846,5.0
847,4.265991654641085
848,4.265991654641085
849,4.924147329283867
850,5.0
851,4.384956608098501
852,4.384956608098501
853,5.0
854,5.0
855,5.0
856,4.999999999999999
857,3.8205566389978927
858,3.8205566389978927
859,5.0
860,5.0
861,5.0
862,5.0
863,4.567276042504985
864,3.0
865,4.545048511809875
866,4.545048511809875
867,5.0
868,4.625001007773721
869,4.625001007773721
870,5.000000000000001
871,4.928926214192926
872,4.585186313077955
873,4.585186313077955
874,3.788346422291544
875,3.788346422291544
876,4.56910004812619
877,4.56910004812619
878,5.0
879,4.490426301026396
880,4.490426301026396
881,5.0
882,5.0
883,4.288182174880943
884,4.288182174880943
885,5.0
886,5.0
887,5.0
888,5.0
889,4.0
890,4.0
891,4.0
892,4.0
893,5.000000000000001
894,4.0
895,4.521617330752148
896,4.5346807382164025
897,4.518277423677448
898,1.6421451991720064
899,4.781204157688377
900,4.781204157688377
901,4.086716364788698
902,4.086716364788698
903,4.605438399167848
904,5.0
905,5.0
906,4.0
907,4.999999999999999
908,4.717579424747061
909,4.717579424747061
910,5.0
911,5.000000000000001
912,5.0
913,4.03083690668863
914,4.03083690668863
915,5.0
916,4.253782374619976
917,5.0
918,4.827713826131424
919,4.723305659629282
920,4.723305659629282
921,4.951687628680114
922,5.0
923,3.975070987893412
924,5.0
925,4.749737543017066
926,1.0
927,4.606829324063964
928,4.606829324063964
929,2.5
930,5.0
931,5.0
932,2.5
933,4.0
934,4.999999999999999
935,4.999999999999999
936,4.0
937,4.0
938,4.9251938225980485
939,4.0
940,4.842458152787846
941,4.5057296729838985
942,3.034066648493587
943,3.034066648493587
944,5.0
945,4.850222529004863
946,4.850222529004863
947,5.0
948,5.0
949,4.307806037192546
950,4.307806037192546
951,5.0
952,2.5
953,3.854708195997702
954,3.854708195997702
955,5.0
956,5.0
957,4.451237416596664
958,4.451237416596664
959,4.0
960,4.0
961,5.0
962,4.937583914882637
963,4.937583914882637
964,4.0
965,5.0
966,2.5
967,5.0
968,3.993067579300214
969,3.993067579300214
970,4.759191251444186
971,4.786048118500492
972,3.7988342234740706
973,3.7988342234740706
974,4.096756025846108
975,4.096756025846108
976,2.8758321025058238
977,2.8758321025058238
978,5.0
979,4.575662183661129
980,4.869245644929294
981,4.8890220556650705
982,5.0
983,4.979896361848598
984,2.5
985,5.0
986,4.0
987,4.0
988,5.0
989,5.0
990,4.169315771357019
991,4.169315771357019
992,5.000000000000001
993,4.865333153541007
994,4.865333153541007
995,4.862789583625919
996,4.8461870917377015
997,4.238842186075217
998,5.0
999,5.000000000000001
1000,4.891847787540298
1001,5.0
1002,5.0
1003,3.7145622273388246
1004,3.7145622273388246
1005,2.5
1006,2.5
1007,5.0
1008,4.868690978216594
1009,4.868690978216594
1010,5.0
1011,4.999999999999999
1012,4.863065769396962
1013,4.0
1014,5.0
1015,5.0
1016,1.926202367878947
1017,2.5
1018,2.5
1019,2.5
1020,5.0
1021,4.770435208647688
1022,4.770435208647688
1023,4.355027360868886
1024,4.0
1025,4.9614864738612185
1026,4.616187530485838
1027,4.706269325750185
1028,4.514295383846819
1029,5.000000000000001
1030,4.0
1031,4.90865088079765
1032,4.90865088079765
1033,4.671913383775323
1034,5.0
1035,4.770549203960681
1036,4.826636256861377
1037,4.826636256861377
1038,5.0
1039,5.0
1040,5.0
1041,4.368184797908642
1042,4.368184797908642
1043,4.5436873913512805
1044,4.672690777798337
1045,4.686536789637123
1046,4.686536789637123
1047,5.0
1048,2.2780237580507103
1049,2.2780237580507103
1050,4.750405463683456
1051,4.750405463683456
1052,5.0
1053,4.347081614079646
1054,5.0
1055,4.95455715197838
1056,4.8212436352713715
1057,4.8212436352713715
1058,4.713462844690778
1059,5.0
1060,2.438966635495159
1061,2.438966635495159
1062,4.198510884667611
1063,4.198510884667611
1064,4.775840929486373
1065,4.854204917117842
1066,5.0
1067,3.9130983921801685
1068,5.000000000000001
1069,4.654325044876242
1070,4.032765810701371
1071,4.032765810701371
1072,3.7502675106060788
1073,3.7502675106060788
1074,5.0
1075,3.724079843325174
1076,4.857059186621345
1077,5.0
1078,5.0
1079,4.855587059192017
1080,4.855587059192017
1081,5.0
1082,4.643576929758837
1083,4.487995920197234
1084,2.5
1085,4.474800486398357
1086,5.0
1087,5.0
1088,5.0
1089,4.074996709931547
1090,4.074996709931547
1091,4.584535823060803
1092,4.584535823060803
1093,5.0
1094,3.157065375087758
1095,3.157065375087758
1096,4.0
1097,5.0
1098,5.0
1099,4.81485283386298
1100,4.801803089900801
1101,2.3764431218371707
1102,5.0
1103,5.0
1104,5.0
1105,2.5
1106,5.0
1107,5.0
1108,5.000000000000001
1109,5.000000000000001
1110,5.000000000000001
1111,5.0
1112,4.792698122775966
1113,4.792698122775966
1114,5.0
1115,5.0
1116,4.449117216969971
1117,4.776770587533899
1118,5.0
1119,5.0
1120,4.593433660935672
1121,5.0
1122,4.813674209228295
1123,4.813674209228295
1124,4.283610085526202
1125,4.488915315347119
1126,4.488915315347119
1127,4.999999999999999
1128,4.999999999999999
1129,2.5
1130,4.927524705959317
1131,5.0
1132,4.999999999999999
1133,3.63251729366154
1134,3.63251729366154
1135,1.0
1136,1.0
1137,2.5
1138,3.1760817079319645
1139,3.1760817079319645
1140,4.6541556150302155
1141,4.281967484063097
1142,5.0
1143,4.85528991555278
1144,4.85528991555278
1145,4.771437038968597
1146,4.771437038968597
1147,2.5
1148,4.0
1149,5.000000000000001
1150,2.783246311275292
1151,4.144887145042437
1152,4.144887145042437
1153,4.011780617699671
1154,4.011780617699671
1155,5.0
1156,4.318288909635281
1157,5.0
1158,4.453625667961551
1159,4.818447911181025
1160,5.0
1161,4.337251903947717
1162,4.894040135792293
1163,3.5029888436203445
1164,4.958683747439757
1165,4.607656736165051
1166,4.559070341390267
1167,3.6485889364153326
1168,3.6485889364153326
1169,4.913544801983896
1170,5.000000000000002
1171,4.749865269401853
1172,4.999999999999999
1173,4.0
1174,4.658206404621052
1175,2.0
1176,2.0
1177,4.83376068209151
1178,5.0
1179,5.0
1180,4.5343996948490535
1181,5.0
1182,2.5
1183,5.0
1184,4.185584682309165
1185,4.512427858742608
1186,4.29631491807741
1187,4.0
1188,5.0
1189,5.0
1190,4.623036020536862
1191,4.85528991555278
1192,4.85528991555278
1193,2.5
1194,4.613397939805663
1195,5.0
1196,5.0
1197,5.0
1198,4.7550840367615566
1199,5.000000000000001
1200,2.5
1201,2.5
1202,5.0
1203,4.999999999999999
1204,4.999999999999999
1205,4.2503002383817865
1206,5.0
1207,4.999999999999999
1208,4.999999999999999
1209,4.217722551880573
1210,4.821564590921759
1211,5.000000000000001
1212,4.252225295631733
1213,4.61819618021611
1214,3.7894131873181705
1215,5.0
1216,5.0
1217,2.5
1218,3.671076969622554
1219,3.671076969622554
1220,5.0
1221,5.0
1222,5.0
1223,4.0
1224,2.5
1225,2.5
1226,4.949423231069121
1227,3.8994247461756646
1228,3.8994247461756646
1229,4.897845143357298
1230,4.897845143357298
1231,5.0
1232,4.177244746556352
1233,4.177244746556352
1234,5.0
1235,3.170272760269161
1236,3.170272760269161
1237,2.5
1238,4.348647414192476
1239,4.348647414192476
1240,5.0
1241,5.0
1242,2.120964451954063
1243,2.120964451954063
1244,4.0
1245,4.0
1246,5.0
1247,4.491221696886205
1248,4.491221696886205
1249,4.0
1250,4.296521983952783
1251,4.960467361892246
1252,4.960467361892246
1253,5.0
1254,4.0
1255,4.581720819633777
1256,4.0432346615042976
1257,4.179889600272574
1258,4.179889600272574
1259,2.5
1260,2.5
1261,4.907449518710512
1262,5.0
1263,5.0
1264,5.0
1265,3.0
1266,3.0
1267,4.814947460838462
1268,4.814947460838462
1269,4.521617330752148
1270,4.937172599226766
1271,5.0
1272,5.0
1273,4.9395997340840925
1274,5.0
1275,5.0
1276,4.57315609734964
1277,4.594767249227802
1278,2.5
1279,4.074768094634226
1280,4.841177199738937
1281,4.841177199738937
1282,4.648140823709284
1283,4.648140823709284
1284,3.0
1285,3.0
1286,5.0
1287,5.0
1288,5.000000000000001
1289,3.656214176687977
1290,4.863847394719816
1291,5.0
1292,5.000000000000001
1293,5.0
1294,5.0
1295,5.0
1296,4.9087910687955665
1297,3.1783513732706465
1298,4.790230017499481
1299,4.790230017499481
1300,5.0
1301,4.565502067624549
1302,5.0
1303,1.825319295028617
1304,1.825319295028617
1305,4.9307491401237415
1306,4.624894695730554
1307,2.5
1308,5.0
1309,4.271142433827951
1310,4.8887057629261506
1311,4.0
1312,4.0
1313,4.0
1314,5.0
1315,4.5848122594242415
1316,3.6642103802926096
1317,5.0
1318,5.0
1319,3.4061180276209475
1320,3.4061180276209475
1321,4.869294887678101
1322,4.2328561497335775
1323,5.000000000000001
1324,5.0
1325,2.5
1326,5.0
1327,4.0
1328,4.0
1329,4.0
1330,4.0
1331,5.0
1332,2.692044839887715
1333,2.692044839887715
1334,4.78760973492413
1335,4.091133703346938
1336,4.091133703346938
1337,5.0
1338,5.0
1339,2.5
1340,4.739250342323147
1341,5.0
1342,5.0
1343,5.0
1344,4.896530151859567
1345,5.0
1346,5.0
1347,5.0
1348,2.9576949374886317
1349,2.9576949374886317
1350,4.795018788544956
1351,5.0
1352,5.0
1353,2.5
1354,5.000000000000002
1355,4.999999999999999
1356,4.0
1357,5.0
1358,4.0
1359,4.95216170599099
1360,2.5
1361,5.0
1362,5.0
1363,5.0
1364,5.0
1365,4.310334056476357
1366,4.310334056476357
1367,5.0
1368,5.0
1369,5.0
1370,5.0
1371,1.0
1372,1.0
1373,4.999999999999999
1374,4.999999999999999
1375,4.897064436589242
1376,2.5
1377,4.197264132713793
1378,2.5
1379,5.0
1380,4.0
1381,4.0
1382,4.119158761887343
1383,2.5
1384,2.5
1385,4.588688118360089
1386,5.0
1387,5.0
1388,2.5
1389,5.0
1390,4.449291031201912
1391,5.0
1392,5.0
1393,4.822983157631826
1394,2.5
1395,5.000000000000001
1396,5.000000000000001
1397,3.3060940014794653
1398,3.3060940014794653
1399,4.999999999999999
1400,5.000000000000001
1401,4.0
1402,2.5
1403,2.5
1404,5.000000000000001
1405,4.776126941316076
1406,4.999999999999999
1407,5.0
1408,5.0
1409,4.0
1410,5.000000000000001
1411,5.0
1412,3.8229399248781526
1413,3.8229399248781526
1414,4.715198662934927
1415,4.0
1416,4.0
1417,5.0
1418,5.0
1419,4.214722661024331
1420,5.0
1421,5.0
1422,5.0
1423,4.336372538190541
1424,4.0
1425,4.0
1426,5.0
1427,4.881751616742658
1428,5.0
1429,4.926103914027146
1430,3.296158963592077
1431,3.296158963592077
1432,3.78397275713764
1433,3.78397275713764
1434,5.0
1435,2.181656355675638
1436,5.000000000000001
1437,4.485197364332295
1438,5.0
1439,5.0
1440,2.5
1441,5.0
1442,4.38857743068081
1443,4.38857743068081
1444,5.0
1445,5.0
1446,5.0
1447,4.695559526145247
1448,4.394122796414508
1449,4.394122796414508
1450,4.0
1451,2.5
1452,4.473284085503349
1453,4.69666401414659
1454,2.5
1455,4.914620974771759
1456,2.5
1457,4.0
1458,5.0
1459,5.0
1460,5.0
1461,5.0
1462,4.0
1463,4.0
1464,4.0
1465,3.0
1466,3.0
1467,4.694665410037798
1468,4.712145967559119
1469,4.521617330752148
1470,3.747571133932147
1471,4.0
1472,4.8773033385495035
1473,5.0
1474,5.0
1475,5.0
1476,5.0
1477,5.0
1478,4.582057802290871
1479,4.582057802290871
1480,4.660123363760988
1481,2.5
1482,2.5
1483,5.0
1484,5.0
1485,2.5
1486,2.5
1487,2.5
1488,4.822996032372132
1489,2.5
1490,3.0
1491,3.0
1492,4.0
1493,5.0
1494,4.8601065542043065
1495,5.0
1496,5.0
1497,4.2061679383742225
1498,4.0
1499,4.585427923064519
1500,4.768601525954145
1501,5.000000000000001
1502,4.683453921622792
1503,4.683453921622792
1504,5.000000000000001
1505,5.0
1506,4.999999999999999
1507,2.5
1508,5.0
1509,4.490702343274069
1510,5.000000000000001
1511,4.0
1512,5.0
1513,5.0
1514,2.5
1515,2.5
1516,5.0
1517,2.5
1518,3.0
1519,4.925449534003347
1520,5.000000000000001
1521,5.000000000000001
1522,5.0
1523,3.4497123730878325
1524,3.4497123730878325
1525,4.240169179549407
1526,2.5
1527,5.0
1528,4.6378387920176385
1529,4.6378387920176385
1530,5.0
1531,5.0
1532,2.5
1533,5.0
1534,4.252251698471846
1535,3.8205566389978927
1536,3.8205566389978927
1537,5.0
1538,4.914113069574199
1539,4.914113069574199
1540,4.609889613710852
1541,4.999999999999999
1542,5.0
1543,4.75550596424434
1544,5.0
1545,5.0
1546,4.0
1547,1.0
1548,2.5
1549,5.0
1550,4.1516912926966345
1551,5.000000000000001
1552,2.834718956445106
1553,2.834718956445106
1554,5.0
1555,5.0
1556,5.0
1557,2.5
1558,4.019682693021833
1559,4.0
1560,4.324155926451246
1561,4.766114001802923
1562,2.5
1563,4.521617330752148
1564,4.506794687784247
1565,4.73260636149618
1566,4.328467528009944
1567,4.153069694700745
1568,4.451392738869709
1569,5.0
1570,4.0
1571,4.755307730216631
1572,2.5
1573,3.851482823952771
1574,3.851482823952771
1575,4.669861757292769
1576,4.397540646845799
1577,4.397540646845799
1578,2.5
1579,3.072978118408973
1580,3.072978118408973
1581,3.568644877136373
1582,3.568644877136373
1583,4.090026661585093
1584,2.5
1585,3.5331104666765776
1586,5.0
1587,4.464584946626471
1588,3.7264243851409797
1589,2.5
1590,2.5
1591,5.0
1592,5.0
1593,5.0
1594,5.0
1595,5.0
1596,4.743267336459998
1597,2.5
1598,4.999999999999999
1599,4.0
1600,2.5
1601,5.0
1602,5.0
1603,4.458192490188069
1604,2.5
1605,4.921285354844383
1606,3.0
1607,5.0
1608,4.415554735551686
1609,4.508567905052232
1610,4.720680104702524
1611,3.0
1612,3.2786645255603277
1613,3.2786645255603277
1614,4.75601100046589
1615,3.0
1616,2.5
1617,2.5
1618,4.398441051795722
1619,5.0
1620,4.720179941438344
1621,4.720179941438344
1622,4.8515358167767415
1623,4.8515358167767415
1624,5.0
1625,2.5
1626,5.0
1627,5.000000000000001
1628,4.178279409354943
1629,5.0
1630,5.0
1631,5.0
1632,2.5
1633,4.0
1634,4.0
1635,5.0
1636,2.5
1637,2.5
1638,4.439368820832009
1639,4.783693661153112
1640,5.000000000000001
1641,4.763813843790813
1642,3.448336513990812
1643,3.448336513990812
1644,4.406191738197831
1645,4.676814498448806
1646,4.766632811513416
1647,4.766632811513416
1648,2.5
1649,5.0
1650,2.5
1651,4.0
1652,5.0
1653,5.0
1654,5.0
1655,4.601128110719678
1656,4.335718406042355
1657,4.0
1658,4.8547106305657515
1659,5.0
1660,5.0
1661,4.482911546507641
1662,4.482911546507641
1663,5.0
1664,5.0
1665,5.0
1666,4.4114949684138
1667,2.5
1668,3.0
1669,3.0
1670,4.947247707018082
1671,4.8565308795460265
1672,4.999999999999999
1673,3.4455920761312595
1674,3.4455920761312595
1675,5.0
1676,5.0
1677,5.0
1678,5.0
1679,4.433779861091762
1680,4.0
1681,2.403968111682938
1682,2.403968111682938
1683,5.0
1684,4.0
1685,4.583799406117828
1686,4.583799406117828
1687,4.716743968231421
1688,4.41726475439187
1689,2.5
1690,4.0
1691,2.8934965865723767
1692,2.5
1693,5.000000000000001
1694,2.5
1695,4.0
1696,5.0
1697,5.0
1698,5.000000000000001
1699,2.5
1700,4.295998497784292
1701,4.295998497784292
1702,4.701185171911259
1703,4.701185171911259
1704,5.0
1705,2.5
1706,4.309717099966503
1707,4.309717099966503
1708,4.427593664264483
1709,2.5
1710,5.0
1711,5.0
1712,5.0
1713,5.0
1714,4.811806082385688
1715,4.811806082385688
1716,5.0
1717,4.453035819756185
1718,4.4420688329323585
1719,4.4420688329323585
1720,4.540624557537232
1721,4.0
1722,4.0
1723,5.000000000000001
1724,3.0
1725,3.0
1726,4.547881221062882
1727,5.0
1728,4.0
1729,4.0
1730,4.961284015719359
1731,5.0
1732,2.5
1733,2.5
1734,5.0
1735,5.000000000000001
1736,5.0
1737,4.770693744136603
1738,2.5
1739,5.0
1740,5.0
1741,4.0
1742,5.000000000000001
1743,4.932625968920319
1744,4.932625968920319
1745,5.0
1746,4.266242223036664
1747,5.0
1748,4.417800669528392
1749,4.562080502680135
1750,4.562080502680135
1751,3.5955119803844044
1752,3.5955119803844044
1753,5.000000000000001
1754,5.000000000000001
1755,5.0
1756,5.0
1757,2.5
1758,2.5
1759,4.656214176687977
1760,5.0
1761,5.0
1762,5.0
1763,5.0
1764,5.0
1765,4.131191311542767
1766,4.9452085765840295
1767,4.0
1768,4.0
1769,5.0
1770,5.0
1771,5.0
1772,5.0
1773,4.0
1774,2.5
1775,5.000000000000001
1776,4.789851908281724
1777,4.789851908281724
1778,5.000000000000001
1779,5.0
1780,5.0
1781,5.0
1782,2.5
1783,4.883427410579925
1784,4.883427410579925
1785,5.0
1786,5.000000000000001
1787,4.1460225619918605
1788,4.0
1789,5.0
1790,5.0
1791,4.999999999999999
1792,2.5
1793,2.5
1794,5.0
1795,4.0
1796,5.0
1797,5.0
1798,4.999999999999999
1799,4.834233515794421
1800,2.5
1801,2.5
1802,5.0
1803,5.0
1804,4.0
1805,5.000000000000001
1806,5.0
1807,4.580049739772067
1808,4.803851867695188
1809,4.643970381457563
1810,4.643970381457563
1811,2.5
1812,4.119299062860284
1813,5.0
1814,2.5
1815,4.967055897325638
1816,5.0
1817,5.0
1818,4.436020678997852
1819,4.486668055970623
1820,5.0
1821,4.0
1822,4.999999999999999
1823,4.999999999999999
1824,2.6772935768802926
1825,2.6772935768802926
1826,4.09416015272737
1827,4.09416015272737
1828,4.4886136818849405
1829,3.7779718559282043
1830,3.7779718559282043
1831,5.0
1832,5.0
1833,4.0
1834,5.0
1835,2.5
1836,5.0
1837,4.999999999999999
1838,4.999999999999999
1839,5.0
1840,4.1099561573904095
1841,4.884623481950542
1842,5.0
1843,4.283610085526202
1844,4.117817381988965
1845,4.785241735350091
1846,5.0
1847,5.0
1848,2.7602564569630164
1849,5.0
1850,5.0
1851,4.441047014998268
1852,4.441047014998268
1853,5.0
1854,4.331582073788717
1855,4.999999999999999
1856,4.791769890291943
1857,4.743020904300384
1858,4.743020904300384
1859,4.0
1860,4.0
1861,4.382134851764789
1862,4.688006463323663
1863,3.401693276358487
1864,3.401693276358487
1865,5.0
1866,5.0
1867,5.0
1868,2.5
1869,4.0
1870,2.5
1871,5.0
1872,2.5
1873,2.5
1874,5.0
1875,2.383177969105097
1876,2.383177969105097
1877,4.403367081005134
1878,5.0
1879,5.0
1880,5.0
1881,5.0
1882,3.6763488438033276
1883,3.6763488438033276
1884,5.0
1885,4.705289675836636
1886,5.0
1887,5.0
1888,4.748782527920616
1889,2.5
1890,5.0
1891,5.0
1892,5.0
1893,4.9319864988523365
1894,4.74773029997163
1895,5.0
1896,5.0
1897,4.999999999999999
1898,5.0
1899,4.4504958589991315
1900,5.0
1901,4.596915984763255
1902,4.596915984763255
1903,5.0
1904,5.0
1905,5.0
1906,5.0
1907,4.0
1908,4.0
1909,5.0
1910,5.0
1911,4.487537607252235
1912,4.433484295236165
1913,4.433484295236165
1914,4.068042920680267
1915,5.0
1916,5.0
1917,3.687157552500736
1918,3.687157552500736
1919,5.0
1920,5.0
1921,5.0
1922,5.0
1923,2.5
1924,4.578993803896477
1925,4.0
1926,4.999999999999999
1927,4.0
1928,4.0
1929,5.0
1930,4.379381074095011
1931,5.0
1932,5.0
1933,2.5
1934,5.0
1935,4.8419667489829905
1936,5.0
1937,5.000000000000001
1938,4.719595281667792
1939,4.0
1940,2.5
1941,2.5
1942,5.0
1943,5.0
1944,4.052567023314716
1945,4.052567023314716
1946,4.279427110372845
1947,4.14520828323244
1948,4.14520828323244
1949,2.5
1950,2.5
1951,5.0
1952,3.3214010692486466
1953,3.3214010692486466
1954,4.813812328733533
1955,5.0
1956,5.0
1957,4.180083169058105
1958,4.999999999999999
1959,3.0
1960,4.0619968464215095
1961,4.0619968464215095
1962,5.0
1963,5.0
1964,5.0
1965,2.5
1966,2.5
1967,4.999999999999999
1968,5.0
1969,2.5
1970,4.5202649602515725
1971,5.0
1972,4.585272950279672
1973,4.585272950279672
1974,4.999999999999999
1975,5.0
1976,2.5
1977,5.0
1978,5.0
1979,4.485276149330467
1980,2.5
1981,2.5
1982,5.0
1983,5.0
1984,5.0
1985,5.0
1986,5.0
1987,4.618993807767804
1988,4.592057489103264
1989,4.300996749746951
1990,5.0
1991,4.766306251596023
1992,4.999999999999999
1993,4.0
1994,5.0
1995,4.533063399929619
1996,4.533063399929619
1997,5.0
1998,4.33405645587548
1999,5.000000000000001
2000,5.000000000000001
2001,4.808572127457681
2002,5.0
2003,2.5
2004,4.999999999999999
2005,5.0
2006,5.0
2007,5.0
2008,5.0
2009,5.0
2010,5.0
2011,2.5
2012,4.094799157608773
2013,4.094799157608773
2014,5.0
2015,4.803119298277453
2016,2.5
2017,2.8464863200700057
2018,2.8464863200700057
2019,4.064527667833919
2020,4.064527667833919
2021,4.961906257227485
2022,4.012299192830552
2023,4.349594168833221
2024,4.349594168833221
2025,5.0
2026,5.0
2027,5.0
2028,5.000000000000001
2029,1.0
2030,2.601993499493902
2031,2.601993499493902
2032,2.5
2033,5.0
2034,5.0
2035,5.0
2036,4.475942243344302
2037,2.5
2038,2.5
2039,2.5
2040,4.0
2041,5.0
2042,5.0
2043,2.5
2044,5.0
2045,4.760216498663941
2046,4.760216498663941
2047,4.801199349501416
2048,4.801199349501416
2049,5.0
2050,2.5
2051,5.0
2052,2.5
2053,4.612471636351076
2054,4.0
2055,4.942254108346011
2056,2.457187611457628
2057,2.457187611457628
2058,5.000000000000001
2059,5.0
2060,1.0
2061,5.0
2062,4.408511187271212
2063,4.408511187271212
2064,5.0
2065,2.5
2066,2.5
2067,5.0
2068,5.0
2069,5.0
2070,4.06572249241751
2071,4.797226654251319
2072,4.432410884881035
2073,5.0
2074,4.2477903388779685
2075,4.0
2076,4.934149520142572
2077,5.0
2078,5.0
2079,5.0
2080,4.142498144900028
2081,5.0
2082,5.0
2083,5.0
2084,3.0
2085,3.3198448639929885
2086,2.5
2087,4.263134178420566
2088,2.5
2089,5.0
2090,5.0
2091,5.0
2092,5.0
2093,4.086217661199528
2094,4.394390678005482
2095,4.0
2096,4.0
2097,5.0
2098,4.144156109953963
2099,4.633925800284407
2100,4.633925800284407
2101,4.305180015731085
2102,5.0
2103,5.0
2104,5.000000000000001
2105,5.0
2106,5.0
2107,5.0
2108,4.888351518855575
2109,4.0
2110,4.0
2111,5.0
2112,5.0
2113,4.0
2114,4.0
2115,5.0
2116,5.0
2117,5.0
2118,5.0
2119,4.0
2120,4.0
2121,4.0
2122,5.0
2123,5.0
2124,5.0
2125,4.670472278909808
2126,4.766279744931277
2127,4.910081050568508
2128,2.5
2129,2.5
2130,5.0
2131,2.5
2132,2.5
2133,5.0
2134,2.5
2135,3.9509855129441087
2136,3.9509855129441087
2137,4.529825477398173
2138,5.000000000000001
2139,5.0
2140,4.507852300113184
2141,2.5
2142,2.5
2143,4.0
2144,2.5
2145,2.5
2146,4.688810958549783
2147,5.0
2148,5.0
2149,4.917118098556869
2150,4.917118098556869
2151,5.0
2152,4.112692038410994
2153,5.0
2154,4.999999999999999
2155,4.820801266953204
2156,2.5
2157,2.5
2158,4.0
2159,4.0
2160,5.0
2161,5.0
2162,2.5
2163,4.0
2164,4.645760352234675
2165,4.0
2166,5.0
2167,3.0
2168,5.0
2169,3.1497834499859847
2170,3.1497834499859847
2171,5.0
2172,5.0
2173,4.4956227699892795
2174,4.4956227699892795
2175,4.999999999999999
2176,5.0
2177,5.0
2178,5.0
2179,2.5
2180,2.5
2181,4.951360628815889
2182,4.0
2183,5.0
2184,4.360130869028571
2185,2.5
2186,5.0
2187,5.0
2188,4.0
2189,5.0
2190,4.999999999999999
2191,4.999999999999999
2192,5.0
2193,5.0
2194,4.0
2195,5.0
2196,5.0
2197,5.0
2198,4.0
2199,4.620505561755327
2200,5.0
2201,5.0
2202,3.557733196657315
2203,1.0
2204,1.0
2205,5.0
2206,5.0
2207,4.449216537303268
2208,4.12377143848054
2209,5.000000000000001
2210,5.000000000000001
2211,5.0
2212,2.5
2213,5.0
2214,5.0
2215,5.0
2216,4.0
2217,5.0
2218,5.0
2219,4.646690353713792
2220,5.0
2221,5.0
2222,4.8491511159824885
2223,2.5
2224,4.0
2225,5.0
2226,5.0
2227,4.551586617398159
2228,5.0
2229,5.0
2230,5.0
2231,4.529565399503316
2232,4.529565399503316
2233,5.0
2234,2.5
2235,4.393711592020703
2236,5.0
2237,5.0
2238,5.0
2239,5.0
2240,5.0
2241,5.0
2242,5.000000000000001
2243,5.0
2244,5.000000000000001
2245,5.0
2246,5.0
2247,4.550000396831485
2248,5.000000000000001
2249,4.0
2250,5.0
2251,2.5
2252,5.0
2253,5.0
2254,1.3338186722588203
2255,4.723483860881978
2256,2.5
2257,2.5
2258,4.361243702347383
2259,4.361243702347383
2260,4.474076486198657
2261,5.0
2262,5.0
2263,5.0
2264,5.0
2265,4.865569641683222
2266,5.0
2267,5.0
2268,4.999999999999999
2269,4.0
2270,5.0
2271,2.5
2272,2.5
2273,2.5
2274,4.231356856933559
2275,4.231356856933559
2276,2.5
2277,1.0
2278,5.0
2279,5.0
2280,5.0
2281,5.0
2282,2.5
2283,1.9653669578150634
2284,4.723945741964823
2285,5.0
2286,5.0
2287,5.0
2288,4.0
2289,5.0
2290,4.476326711750342
2291,5.0
2292,5.000000000000001
2293,2.5
2294,4.0
2295,5.0
2296,5.0
2297,2.5
2298,4.0
2299,2.5
2300,5.0
2301,5.0
2302,4.097558975222852
2303,5.0
2304,5.0
2305,4.935982521042203
2306,5.0
2307,3.0
2308,5.0
2309,2.5
2310,4.999999999999999
2311,2.5
2312,5.0
2313,4.0
2314,5.0
2315,5.0
2316,5.0
2317,4.0
2318,5.0
2319,4.0
2320,5.0
2321,4.149370326144199
2322,5.0
2323,5.0
2324,2.5
2325,2.5
2326,4.0
2327,4.0
2328,5.0
2329,5.0
2330,5.0
2331,5.0
2332,2.5
2333,5.0
2334,5.0
2335,5.0
2336,5.000000000000001
2337,5.0
2338,5.0
2339,5.0
2340,2.5
2341,4.688562318303143
2342,5.0
2343,5.000000000000001
2344,5.0
2345,4.0
2346,4.964830850303904
2347,5.0
2348,5.000000000000001
2349,4.476955738103298
2350,4.476955738103298
2351,5.0
2352,5.0
2353,4.741810403718106
2354,4.741810403718106
2355,5.0
2356,5.0
2357,5.0
2358,2.5
2359,2.5
2360,4.0
2361,5.0
2362,2.5
2363,5.0
2364,5.0
2365,2.0
2366,2.0
2367,1.0
2368,5.0
2369,5.0
2370,5.0
2371,5.0
2372,4.382918063211335
2373,4.939119812010538
2374,3.0
2375,2.5
2376,3.31845099304274
2377,4.130095611886946
2378,4.130095611886946
2379,4.777434657751346
2380,4.332073187317886
2381,4.332073187317886
2382,3.925568641454848
2383,5.0
2384,5.0
2385,4.0
2386,5.0
2387,5.0
2388,5.0
2389,5.0
2390,5.0
2391,5.0
2392,5.0
2393,2.5
2394,5.0
2395,5.0
2396,4.8334177439744375
2397,5.000000000000001
2398,2.5
2399,4.678078847564672
2400,5.0
2401,2.5
2402,4.999999999999999
2403,4.999999999999999
2404,2.5
2405,4.0
2406,4.0
2407,4.999999999999999
2408,3.8994247461756646
2409,3.8994247461756646
2410,5.0
2411,3.4344427815766254
2412,5.000000000000001
2413,5.0
2414,5.0
2415,2.5
2416,3.0
2417,5.0
2418,5.0
2419,4.359915338378416
2420,2.5
2421,4.551377860474239
2422,5.0
2423,5.0
2424,5.0
2425,5.0
2426,4.359234276634714
2427,5.0
2428,4.216879128810818
2429,2.5
2430,2.5
2431,4.247801891551122
2432,4.247801891551122
2433,5.0
2434,5.0
2435,5.0
2436,2.5
2437,4.0
2438,4.0
2439,2.052976083762203
2440,2.052976083762203
2441,5.0
2442,5.000000000000001
2443,2.5
2444,5.0
2445,5.0
2446,5.0
2447,5.0
2448,5.0
2449,5.0
2450,5.000000000000001
2451,3.6065451307454994
2452,2.5
2453,2.5
2454,4.0
2455,2.5
2456,5.000000000000001
2457,5.0
2458,4.614132652665743
2459,2.5
2460,2.5
2461,4.478382669247851
2462,5.0
2463,5.0
2464,5.0
2465,4.518390029232413
2466,4.758492430960302
2467,5.0
2468,5.0
2469,4.819935787248524
2470,4.819935787248524
2471,5.0
2472,2.5
2473,4.0
2474,2.5
2475,5.0
2476,5.0
2477,4.0
2478,2.5
2479,5.0
2480,2.5
2481,5.0
2482,5.0
2483,3.463304864569241
2484,2.5
2485,3.7703516514013935
2486,5.0
2487,5.0
2488,5.0
2489,2.5
2490,2.5
2491,2.5
2492,5.0
2493,4.837344629863012
2494,5.0
2495,5.0
2496,3.6896659435236434
2497,3.6896659435236434
2498,4.2955238006991285
2499,5.000000000000001
2500,4.042941439496787
2501,5.000000000000001
2502,4.807471233177282
2503,5.0
2504,5.0
2505,4.0
2506,5.0
2507,2.5
2508,5.0
2509,2.5
2510,5.0
2511,5.0
2512,4.0
2513,2.5
2514,2.5
2515,4.905489846119399
2516,2.5
2517,2.5
2518,5.0
2519,5.0
2520,2.5
2521,4.6112894053979785
2522,3.0
2523,5.0
2524,4.0
2525,5.0
2526,4.999999999999999
2527,1.0
2528,1.0
2529,2.5
2530,5.0
2531,4.488714712196411
2532,3.0
2533,5.0
2534,5.0
2535,5.0
2536,5.0
2537,5.0
2538,4.781131643703802
2539,4.781131643703802
2540,5.0
2541,3.0
2542,2.5
2543,4.315793466604765
2544,2.5
2545,4.950998902873938
2546,2.5
2547,2.5
2548,2.5
2549,2.5
2550,5.0
2551,5.0
2552,2.5
2553,5.0
2554,2.5
2555,2.5
2556,2.5
2557,5.0
2558,5.0
2559,5.0
2560,5.0
2561,2.5
2562,5.0
2563,5.0
2564,4.778360801489523
2565,2.5
2566,5.0
2567,2.5
2568,5.0
2569,4.999999999999999
2570,4.0
2571,2.5
2572,2.5
2573,5.0
2574,5.0
2575,4.079097520038162
2576,2.5
2577,5.0
2578,5.0
2579,4.359700667776187
2580,2.5
2581,5.0
2582,4.703643660303879
2583,5.0
2584,2.5
2585,5.0
2586,5.0
2587,2.5
2588,4.0
2589,2.4414387315277515
2590,4.0
2591,5.0
2592,2.5
2593,5.000000000000001
2594,5.000000000000001
2595,2.5
2596,4.0
2597,5.0
2598,4.0
2599,4.0
2600,4.999999999999999
2601,5.0
2602,5.0
2603,5.0
2604,5.0
2605,2.5
2606,5.0
2607,5.0
2608,5.0
2609,5.0
2610,2.5
2611,2.5
2612,5.0
2613,5.0
2614,4.717686561353224
2615,5.0
2616,2.5
2617,2.5
2618,2.5
2619,4.497419479868469
2620,5.0
2621,5.0
2622,5.0
2623,5.0
2624,5.0
2625,5.0
2626,4.66068141485548
2627,5.0
2628,5.0
2629,2.809251907561335
2630,2.809251907561335
2631,5.000000000000001
2632,5.0
2633,2.5
2634,5.0
2635,2.5
2636,2.5
2637,2.5
2638,5.0
2639,4.999999999999999
2640,5.0
2641,2.5
2642,5.0
2643,4.0
2644,4.0
2645,5.0
2646,2.5
2647,5.0
2648,2.5
2649,2.5
2650,5.0
2651,5.0
2652,2.5
2653,5.000000000000001
2654,5.000000000000001
2655,5.000000000000001
2656,3.0
2657,5.0
2658,5.0
2659,5.0
2660,5.0
2661,2.5
2662,2.5
2663,4.0
2664,5.0
2665,5.0
2666,5.0
2667,2.5
2668,4.999999999999999
2669,2.5
2670,4.0
2671,2.5
2672,4.999999999999999
2673,2.5
2674,2.5
2675,5.0
2676,5.0
2677,5.0
2678,5.0
2679,5.0
2680,3.0
2681,5.0
2682,2.5
2683,2.5
2684,2.5
2685,5.0
2686,5.0
2687,4.521617330752148
2688,4.0
2689,4.0
2690,5.0
2691,5.0
2692,4.0
2693,4.0
2694,5.0
2695,5.0
2696,5.0
2697,3.0
2698,2.5
2699,2.5
2700,5.0
2701,5.0
2702,4.470174522601826
2703,5.0
2704,4.684837945385912
2705,4.55582427411808
2706,2.5
2707,2.5
2708,4.64870727416646
2709,5.0
2710,5.0
2711,5.0
2712,3.0
2713,3.0
2714,5.0
2715,5.0
2716,4.0
2717,4.0
2718,5.0
2719,5.0
2720,5.0
2721,5.0
2722,5.0
2723,5.0
2724,5.0
2725,5.0
2726,5.0
2727,3.0
2728,4.0
2729,5.0
2730,2.5
2731,4.7730952408807115
2732,2.5
2733,5.0
2734,5.0
2735,5.0
2736,5.0
2737,4.853627439960629
2738,5.0
2739,2.5
2740,2.5
2741,4.219742352422569
2742,4.424700400549902
2743,5.0
2744,4.112001241110896
2745,2.5
2746,4.423322068189482
2747,5.0
2748,5.0
2749,5.0
2750,5.0
2751,5.0
2752,5.0
2753,2.5
2754,4.60631649766237
2755,2.5
2756,5.0
2757,2.5
2758,1.4959277576706513
2759,5.0
2760,5.0
2761,2.5
2762,5.0
2763,2.5
2764,5.0
2765,2.5
2766,4.0
2767,5.0
2768,4.0
2769,4.0
2770,5.0
2771,5.0
2772,2.5
2773,4.0
2774,2.5
2775,5.0
2776,2.5
2777,5.0
2778,2.5
2779,5.0
2780,5.0
2781,2.5
2782,2.5
2783,4.0
2784,5.0
2785,5.0
2786,5.0
2787,2.5
2788,4.0
2789,2.5
2790,5.0
2791,4.999999999999999
2792,5.0
2793,2.5
2794,5.0
2795,5.0
2796,5.0
2797,1.0
2798,1.0
2799,1.0
2800,5.0
2801,5.0
2802,4.0
2803,4.0
2804,5.0
2805,2.5
2806,5.0
2807,5.0
2808,2.5
2809,2.5
2810,5.000000000000001
2811,4.0
2812,5.0
2813,5.0
2814,5.0
2815,5.0
2816,5.0
2817,2.5
2818,2.5
2819,5.0
2820,4.254705938111925
2821,5.0
2822,5.0
2823,5.0
2824,5.0
2825,5.0
2826,2.5
2827,2.5
2828,5.0
2829,2.5
2830,2.5
2831,5.0
2832,5.0
2833,5.0
2834,5.0
2835,4.0
2836,4.44656361647377
2837,5.0
2838,5.0
2839,4.999999999999999
2840,5.0
2841,2.5
2842,5.0
2843,2.5
2844,2.5
2845,5.0
2846,4.943453892461806
2847,2.5
2848,4.0
2849,5.0
2850,2.5
2851,2.5
2852,4.0
2853,4.0
2854,5.0
2855,1.0
2856,1.0
2857,4.999999999999999
2858,5.0
2859,2.5
2860,2.9999999999999996
2861,2.9999999999999996
2862,2.5
2863,2.5
2864,5.0
2865,2.5
2866,5.0
2867,2.5
2868,5.0
2869,3.238012638694346
2870,2.5
2871,2.5
2872,5.0
2873,5.0
2874,5.0
2875,2.5
2876,2.5
2877,2.5
2878,4.651407798935079
2879,4.0
2880,4.0
2881,2.5
2882,5.0
2883,2.5
2884,2.5
2885,2.5
2886,4.630335239783757
2887,2.5
2888,4.815189963040129
2889,4.0
2890,5.0
2891,5.0
2892,5.0
2893,5.0
2894,2.5
2895,2.5
2896,4.0
2897,4.0
2898,3.0
2899,4.0
2900,2.5
2901,2.5
2902,5.0
2903,5.0
2904,5.0
2905,2.5
2906,4.0
2907,5.0
2908,4.0
2909,5.0
2910,5.0
2911,5.0
2912,2.5
2913,2.5
2914,5.0
2915,5.0
2916,5.0
2917,5.0
2918,5.0
2919,2.5
2920,4.0
2921,5.0
2922,2.5
2923,2.5
2924,5.0
2925,2.5
2926,5.0
2927,4.775413678686268
2928,2.5
2929,2.5
2930,2.5
2931,2.5
2932,2.5
2933,5.0
2934,5.0
2935,2.5
2936,5.0
2937,5.0
2938,2.5
2939,5.0
2940,5.0
2941,5.0
2942,2.5
2943,2.5
2944,5.0
2945,5.0
2946,4.0
2947,5.0
2948,5.0
2949,5.0
2950,5.0
2951,5.0
2952,2.5
2953,2.5
2954,2.5
2955,4.422911580841842
2956,5.0
2957,5.0
2958,5.0
2959,5.0
2960,2.5
2961,4.0
2962,4.0
2963,5.0
2964,5.0
2965,5.0
2966,4.0
2967,5.0
2968,2.5
2969,5.0
2970,5.0
2971,2.5
2972,2.5
2973,2.5
2974,5.0
2975,2.5
2976,2.5
2977,2.5
2978,5.0
2979,5.0
2980,5.0
2981,2.5
2982,5.0
2983,5.0
2984,2.5
2985,2.5
2986,2.5
2987,2.0
2988,2.0
2989,5.0
2990,3.0
2991,5.0
2992,5.0
2993,2.5
2994,2.0
2995,5.0
2996,2.5
2997,5.0
2998,5.0
2999,2.5
3000,4.0
3001,2.5
3002,2.5
3003,2.5
3004,5.0
3005,4.0
3006,2.5
3007,4.999999999999999
3008,2.5
3009,5.0
3010,2.5
3011,2.5
3012,4.33290732383273
3013,5.0
3014,5.0
3015,5.0
3016,2.5
3017,2.5
3018,5.0
3019,2.5
3020,2.5
3021,2.5
3022,2.5
3023,4.0
3024,2.5
3025,2.5
3026,5.0
3027,4.0
3028,4.0
3029,4.0
3030,4.0
3031,2.5
3032,2.5
3033,2.5
3034,2.5
3035,2.5
3036,2.5
3037,2.5
3038,2.5
3039,2.5
3040,2.5
3041,2.5
3042,2.5
3043,2.5
3044,2.5
3045,2.5
3046,2.5
3047,2.5
3048,2.5
3049,2.5
3050,2.5
3051,2.5
3052,2.5
3053,2.5
3054,2.5
3055,2.5
3056,2.5
3057,2.5
3058,2.5
3059,2.5
3060,2.5
3061,2.5
3062,2.5
3063,2.5
3064,2.5
3065,2.5
3066,2.5
3067,2.5
3068,2.5
3069,2.5
3070,2.5
3071,2.5
3072,2.5
3073,2.5
3074,2.5
3075,2.5
3076,2.5
3077,2.5
3078,2.5
3079,2.5
3080,2.5
3081,2.5
3082,2.5
3083,2.5
3084,2.5
3085,2.5
3086,2.5
3087,2.5
3088,2.5
3089,2.5
3090,2.5
3091,2.5
3092,2.5
3093,2.5
3094,2.5
3095,2.5
3096,2.5
3097,2.5
3098,2.5
3099,2.5
3100,2.5
3101,2.5
3102,2.5
3103,2.5
3104,2.5
3105,2.5
3106,2.5
3107,2.5
3108,2.5
3109,2.5
3110,2.5
3111,2.5
3112,2.5
3113,2.5
3114,2.5
3115,2.5
3116,2.5
3117,2.5
3118,2.5
3119,2.5
3120,2.5
3121,2.5
3122,2.5
3123,2.5
3124,2.5
3125,2.5
3126,2.5
3127,2.5
3128,2.5
3129,2.5
3130,2.5
3131,2.5
3132,2.5
3133,2.5
3134,2.5
3135,2.5
3136,2.5
3137,2.5
3138,2.5
3139,2.5
3140,2.5
3141,2.5
3142,2.5
3143,2.5
3144,2.5
3145,2.5
3146,2.5
3147,2.5
3148,2.5
3149,2.5
3150,2.5
3151,2.5
3152,2.5
3153,2.5
3154,2.5
3155,2.5
3156,2.5
3157,2.5
3158,2.5
3159,2.5
3160,2.5
3161,2.5
3162,2.5
3163,2.5
3164,2.5
3165,2.5
3166,2.5
3167,2.5
3168,2.5
3169,2.5
3170,2.5
3171,2.5
3172,2.5
3173,2.5
3174,2.5
3175,2.5
3176,2.5
3177,2.5
3178,2.5
3179,2.5
3180,2.5
3181,2.5
3182,2.5
3183,2.5
3184,2.5
3185,2.5
3186,2.5
3187,2.5
3188,2.5
3189,2.5
3190,2.5
3191,2.5
3192,2.5
3193,2.5
3194,2.5
3195,2.5
3196,2.5
3197,2.5
3198,2.5
3199,2.5
3200,2.5
3201,2.5
3202,2.5
3203,2.5
3204,2.5
3205,2.5
3206,2.5
3207,2.5
3208,2.5
3209,2.5
3210,2.5
3211,2.5
3212,2.5
3213,2.5
3214,2.5
3215,2.5
3216,2.5
3217,2.5
3218,2.5
3219,2.5
3220,2.5
3221,2.5
3222,2.5
3223,2.5
3224,2.5
3225,2.5
3226,2.5
3227,2.5
3228,2.5
3229,2.5
3230,2.5
3231,2.5
3232,2.5
3233,2.5
3234,2.5
3235,2.5
3236,2.5
3237,2.5
3238,2.5
3239,2.5
3240,2.5
3241,2.5
3242,2.5
3243,2.5
3244,2.5
3245,2.5
3246,2.5
3247,2.5
3248,2.5
3249,2.5
3250,2.5
3251,2.5
3252,2.5
3253,2.5
3254,2.5
3255,2.5
3256,2.5
3257,2.5
3258,2.5
3259,2.5
3260,2.5
3261,2.5
3262,2.5
3263,2.5
3264,2.5
3265,2.5
3266,2.5
3267,2.5
3268,2.5
3269,2.5
3270,2.5
3271,2.5
3272,2.5
3273,2.5
3274,2.5
3275,2.5
3276,2.5
3277,2.5
3278,2.5
3279,2.5
3280,2.5
3281,2.5
3282,2.5
3283,2.5
3284,2.5
3285,2.5
3286,2.5
3287,2.5
3288,2.5
3289,2.5
3290,2.5
3291,2.5
3292,2.5
3293,2.5
3294,2.5
3295,2.5
3296,2.5
3297,2.5
3298,2.5
3299,2.5
3300,2.5
3301,2.5
3302,2.5
3303,2.5
3304,2.5
3305,2.5
3306,2.5
3307,2.5
3308,2.5
3309,2.5
3310,2.5
3311,2.5
3312,2.5
3313,2.5
3314,2.5
3315,2.5
3316,2.5
3317,2.5
3318,2.5
3319,2.5
3320,2.5
3321,2.5
3322,2.5
3323,2.5
3324,2.5
3325,2.5
3326,2.5
3327,2.5
3328,2.5
3329,2.5
3330,2.5
3331,2.5
3332,2.5
3333,2.5
3334,2.5
3335,2.5
3336,2.5
3337,2.5
3338,2.5
3339,2.5
3340,2.5
3341,2.5
3342,2.5
3343,2.5
3344,2.5
3345,2.5
3346,2.5
3347,2.5
3348,2.5
3349,2.5
3350,2.5
3351,2.5
3352,2.5
3353,2.5
3354,2.5
3355,2.5
3356,2.5
3357,2.5
3358,2.5
3359,2.5
3360,2.5
3361,2.5
3362,2.5
3363,2.5
3364,2.5
3365,2.5
3366,2.5
3367,2.5
3368,2.5
3369,2.5
3370,2.5
3371,2.5
3372,2.5
3373,2.5
3374,2.5
3375,2.5
3376,2.5
3377,2.5
3378,2.5
3379,2.5
3380,2.5
3381,2.5
3382,2.5
3383,2.5
3384,2.5
3385,2.5
3386,2.5
3387,2.5
3388,2.5
3389,2.5
3390,2.5
3391,2.5
3392,2.5
3393,2.5
3394,2.5
3395,2.5
3396,2.5
3397,2.5
3398,2.5
3399,2.5
3400,2.5
3401,2.5
3402,2.5
3403,2.5
3404,2.5
3405,2.5
3406,2.5
3407,2.5
3408,2.5
