,0
0,5.0
1,2.0
2,3.762739820844456
3,3.762739820844456
4,5.0
5,4.309491562627835
6,4.309491562627835
7,4.859544611695353
8,3.980376371353009
9,3.980376371353009
10,4.569591629456866
11,4.569591629456866
12,5.0
13,4.999999999999999
14,4.197427250459713
15,4.454036258379904
16,3.0
17,3.0
18,4.731560734265147
19,4.731560734265147
20,5.0
21,5.0
22,2.5
23,4.2720001647257195
24,4.2720001647257195
25,4.4698056403812645
26,4.433284591115549
27,4.4493241126209755
28,4.4493241126209755
29,4.453245848697074
30,4.65854883005241
31,3.9851237247643034
32,3.9851237247643034
33,4.4292315492373175
34,5.000000000000001
35,5.000000000000001
36,4.49009158956649
37,4.999999999999999
38,3.3574624253419305
39,4.0
40,5.0
41,5.0
42,4.348898267179712
43,4.516622053906103
44,4.857425049226197
45,4.999999999999999
46,3.9547490786181525
47,3.9547490786181525
48,2.641700398495338
49,3.6749800972092257
50,3.6749800972092257
51,3.6295416038481516
52,3.6295416038481516
53,5.0
54,5.0
55,4.487853443723367
56,4.911176736920535
57,3.6963799562551247
58,3.6963799562551247
59,5.000000000000001
60,4.250154362070555
61,4.373731506759763
62,4.373731506759763
63,3.8296480485373756
64,5.0
65,4.584722162754271
66,4.047350442410569
67,3.768291620103491
68,3.242355028259728
69,3.242355028259728
70,4.510801684556853
71,4.510801684556853
72,4.759865415808413
73,4.473580716048487
74,3.2343812233201366
75,3.2343812233201366
76,4.0
77,4.0
78,4.836283661863475
79,5.0
80,4.859714708348164
81,4.639262493860373
82,4.639262493860373
83,3.0000000000000004
84,4.491016711966993
85,4.602591078500113
86,4.226690464979475
87,4.226690464979475
88,4.946242815229734
89,4.5740340631057865
90,4.749095605384809
91,5.0
92,4.89786184038142
93,3.7458334722087443
94,3.7458334722087443
95,4.398775296314646
96,4.0
97,4.757018472303888
98,3.8336846419504833
99,4.488867022105172
100,4.488867022105172
101,3.8822150596314304
102,4.424723902093733
103,4.424723902093733
104,4.630155315705551
105,4.493313988285476
106,5.0
107,4.999999999999999
108,4.864636629056506
109,5.0
110,5.000000000000001
111,5.000000000000001
112,4.331913924002869
113,3.9922627748705595
114,3.9922627748705595
115,4.2831226145556425
116,2.5
117,4.769802706455448
118,4.9354144012460495
119,4.570847359819525
120,3.9046117688266335
121,4.671742708348732
122,4.284736688428687
123,4.284736688428687
124,4.803988059900594
125,4.789181151200572
126,4.789181151200572
127,4.852493412023551
128,4.210155810508337
129,4.824191207817605
130,4.824191207817605
131,4.19950765085236
132,2.9900126905054014
133,2.9900126905054014
134,5.000000000000001
135,3.7806024472071798
136,3.7806024472071798
137,4.828741966612303
138,4.669083157617026
139,4.808988684608336
140,4.808988684608336
141,4.377906131290146
142,4.377906131290146
143,2.462190306201981
144,2.462190306201981
145,4.86258346700697
146,5.0
147,5.0
148,3.725590993923753
149,3.725590993923753
150,4.114161110605728
151,5.000000000000001
152,5.000000000000001
153,4.0
154,4.0
155,4.522195558653876
156,3.92057846305827
157,3.92057846305827
158,3.0000000000000004
159,3.0000000000000004
160,5.0
161,5.0
162,3.7729047251937007
163,4.73229639991267
164,4.006338630836541
165,5.0
166,5.0
167,4.3359689675417314
168,4.3359689675417314
169,4.234219826788059
170,3.4053281994875286
171,4.999999999999999
172,4.999999999999999
173,4.485928215084583
174,4.707570169626192
175,4.140389802847034
176,4.140389802847034
177,4.517360240106913
178,4.517360240106913
179,5.0
180,3.465088165328712
181,3.465088165328712
182,5.000000000000001
183,2.122046558383423
184,2.122046558383423
185,5.0
186,5.0
187,5.0
188,4.575067910307376
189,4.932400504406305
190,5.0
191,4.974323048749394
192,4.974323048749394
193,4.633854969473761
194,3.627915931652105
195,3.627915931652105
196,4.0
197,4.463298268959431
198,4.9022997310309915
199,4.796682986522863
200,4.796682986522863
201,4.750424690545182
202,4.506802135622667
203,4.506802135622667
204,2.917233115413079
205,2.917233115413079
206,3.5426310581079754
207,3.5426310581079754
208,5.0
209,5.0
210,2.5
211,4.934623804597158
212,3.932885859303594
213,3.932885859303594
214,5.0
215,5.0
216,4.762152285799483
217,5.0
218,4.361650506590849
219,4.0
220,4.0
221,4.465568540698389
222,4.629004648981812
223,4.629004648981812
224,2.5
225,2.5
226,4.615256050112211
227,4.615256050112211
228,4.973811953153133
229,4.973811953153133
230,4.049079936871274
231,4.0
232,4.103129418702896
233,4.103129418702896
234,4.816199429628782
235,2.5
236,3.538101538641355
237,4.347641461025351
238,4.5666879784820535
239,4.072555425445306
240,4.1020816961488755
241,4.565735417548379
242,4.693599343578166
243,5.0
244,4.472143099841087
245,4.726351119106505
246,4.726351119106505
247,4.391713248671001
248,4.609258739012643
249,3.0
250,4.3128303605100005
251,4.3128303605100005
252,4.571395994635871
253,4.571395994635871
254,5.0
255,4.906244973662891
256,4.649435878183624
257,4.649435878183624
258,4.0
259,4.813609860693418
260,2.6884493834551484
261,2.6884493834551484
262,4.966199870842528
263,4.984921898702854
264,4.154205600663154
265,4.154205600663154
266,3.0
267,3.0
268,1.8491134745145819
269,1.8491134745145819
270,3.903866288704508
271,4.5571933585386395
272,4.5571933585386395
273,4.116080012433687
274,4.116080012433687
275,3.0370377477567474
276,4.56414808299689
277,3.313782545622716
278,3.313782545622716
279,4.7945613016237
280,4.880942804140266
281,4.68903940759321
282,5.0
283,4.0
284,4.0
285,3.9256832449707724
286,4.801157669593719
287,4.512476217977251
288,4.923369105706378
289,2.5
290,4.338088448753388
291,4.619261342198081
292,4.67190902764058
293,4.789433388090355
294,4.501597116484693
295,5.0
296,5.0
297,4.402301709556466
298,4.303349712074855
299,4.338264442908902
300,5.0
301,3.840788659928557
302,3.840788659928557
303,4.0
304,4.181923839731356
305,4.146627242323656
306,4.146627242323656
307,4.621747203380022
308,4.845900798877003
309,4.182794668130503
310,4.039750606210534
311,4.039750606210534
312,4.834853183820641
313,5.0
314,5.0
315,4.359310101275914
316,4.999999999999999
317,2.9999999999999996
318,5.0
319,4.927311082971395
320,4.927311082971395
321,2.7620433606580654
322,4.774486333783492
323,4.467675889780785
324,4.467675889780785
325,4.230415729388174
326,4.200389924835326
327,4.200389924835326
328,4.205297763419318
329,5.0
330,5.0
331,4.0
332,5.000000000000001
333,2.5624124300443336
334,2.5624124300443336
335,5.0
336,3.679679067832529
337,3.679679067832529
338,5.0
339,5.0
340,4.274580116837065
341,4.274580116837065
342,4.86259351527075
343,3.6598698014271633
344,3.6598698014271633
345,4.624435477852913
346,5.0
347,4.1882598957893755
348,5.0
349,4.35546373776683
350,4.35546373776683
351,4.4036636918891165
352,5.0
353,4.999999999999999
354,4.298598073634391
355,4.316791784080407
356,4.316791784080407
357,3.77491074086962
358,3.77491074086962
359,4.096247272486129
360,4.01211479860845
361,4.0
362,3.0
363,3.0
364,4.405987142319298
365,4.405987142319298
366,4.629120351020387
367,3.3805277423632396
368,3.3805277423632396
369,4.47994183045745
370,4.47994183045745
371,4.8003171123193695
372,5.0
373,4.0
374,4.0
375,5.0
376,4.096818767641491
377,2.5
378,4.202940214294545
379,4.572997597544578
380,3.382480011834034
381,3.382480011834034
382,5.0
383,3.1402260773942885
384,5.0
385,2.699921452342329
386,5.0
387,5.0
388,4.35456039139346
389,4.35456039139346
390,4.453223247280113
391,4.453223247280113
392,4.958425282312026
393,2.139218656232145
394,4.651141649171117
395,4.651141649171117
396,5.0
397,3.1098491155321475
398,3.1098491155321475
399,5.0
400,4.654023067998594
401,3.654609906343771
402,3.654609906343771
403,4.159175055734762
404,4.604143273185697
405,4.540715397020546
406,5.0
407,5.0
408,3.8157768894986606
409,3.468843229956244
410,3.468843229956244
411,4.393934841952087
412,4.393934841952087
413,4.863624668496106
414,4.863624668496106
415,4.732637355870544
416,4.709905267999234
417,1.1999887402762386
418,1.1999887402762386
419,4.376479706445798
420,4.220163811043509
421,4.564969020423481
422,3.4831391441596797
423,4.605738040192703
424,1.893664499039795
425,1.893664499039795
426,3.9805880143668317
427,3.9805880143668317
428,4.3870889466501
429,4.737070251662925
430,2.9612528647126743
431,4.783724186777922
432,4.783724186777922
433,4.129131071101679
434,4.41766211191703
435,4.41766211191703
436,4.759511122745
437,5.0
438,4.0
439,4.999999999999999
440,4.976914907209849
441,3.8827682141434243
442,3.8827682141434243
443,4.63466643777075
444,1.7181748683844085
445,1.7181748683844085
446,4.569870259173949
447,3.375580459313976
448,3.375580459313976
449,4.837386611431241
450,5.0
451,5.0
452,4.913989235907652
453,4.913989235907652
454,4.562884002462034
455,5.0
456,5.0
457,4.429568897223013
458,4.999999999999999
459,5.0
460,4.6358697137826
461,4.3060317068610745
462,4.999999999999999
463,4.737585006249596
464,5.0
465,4.8439115063765446
466,4.4928187332849285
467,4.4928187332849285
468,4.594661920636991
469,4.6916412565921055
470,3.8012334165912183
471,3.8012334165912183
472,5.0
473,4.655280650033623
474,4.655280650033623
475,5.0
476,3.787688936030783
477,3.787688936030783
478,1.5475118328501654
479,4.999999999999999
480,4.714716544358392
481,4.597073034200118
482,2.5
483,5.0
484,5.0
485,4.0
486,4.09105367104678
487,4.389056675786559
488,3.3306151190565765
489,3.3306151190565765
490,4.598892499306536
491,4.759957022309808
492,4.759957022309808
493,4.171952763135442
494,4.171952763135442
495,4.838435180046518
496,4.0
497,4.588147211655708
498,4.215339191523837
499,3.3459636454703765
500,3.3459636454703765
501,4.736349589366116
502,2.3834524697688173
503,2.3834524697688173
504,5.0
505,4.823711624838413
506,4.520431618980648
507,4.872127394110127
508,5.0
509,5.0
510,2.0111712722038133
511,2.0111712722038133
512,4.830856669995235
513,4.672507386496886
514,5.0
515,4.637697021030347
516,4.637697021030347
517,4.4702073525496075
518,4.447180894603479
519,5.0
520,3.5747956821767928
521,3.5747956821767928
522,4.534128623547409
523,4.534128623547409
524,5.0
525,3.223126977063774
526,3.223126977063774
527,5.0
528,4.657201366995479
529,4.796492014553136
530,4.796492014553136
531,4.424703188155306
532,4.306569857382064
533,3.7088805906999887
534,4.149539104326098
535,4.149539104326098
536,4.616893491829703
537,4.300428581498539
538,3.712377174625622
539,3.712377174625622
540,4.0
541,4.0
542,4.3421656684374685
543,4.594472667540242
544,3.688392938409412
545,3.688392938409412
546,4.325218350932743
547,5.0
548,3.416930743738558
549,4.367307227253541
550,4.367307227253541
551,4.297579946649214
552,5.0
553,2.5065165387894623
554,4.329356283186801
555,5.000000000000001
556,2.974751527133797
557,1.811085176438295
558,1.811085176438295
559,3.3962360940709955
560,4.0
561,4.0
562,5.0
563,3.9002367937763136
564,3.5391012714030228
565,5.0
566,4.410925459950766
567,4.410925459950766
568,4.0
569,5.0
570,4.831500977735343
571,4.831500977735343
572,4.920828967429883
573,4.920828967429883
574,3.80255275120507
575,4.623590180059204
576,4.623590180059204
577,4.003631985904508
578,4.583918322947441
579,4.583918322947441
580,4.999999999999999
581,2.5
582,2.5
583,4.330278470809351
584,4.9046873724710105
585,3.7243634284104954
586,5.0
587,3.793018652254808
588,3.793018652254808
589,3.7006023817885314
590,5.0
591,4.868614320604062
592,4.273974707661084
593,4.4293477692945356
594,4.4293477692945356
595,2.000189126132895
596,4.611225113564249
597,4.9771151678593
598,4.857936123249833
599,4.0
600,4.763008042721476
601,5.000000000000001
602,5.000000000000001
603,4.719178425484849
604,4.527632906700385
605,5.0
606,3.373010962032398
607,5.0
608,3.365007888566777
609,4.788944180960314
610,3.667908176138075
611,3.667908176138075
612,4.71709851147457
613,4.71709851147457
614,5.0
615,4.188026847087612
616,4.188026847087612
617,4.898012328133953
618,5.0
619,5.0
620,3.7408998572042353
621,4.8377071962158364
622,5.0
623,4.645033339607617
624,4.645033339607617
625,4.4161918486439005
626,4.4161918486439005
627,4.597639802623987
628,4.289250666403991
629,4.550125796498362
630,4.0
631,4.918892691944734
632,4.0
633,4.606556700598382
634,4.266967899507677
635,4.040926487349526
636,3.6617768336868837
637,3.6617768336868837
638,4.553810734555092
639,4.553810734555092
640,4.886372833038579
641,4.409676637558526
642,4.409676637558526
643,4.335570302132406
644,4.335570302132406
645,4.526303498505073
646,3.7053853836476964
647,3.7053853836476964
648,3.9793768461057577
649,3.9793768461057577
650,4.4598340144893625
651,4.0776765589140815
652,4.783395542597793
653,3.5248776908298693
654,3.5248776908298693
655,4.789107159509171
656,4.8889159632356805
657,4.16114525670756
658,3.334680572758489
659,3.334680572758489
660,4.310042464298219
661,4.310042464298219
662,4.95943461247055
663,5.0
664,3.318498214370917
665,5.0
666,5.0
667,4.335740677988523
668,4.335740677988523
669,4.613689780325049
670,4.613689780325049
671,4.803131874914434
672,4.745123563137309
673,4.533233320306856
674,3.3516408189180096
675,5.0
676,4.318113197497945
677,4.318113197497945
678,4.626879646783548
679,5.0
680,5.0
681,3.9282311270317662
682,1.5577842494734373
683,1.5577842494734373
684,5.0
685,3.006963246687025
686,4.742471638138333
687,4.809636383636024
688,2.23349390741647
689,5.000000000000001
690,5.000000000000001
691,4.935687793596954
692,3.0
693,3.0
694,3.0
695,4.834950555826548
696,3.3664775792201804
697,3.3664775792201804
698,1.941273466333291
699,4.673727821936776
700,5.0
701,5.0
702,5.0
703,3.900891918665563
704,3.900891918665563
705,5.0
706,3.530710533219903
707,3.530710533219903
708,2.895146363874623
709,2.895146363874623
710,4.2918449595485395
711,4.74380111333059
712,4.804797844716219
713,2.0
714,2.0
715,4.743943857071147
716,2.5
717,4.6678041808988
718,4.6678041808988
719,5.000000000000001
720,4.23264128317393
721,4.213540520405787
722,4.213540520405787
723,4.468803516963429
724,3.3610456854526425
725,3.3610456854526425
726,4.267173556583174
727,4.267173556583174
728,3.097036817495342
729,3.097036817495342
730,4.1024880928494145
731,5.0
732,5.0
733,4.79580973163121
734,3.772505272350371
735,3.391147958875904
736,4.565090545780486
737,4.565090545780486
738,2.0
739,5.0
740,4.714868777319959
741,4.714868777319959
742,4.848215516802582
743,4.848215516802582
744,2.5
745,3.0
746,3.0
747,4.430545152944438
748,4.16995632811307
749,4.0
750,4.0
751,4.135355144052428
752,4.344379971174998
753,4.344379971174998
754,5.000000000000001
755,1.9831410861182084
756,1.9831410861182084
757,4.124593107066469
758,4.331002722439411
759,4.640490813895329
760,4.640490813895329
761,4.843238157569387
762,4.2416376601593475
763,4.020288622171294
764,4.020288622171294
765,3.912136164981978
766,3.912136164981978
767,4.721343221935368
768,4.252130758996481
769,4.999999999999999
770,4.999999999999999
771,5.0
772,3.5441514814291852
773,3.5441514814291852
774,3.9630793690409107
775,3.9630793690409107
776,4.772342954112308
777,4.105289243706247
778,3.4568420489949894
779,4.0799933872911485
780,4.0799933872911485
781,4.7996680520067345
782,5.0
783,5.0
784,4.4243120682415835
785,4.4243120682415835
786,3.0000000000000004
787,3.3906235210262192
788,3.3906235210262192
789,5.0
790,5.0
791,4.570327550347111
792,4.570327550347111
793,4.399909682293021
794,4.1332157043943205
795,5.0
796,5.0
797,4.372794125703227
798,4.372794125703227
799,4.527324838622256
800,4.527324838622256
801,4.385525956074447
802,4.385525956074447
803,4.937000697301459
804,4.699953372713907
805,3.765085134929341
806,4.293256927394513
807,4.356007823208312
808,4.509780174763686
809,3.874648327723127
810,3.874648327723127
811,5.0
812,5.000000000000001
813,4.418480880376537
814,4.594103911564234
815,4.0
816,4.811932940343278
817,4.84162589694329
818,4.84162589694329
819,3.806850999276789
820,3.806850999276789
821,5.0
822,5.0
823,3.881904078450924
824,3.881904078450924
825,5.0
826,5.0
827,3.9418640585884064
828,4.868627431765563
829,4.35444146748792
830,4.35444146748792
831,5.0
832,4.1449550918773275
833,4.284045759274817
834,4.438976720808288
835,4.438976720808288
836,4.119832170430998
837,4.119832170430998
838,4.492261890287968
839,4.5657591273918765
840,4.5657591273918765
841,4.829121998719083
842,4.664304844246099
843,5.0
844,4.060410950731028
845,4.999999999999999
846,3.674635059011578
847,4.844042186546557
848,4.215275936521282
849,4.215275936521282
850,4.806067973322237
851,3.449690340973239
852,5.0
853,4.178459587514082
854,4.178459587514082
855,4.7153560321854116
856,5.0
857,5.0
858,4.718071731222975
859,3.8794822142661354
860,3.8794822142661354
861,5.000000000000001
862,2.5
863,5.0
864,5.0
865,4.413637933684829
866,2.0557155618963048
867,4.559755916052104
868,4.559755916052104
869,4.057277728243111
870,3.351501799305215
871,3.351501799305215
872,4.338584057698826
873,4.938877513692231
874,3.669521232783642
875,3.669521232783642
876,3.819868610677337
877,3.819868610677337
878,4.382198215161852
879,4.382198215161852
880,3.1132204527360603
881,3.7467283310964
882,3.7467283310964
883,4.528278531489296
884,5.0
885,4.286838203855246
886,4.286838203855246
887,5.000000000000001
888,4.748611959920678
889,5.0
890,5.0
891,4.273373745623594
892,4.273373745623594
893,3.3704735324628166
894,3.0
895,4.999999999999999
896,4.658330730757079
897,4.658330730757079
898,3.0
899,4.159249107185459
900,5.0
901,4.0283109143869735
902,2.3308148951838175
903,4.166149934631386
904,4.166149934631386
905,4.082713250459886
906,4.082713250459886
907,4.488974237200174
908,4.727343166355748
909,4.727343166355748
910,4.106365699773678
911,4.742162696547062
912,3.8537903029871963
913,3.8537903029871963
914,5.0
915,5.0
916,5.0
917,3.499974237831658
918,3.499974237831658
919,5.0
920,4.30374616922487
921,3.0
922,4.257565380112771
923,4.26145497773583
924,4.26145497773583
925,4.5056085662024365
926,5.0
927,4.069219919347689
928,4.83954608457237
929,4.548895512815307
930,1.8218624745318905
931,4.584600369844263
932,4.584600369844263
933,5.0
934,5.0
935,5.0
936,3.0000000000000004
937,3.2584652938946035
938,5.000000000000001
939,5.000000000000001
940,3.013747420482648
941,3.013747420482648
942,5.0
943,4.0
944,4.4412265232096875
945,4.360243593172261
946,1.733010494315905
947,1.733010494315905
948,4.022310176720251
949,4.022310176720251
950,4.385282662632622
951,3.2237282723808813
952,3.787777837547049
953,3.787777837547049
954,5.0
955,2.5
956,4.121155636738225
957,4.121155636738225
958,4.828110654661106
959,4.684686186308127
960,3.994005086328629
961,3.994005086328629
962,4.923013575605954
963,4.764066272820646
964,4.764066272820646
965,5.0
966,4.0
967,5.0
968,5.0
969,4.590622967976395
970,4.101654590580592
971,4.101654590580592
972,4.2673114807877415
973,4.374175351974499
974,3.924630677828239
975,3.924630677828239
976,4.518471079189719
977,4.518471079189719
978,2.842034573057691
979,2.842034573057691
980,4.781340536518634
981,3.740242498422014
982,3.886885527142059
983,5.0
984,4.999999999999999
985,4.893911703556332
986,5.0
987,4.403692015597957
988,2.5
989,5.0
990,3.829375024457809
991,3.829375024457809
992,5.0
993,5.0
994,4.872143056837951
995,4.872143056837951
996,3.167854166912452
997,4.40615366865932
998,4.40615366865932
999,5.0
1000,5.0
1001,3.150768936815614
1002,4.471238822967246
1003,4.5065954145027876
1004,4.7561250978649925
1005,5.0
1006,4.0
1007,2.472252129632111
1008,2.472252129632111
1009,1.0
1010,1.0
1011,4.738342731530414
1012,4.368173843672595
1013,4.368173843672595
1014,4.61995777640776
1015,4.7729102338371545
1016,4.906482391435674
1017,4.0
1018,4.513975200447665
1019,4.513975200447665
1020,2.2898271819250873
1021,5.000000000000001
1022,5.0
1023,5.0
1024,5.000000000000001
1025,4.672672432046019
1026,4.672672432046019
1027,4.607365088894435
1028,4.162817686508357
1029,4.177100084302114
1030,4.512885551010434
1031,4.999999999999999
1032,4.37932310329782
1033,4.665776727055797
1034,3.0
1035,4.458294479805921
1036,4.458294479805921
1037,4.187504290515799
1038,5.0
1039,4.157981857187374
1040,4.677572431796162
1041,4.677572431796162
1042,4.999999999999999
1043,5.0
1044,5.0
1045,4.151712745278087
1046,4.151712745278087
1047,4.569916634604556
1048,4.7866665037793075
1049,4.7866665037793075
1050,5.0
1051,1.5106850088989252
1052,1.5106850088989252
1053,4.970350813399819
1054,4.671008893286755
1055,4.671008893286755
1056,4.963798101230543
1057,4.673167137828333
1058,5.0
1059,4.767796872649787
1060,4.767796872649787
1061,4.756507575973476
1062,5.0
1063,3.8790480226174746
1064,3.8790480226174746
1065,4.1074752950979
1066,4.1074752950979
1067,4.406229050098032
1068,4.753244044901854
1069,2.970849997733551
1070,4.697368102761906
1071,4.46893320163991
1072,3.8517288423928795
1073,3.8517288423928795
1074,3.706762343504609
1075,3.706762343504609
1076,5.0
1077,4.476479041021901
1078,5.0
1079,4.76567061218988
1080,5.0
1081,4.434494870943234
1082,4.500533395087325
1083,4.831918880044209
1084,2.771836390277546
1085,4.999999999999999
1086,4.173617399062141
1087,5.0
1088,4.962040376836638
1089,4.962040376836638
1090,3.688105994028336
1091,3.688105994028336
1092,4.075819868021893
1093,4.075819868021893
1094,5.0
1095,4.160600320180268
1096,4.160600320180268
1097,3.6016951323692443
1098,4.692040959051935
1099,4.692040959051935
1100,4.69183237022978
1101,2.8226169171283058
1102,4.751628190843307
1103,4.751628190843307
1104,5.0
1105,5.0
1106,3.0
1107,4.805613749580273
1108,5.0
1109,4.813117058353117
1110,4.806849091382757
1111,4.806849091382757
1112,4.96599148339555
1113,4.925060357726654
1114,4.925060357726654
1115,4.986225612779406
1116,4.986225612779406
1117,4.527079355515935
1118,4.789564578170603
1119,5.0
1120,5.0
1121,4.757885224072039
1122,5.0
1123,4.346479666756787
1124,4.346479666756787
1125,4.910558267763434
1126,4.39531245022806
1127,5.0
1128,4.521916492892146
1129,4.521916492892146
1130,5.0
1131,5.0
1132,4.999999999999999
1133,4.554496755435488
1134,4.455778395287512
1135,5.000000000000001
1136,3.7832968511093643
1137,3.7832968511093643
1138,1.0
1139,1.0
1140,2.5
1141,2.7174011632033888
1142,2.7174011632033888
1143,4.623629960489309
1144,4.277244370839484
1145,5.0
1146,4.999999999999999
1147,4.999999999999999
1148,4.873741806179046
1149,4.873741806179046
1150,4.999999999999999
1151,5.0
1152,4.3476755065167865
1153,4.649565276678181
1154,3.176189918199214
1155,4.0
1156,4.0
1157,3.284357807869613
1158,3.284357807869613
1159,5.0
1160,4.567615373231171
1161,5.0
1162,4.215649313866171
1163,4.157717644408367
1164,5.0
1165,4.7004052831492125
1166,4.900430828806935
1167,2.8418741962810734
1168,4.55384633120702
1169,4.209170440591512
1170,4.32611650629965
1171,3.734029414843155
1172,3.734029414843155
1173,4.696651717792858
1174,4.999999999999999
1175,4.4243528638624205
1176,4.0
1177,4.444350124845818
1178,2.6691031447323734
1179,2.6691031447323734
1180,5.000000000000001
1181,5.0
1182,4.057436128096359
1183,5.0
1184,5.0
1185,5.0
1186,4.022389655542126
1187,4.0233576281530645
1188,3.0
1189,2.173389376950733
1190,2.173389376950733
1191,4.5543604831767
1192,4.61137555632542
1193,4.61137555632542
1194,2.5
1195,4.683598143753173
1196,4.544755490861616
1197,4.418167498418121
1198,4.418167498418121
1199,4.485916614513394
1200,4.980029441669468
1201,2.5
1202,5.0
1203,5.0
1204,4.2833496807693985
1205,4.2833496807693985
1206,3.8969476748079472
1207,5.000000000000001
1208,4.86149213448937
1209,4.86149213448937
1210,4.0
1211,4.081213542085205
1212,3.8690690368964797
1213,4.676596676493805
1214,3.966970710423879
1215,5.0
1216,5.0
1217,2.5
1218,3.406586478431336
1219,3.406586478431336
1220,2.5
1221,4.227763537352367
1222,4.999999999999999
1223,3.6635100070644797
1224,3.951720185063462
1225,3.951720185063462
1226,4.669502679541197
1227,3.922930274687352
1228,3.922930274687352
1229,4.463671944603731
1230,4.463671944603731
1231,5.0
1232,4.452908323290907
1233,4.452908323290907
1234,4.0
1235,2.8020019804513825
1236,2.8020019804513825
1237,5.0
1238,4.096630711472041
1239,4.096630711472041
1240,4.709998875403439
1241,5.0
1242,2.344927325667561
1243,2.344927325667561
1244,3.2583914525819067
1245,3.2583914525819067
1246,5.0
1247,4.424607358900375
1248,4.424607358900375
1249,4.0
1250,3.052561766609264
1251,4.675930023188577
1252,4.675930023188577
1253,3.523193810974673
1254,4.358672334236923
1255,3.8996383419479166
1256,3.579624553592729
1257,3.7359613875187447
1258,3.7359613875187447
1259,3.0000000000000004
1260,3.0000000000000004
1261,4.62301044235177
1262,4.6013481231875195
1263,4.999999999999999
1264,5.0
1265,2.3996471131829598
1266,2.3996471131829598
1267,4.885867914097916
1268,4.885867914097916
1269,3.738873660778187
1270,4.713575673355344
1271,5.0
1272,5.0
1273,4.651632597280906
1274,3.9846257056896954
1275,4.704040643834593
1276,4.4939604107463476
1277,4.552399740852755
1278,5.0
1279,4.16369862758047
1280,4.30026349756723
1281,4.30026349756723
1282,4.112426798910813
1283,4.112426798910813
1284,3.3997673231748533
1285,3.3997673231748533
1286,4.654657004380078
1287,5.0
1288,4.310082171717162
1289,3.317325427028479
1290,4.53311415265147
1291,3.547500784808288
1292,4.248198681316205
1293,5.0
1294,5.0
1295,5.0
1296,4.972160591254134
1297,2.7309432401095193
1298,4.353143023566385
1299,4.353143023566385
1300,5.0
1301,4.536096980045677
1302,5.0
1303,2.360855256038178
1304,2.360855256038178
1305,4.748301609562539
1306,4.740649229027275
1307,5.0
1308,4.417697028739518
1309,4.226504804783404
1310,4.1907402195580445
1311,3.9645755303380534
1312,3.9645755303380534
1313,4.234650408310159
1314,4.600344823040401
1315,4.689547389857467
1316,4.077048983818781
1317,5.0
1318,5.0
1319,2.7815889713877833
1320,2.7815889713877833
1321,3.613935702315713
1322,4.288413451017438
1323,4.999999999999999
1324,4.501807090021944
1325,3.0
1326,5.0
1327,2.5
1328,2.5
1329,2.5031311116226447
1330,2.5031311116226447
1331,4.0
1332,3.6825360516244494
1333,3.6825360516244494
1334,4.690781500948118
1335,4.219205738012756
1336,4.219205738012756
1337,5.0
1338,3.7417592979592253
1339,4.0
1340,3.50626857320764
1341,5.0
1342,5.0
1343,3.643380662074829
1344,4.544747121492236
1345,4.223773370679061
1346,4.223773370679061
1347,4.999999999999999
1348,3.834438874487215
1349,3.834438874487215
1350,4.316240120226216
1351,5.0
1352,5.0
1353,5.0
1354,2.5
1355,4.635359538125377
1356,4.999999999999999
1357,4.0
1358,5.0
1359,4.048202044372961
1360,4.8211986327148235
1361,3.0
1362,5.0
1363,5.0
1364,5.0
1365,5.0
1366,3.1162482979781165
1367,3.1162482979781165
1368,4.999999999999999
1369,4.999999999999999
1370,4.911429492854179
1371,4.911429492854179
1372,1.0
1373,1.0
1374,4.948963706177155
1375,4.948963706177155
1376,4.388188923127028
1377,2.5
1378,3.8238676501897957
1379,5.0
1380,5.0
1381,4.0
1382,4.0
1383,4.331166214086056
1384,3.5576635881552745
1385,5.0
1386,4.750207525789778
1387,5.0
1388,5.0
1389,2.5
1390,5.0
1391,4.501307773363482
1392,4.764762422777526
1393,5.0
1394,4.454930492507767
1395,5.0
1396,5.000000000000001
1397,5.000000000000001
1398,4.069653138065259
1399,4.069653138065259
1400,2.5
1401,5.0
1402,4.193002360226063
1403,5.0
1404,5.0
1405,5.000000000000001
1406,4.602025454246601
1407,4.352287414230756
1408,5.000000000000001
1409,5.000000000000001
1410,5.0
1411,4.965707980136031
1412,5.0
1413,4.896950723457618
1414,4.29069641357655
1415,4.29069641357655
1416,4.726438494713556
1417,1.0
1418,1.0
1419,5.0
1420,5.0
1421,3.972820652592804
1422,4.175123394297721
1423,5.0
1424,5.0
1425,3.1263072458034564
1426,4.0
1427,4.0
1428,4.5075157798814205
1429,5.0
1430,4.614337576339953
1431,3.521892874366363
1432,3.521892874366363
1433,3.400304092958806
1434,3.400304092958806
1435,5.0
1436,2.152451537721628
1437,5.0
1438,4.095445152285415
1439,4.999999999999999
1440,4.999999999999999
1441,4.339648258983389
1442,4.0
1443,4.104685222046716
1444,4.104685222046716
1445,5.0
1446,5.0
1447,5.0
1448,4.771456182552526
1449,2.8632532295291906
1450,2.8632532295291906
1451,4.0
1452,5.0
1453,4.22887611256542
1454,4.355824042616965
1455,2.5
1456,4.830539476204888
1457,3.0
1458,3.389509024658582
1459,5.000000000000001
1460,5.000000000000001
1461,5.0
1462,5.000000000000001
1463,3.7408585351573618
1464,3.7408585351573618
1465,3.8767420413128426
1466,4.042338576906207
1467,4.042338576906207
1468,4.713579714943793
1469,4.8185222424158045
1470,4.330421523757709
1471,4.303720212093945
1472,4.162335362558896
1473,4.217643110959201
1474,5.000000000000001
1475,4.936654489272913
1476,5.0
1477,5.0
1478,5.0
1479,3.9621613592550338
1480,3.9621613592550338
1481,4.657227098077804
1482,3.0000000000000004
1483,3.0000000000000004
1484,5.0
1485,5.0
1486,2.5
1487,4.0
1488,2.5
1489,4.43747735492323
1490,5.0
1491,3.5102333345852217
1492,3.5102333345852217
1493,4.371177565520308
1494,5.0
1495,4.808133002489632
1496,5.0
1497,5.0
1498,4.402973238437339
1499,3.938690799341755
1500,4.394700856280544
1501,4.697926663691617
1502,4.791873245390939
1503,4.282677551584385
1504,4.282677551584385
1505,5.000000000000001
1506,2.7253321213556236
1507,4.519788844274028
1508,3.0
1509,5.0
1510,4.00393404183908
1511,4.022182180987531
1512,5.000000000000001
1513,3.8312570587213473
1514,5.0
1515,5.0
1516,2.5
1517,5.0
1518,5.0
1519,4.0
1520,3.4215674357196617
1521,4.6305584024467965
1522,4.6305584024467965
1523,4.0
1524,2.800610546211059
1525,2.800610546211059
1526,4.172139158771929
1527,5.0
1528,5.0
1529,4.0
1530,4.570877495395568
1531,2.5
1532,5.0
1533,4.234858817021356
1534,4.392669360192734
1535,4.392669360192734
1536,5.0
1537,4.558707924801632
1538,4.558707924801632
1539,4.379846752236952
1540,4.35239760018781
1541,4.999999999999999
1542,4.395000178369062
1543,5.0
1544,5.0
1545,4.0
1546,1.9147273042614656
1547,2.5
1548,2.0
1549,3.8554274110204623
1550,5.0
1551,1.5975185978886608
1552,1.5975185978886608
1553,3.2001808648736043
1554,4.772932076400125
1555,5.0
1556,4.264965479048267
1557,3.0
1558,5.0
1559,4.529110036525039
1560,4.808493300443563
1561,2.5
1562,4.123422090076608
1563,4.109231414148276
1564,4.698634218764411
1565,4.382840271989958
1566,5.0
1567,4.5451639116087375
1568,4.999999999999999
1569,3.718028491773647
1570,4.523386546264688
1571,4.0
1572,4.778297652081384
1573,4.778297652081384
1574,3.9674522754876893
1575,3.936263443312049
1576,3.936263443312049
1577,4.0
1578,3.776369186829907
1579,3.776369186829907
1580,3.6143133646695347
1581,3.6143133646695347
1582,4.293480519904968
1583,5.0
1584,3.7611951430871065
1585,4.999999999999999
1586,4.014113055571297
1587,4.208354081840259
1588,5.0
1589,5.0
1590,4.382239516991331
1591,4.999999999999999
1592,5.0
1593,4.641472967229784
1594,5.0
1595,4.769535301459768
1596,5.0
1597,5.0
1598,4.0
1599,5.0
1600,5.0
1601,5.0
1602,4.160953362945312
1603,5.0
1604,3.460187074466047
1605,3.2664314087886397
1606,5.0
1607,4.247176501219733
1608,4.360355768613837
1609,4.720640374453963
1610,3.0
1611,4.083401910263993
1612,4.083401910263993
1613,4.266953477762247
1614,4.369918888343855
1615,2.0
1616,5.0
1617,5.0
1618,4.046721523800572
1619,4.383663190289822
1620,4.248417591969528
1621,4.248417591969528
1622,4.317613493170079
1623,4.317613493170079
1624,4.506862519374008
1625,2.5
1626,4.611227499160544
1627,4.183617538408128
1628,4.999999999999999
1629,4.519227762374129
1630,5.0
1631,5.0
1632,4.0
1633,4.0
1634,4.0
1635,4.216227388192588
1636,5.0
1637,5.0
1638,4.603773793495573
1639,4.970554007954543
1640,4.7038001626877906
1641,4.813519257892733
1642,3.2947042329828538
1643,3.2947042329828538
1644,3.798918964483822
1645,3.5230708732209464
1646,4.326783866131852
1647,4.326783866131852
1648,5.0
1649,4.999999999999999
1650,4.0
1651,4.719178425484849
1652,4.461807615701949
1653,4.1332157043943205
1654,4.4726608990570105
1655,4.707950754508839
1656,4.552860499245276
1657,3.8285210684624786
1658,4.0
1659,4.637912829034495
1660,5.0
1661,5.0
1662,4.503698701398379
1663,4.503698701398379
1664,4.870442974281935
1665,4.314019175797185
1666,4.314019175797185
1667,3.782752411964411
1668,5.0
1669,3.0
1670,3.0
1671,4.5764340254085125
1672,4.689529810552412
1673,4.8894957039038855
1674,4.022540333891253
1675,4.022540333891253
1676,4.37696683893548
1677,5.000000000000001
1678,5.000000000000001
1679,5.0
1680,4.391920174720231
1681,4.0
1682,3.656154368035848
1683,3.656154368035848
1684,4.349242745516189
1685,4.0
1686,4.650451134126608
1687,4.650451134126608
1688,4.498130315697728
1689,4.195509571249924
1690,5.0
1691,4.107939911919421
1692,3.2940603835316433
1693,2.5
1694,4.0
1695,3.3212553713288173
1696,5.0
1697,5.0
1698,5.0
1699,2.5
1700,3.4941208135354547
1701,3.4941208135354547
1702,4.889169079462052
1703,4.889169079462052
1704,5.0
1705,2.5
1706,4.0
1707,2.5
1708,5.0
1709,5.0
1710,5.0
1711,5.0
1712,4.801952201152987
1713,4.801952201152987
1714,2.5
1715,4.249902930609757
1716,4.28939727519472
1717,4.28939727519472
1718,4.0
1719,4.0
1720,4.0
1721,4.444968110807405
1722,3.577405807612487
1723,3.577405807612487
1724,4.712320862793396
1725,5.0
1726,4.361008547546293
1727,4.361008547546293
1728,4.8904601276556985
1729,5.0
1730,5.0
1731,5.0
1732,4.1485453544259565
1733,4.381547836341384
1734,5.0
1735,3.907877860040882
1736,2.5
1737,4.0
1738,4.999999999999999
1739,4.0
1740,4.406019529260844
1741,4.934585387264728
1742,4.934585387264728
1743,5.0
1744,3.827161478503915
1745,4.7638161577497105
1746,4.182567923258392
1747,4.176082120827115
1748,4.176082120827115
1749,4.767725498046106
1750,2.534978283563151
1751,2.534978283563151
1752,2.132332787557824
1753,2.132332787557824
1754,5.0
1755,4.244488759769466
1756,4.999999999999999
1757,4.999999999999999
1758,3.6346508540569586
1759,5.0
1760,4.714671513531474
1761,4.714671513531474
1762,5.0
1763,4.0
1764,3.9865390928562197
1765,3.176148743264419
1766,3.176148743264419
1767,4.999999999999999
1768,5.0
1769,5.0
1770,4.552588774584136
1771,5.0
1772,4.0
1773,4.484978380410109
1774,2.5
1775,4.999999999999999
1776,4.379227853837946
1777,4.379227853837946
1778,4.695300053452908
1779,5.0
1780,4.0
1781,1.0
1782,4.190238401733075
1783,4.786477170124455
1784,4.786477170124455
1785,5.0
1786,4.680598481695909
1787,4.440275025793883
1788,3.0
1789,4.0
1790,5.0
1791,4.999999999999999
1792,5.0
1793,5.0
1794,4.412260901167451
1795,4.0
1796,4.0
1797,5.0
1798,4.167985684445771
1799,4.852034297552709
1800,4.0
1801,5.0
1802,5.0
1803,5.0
1804,4.05756577319445
1805,5.0
1806,5.0
1807,4.462525907040187
1808,4.0
1809,4.125577091301154
1810,4.125577091301154
1811,5.000000000000001
1812,4.292122774463085
1813,5.000000000000001
1814,2.5
1815,4.435040225729872
1816,5.0
1817,5.0
1818,4.635331808145135
1819,4.435659201099053
1820,4.369265807653394
1821,3.0
1822,5.0
1823,5.0
1824,2.427369788014374
1825,2.427369788014374
1826,3.427963599531047
1827,3.427963599531047
1828,3.816636088637697
1829,3.643804359620305
1830,3.643804359620305
1831,5.000000000000001
1832,5.000000000000001
1833,5.0
1834,5.0
1835,4.356338823543974
1836,5.0
1837,4.0
1838,4.0
1839,4.999999999999999
1840,4.34086232640447
1841,4.683087110510775
1842,4.386055472229377
1843,5.0
1844,4.0
1845,3.2543645759156763
1846,5.000000000000001
1847,5.000000000000001
1848,2.630717783934416
1849,5.0
1850,5.0
1851,3.0200193988748194
1852,3.0200193988748194
1853,4.0
1854,4.363074695027426
1855,5.000000000000001
1856,4.141768839674725
1857,4.699108568754314
1858,4.699108568754314
1859,4.0
1860,4.0
1861,4.672922827111988
1862,4.008992125898793
1863,3.4038071986214673
1864,3.4038071986214673
1865,4.840661318364481
1866,5.0
1867,5.0
1868,5.0
1869,4.0
1870,5.0
1871,4.0
1872,5.0
1873,2.5
1874,5.0
1875,3.041065711854727
1876,3.041065711854727
1877,4.31474341386219
1878,4.547590427153875
1879,4.547590427153875
1880,5.0
1881,4.257284533003643
1882,5.0
1883,3.1942663226231542
1884,3.1942663226231542
1885,4.489803871698668
1886,4.833341507044314
1887,4.886248101884463
1888,5.0
1889,4.0
1890,5.0
1891,4.999999999999999
1892,5.0
1893,5.0
1894,4.837270547693299
1895,3.7587754665343316
1896,5.0
1897,5.0
1898,5.0
1899,4.350966014068888
1900,3.491419340078934
1901,5.0
1902,4.1110044740394684
1903,4.1110044740394684
1904,5.0
1905,5.0
1906,4.526366334676954
1907,5.0
1908,4.0
1909,4.0
1910,5.0
1911,5.0
1912,4.076212175880207
1913,2.5896840072358556
1914,5.0
1915,5.0
1916,3.6021009681343767
1917,3.6021009681343767
1918,4.0
1919,5.0
1920,5.0
1921,5.0
1922,2.5
1923,1.0100518608469606
1924,4.0
1925,5.0
1926,4.0
1927,4.0
1928,4.0
1929,4.0
1930,3.0
1931,5.0
1932,5.0
1933,5.0
1934,4.6449561865971125
1935,5.0
1936,5.0
1937,4.732561606213184
1938,4.0
1939,5.0
1940,2.5
1941,5.0
1942,5.0
1943,3.08013511966873
1944,3.08013511966873
1945,4.364364651360621
1946,4.131513267587393
1947,4.131513267587393
1948,2.5
1949,2.5
1950,4.999999999999999
1951,3.8196696857438064
1952,3.8196696857438064
1953,4.762434570686038
1954,2.0
1955,2.0
1956,3.7033454706564775
1957,5.0
1958,3.4697176340427127
1959,4.096231964927382
1960,4.096231964927382
1961,5.0
1962,4.334362097894212
1963,5.0
1964,5.0
1965,5.0
1966,4.98165530427066
1967,5.0
1968,2.5
1969,4.60004023481896
1970,4.226753175185339
1971,4.226753175185339
1972,5.0
1973,4.999999999999999
1974,5.0
1975,5.0
1976,4.936028942777482
1977,4.105926336039973
1978,5.0
1979,5.0
1980,5.000000000000001
1981,5.000000000000001
1982,5.0
1983,5.0
1984,5.0
1985,3.98004914106582
1986,4.489818652074668
1987,4.098455264886316
1988,4.0
1989,4.556052033784428
1990,4.939652361177068
1991,5.0
1992,3.338565488951772
1993,4.557363855384933
1994,4.774823194860574
1995,4.774823194860574
1996,4.0
1997,4.471752493508696
1998,5.0
1999,5.0
2000,4.494196876172748
2001,1.0
2002,2.4173988441983707
2003,4.6708212784015934
2004,5.0
2005,5.0
2006,5.000000000000001
2007,3.0
2008,5.0
2009,3.8357805143348567
2010,4.114514313851691
2011,4.114514313851691
2012,3.170555068967119
2013,5.0
2014,4.65440767927279
2015,2.9104482344882654
2016,2.9104482344882654
2017,4.0
2018,4.0
2019,4.7796918305517035
2020,3.763382085562514
2021,4.443052050805
2022,4.443052050805
2023,5.0
2024,4.843341174216541
2025,4.447996288328506
2026,3.4740353950360254
2027,1.0
2028,2.8752529929233077
2029,2.8752529929233077
2030,5.0
2031,4.515311674027004
2032,5.0
2033,5.0
2034,4.0
2035,5.0
2036,4.915910082468087
2037,5.0
2038,4.0
2039,5.0
2040,5.0
2041,5.0
2042,4.999999999999999
2043,4.503393773353966
2044,4.503393773353966
2045,4.204096623854884
2046,4.204096623854884
2047,4.0
2048,4.3286096884921985
2049,3.6201304579692746
2050,5.0
2051,4.53164198764262
2052,4.0
2053,4.195491210459772
2054,3.5707023266448
2055,3.5707023266448
2056,4.901738804114462
2057,5.0
2058,1.0
2059,4.430021716792197
2060,4.0
2061,4.198649270159265
2062,4.198649270159265
2063,4.999999999999999
2064,4.0
2065,2.5
2066,4.43480166576866
2067,4.0
2068,4.733061095765596
2069,3.874647860955854
2070,3.9438435767189266
2071,3.0
2072,3.6029994801888594
2073,4.710840712327913
2074,4.0
2075,4.670624787570167
2076,4.9247618933740025
2077,5.0
2078,5.0
2079,5.0
2080,4.40072155786178
2081,5.0
2082,5.0
2083,5.000000000000001
2084,3.824401191981959
2085,3.493330410016195
2086,5.0
2087,3.8302565484530167
2088,4.621688244344211
2089,4.6293757283808254
2090,4.673453448685811
2091,4.673453448685811
2092,1.0
2093,1.0
2094,4.679223799394188
2095,3.872537273112755
2096,2.9999999999999996
2097,4.0
2098,5.0
2099,4.383663190289822
2100,4.366182372203532
2101,4.366182372203532
2102,3.0
2103,4.13579949450002
2104,4.13579949450002
2105,5.0
2106,5.0
2107,5.0
2108,5.0
2109,4.390345373826991
2110,4.0
2111,4.0
2112,4.999999999999999
2113,4.430455713855582
2114,3.223603618559081
2115,3.0
2116,4.211436266347712
2117,5.0
2118,5.0
2119,4.0
2120,4.2403077113230205
2121,4.0
2122,4.0
2123,5.0
2124,4.936838138077577
2125,2.204362390303923
2126,4.85293737859434
2127,4.612381464498503
2128,4.710224521681108
2129,2.5
2130,5.0
2131,4.312702636279574
2132,5.0
2133,5.0
2134,5.0
2135,2.5
2136,3.7923622085998643
2137,3.7923622085998643
2138,4.54018548850681
2139,5.0
2140,4.895209269432769
2141,5.0
2142,3.0
2143,3.0
2144,5.000000000000001
2145,5.0
2146,2.5
2147,4.267072438447112
2148,4.722746961995741
2149,4.06460112099682
2150,4.849728003812361
2151,4.849728003812361
2152,4.791304000565663
2153,4.2013896791069865
2154,4.604641299597156
2155,5.0
2156,4.352151062465919
2157,5.0
2158,5.0
2159,4.084731087575349
2160,4.084731087575349
2161,4.0
2162,4.0
2163,2.5
2164,4.0
2165,4.407793221619227
2166,4.0
2167,4.0
2168,2.0
2169,5.0
2170,3.583727254287581
2171,3.583727254287581
2172,4.826972167098175
2173,5.0
2174,4.346806205269415
2175,4.346806205269415
2176,4.0
2177,5.0
2178,4.999999999999999
2179,5.0
2180,2.5
2181,3.0
2182,4.732499433698203
2183,3.0
2184,5.0
2185,4.220616989909011
2186,2.5
2187,5.0
2188,5.0
2189,3.2701592994640007
2190,5.0
2191,4.535487063581637
2192,4.535487063581637
2193,5.0
2194,5.0
2195,3.0
2196,5.0
2197,4.999999999999999
2198,4.999999999999999
2199,3.0
2200,3.6566478585713003
2201,5.0
2202,5.0
2203,3.175842840840394
2204,1.0
2205,1.0
2206,5.0
2207,5.0
2208,4.138292784582866
2209,4.148615977584624
2210,5.0
2211,5.0
2212,5.0
2213,5.0
2214,4.427568455440452
2215,5.0
2216,5.0
2217,4.0
2218,5.0
2219,4.0
2220,4.855927328168152
2221,5.0
2222,4.960067143965552
2223,5.0
2224,4.7062504822369675
2225,2.5
2226,4.0
2227,5.0
2228,4.551171443103995
2229,3.343333292914655
2230,4.39338945495321
2231,4.39338945495321
2232,5.0
2233,4.223886788407587
2234,4.223886788407587
2235,3.9028456490209305
2236,4.0
2237,4.0
2238,5.0
2239,5.0
2240,5.0
2241,5.0
2242,4.083039593426803
2243,1.0
2244,5.0
2245,5.0
2246,5.0
2247,5.000000000000001
2248,5.0
2249,4.527282702823947
2250,5.0
2251,4.0
2252,4.0
2253,5.0
2254,5.0
2255,4.6934808170046995
2256,1.4429970410788997
2257,4.382241069674305
2258,4.891494695522815
2259,4.999999999999999
2260,5.0
2261,5.0
2262,4.014940843106062
2263,4.014940843106062
2264,4.059339121530244
2265,4.248258130120956
2266,5.0
2267,5.0
2268,5.0
2269,4.0
2270,4.59025844705825
2271,4.082481163397054
2272,5.0
2273,4.556256455151066
2274,4.177747953657019
2275,4.886295741862087
2276,5.0
2277,5.0
2278,2.5
2279,4.351788795012125
2280,4.351788795012125
2281,5.0
2282,1.0
2283,5.0
2284,5.0
2285,5.0
2286,2.5
2287,4.0
2288,2.3962644974112783
2289,4.377623450523566
2290,5.0
2291,5.0
2292,5.0
2293,2.5
2294,5.0
2295,4.57911720332196
2296,5.0
2297,5.000000000000001
2298,3.798911809982116
2299,3.787852470078975
2300,4.903704958504947
2301,3.6013392749449022
2302,4.0
2303,2.9999999999999996
2304,5.0
2305,5.0
2306,5.0
2307,4.066725050062563
2308,5.0
2309,5.0
2310,4.515261566035562
2311,5.0
2312,2.0
2313,4.7916030089987975
2314,2.5
2315,5.0
2316,5.0
2317,4.0
2318,4.0
2319,4.999999999999999
2320,4.999999999999999
2321,5.0
2322,4.0
2323,4.999999999999999
2324,3.0
2325,5.0
2326,4.221007977914259
2327,2.5
2328,5.0
2329,2.5
2330,2.5
2331,4.0
2332,4.0
2333,5.0
2334,5.0
2335,5.0
2336,5.0
2337,5.0
2338,4.999999999999999
2339,5.0
2340,5.0
2341,5.0
2342,5.0
2343,5.0
2344,4.487853443723367
2345,2.5
2346,4.0443225477337865
2347,2.5
2348,5.000000000000001
2349,5.0
2350,4.0
2351,4.325971763018843
2352,5.0
2353,3.845695306005163
2354,4.423874579486043
2355,4.423874579486043
2356,2.0
2357,5.0
2358,4.0614389402103885
2359,4.0614389402103885
2360,5.0
2361,5.0
2362,5.0
2363,5.0
2364,3.0
2365,3.0
2366,4.0
2367,2.5
2368,3.1563960155667106
2369,5.0
2370,2.0
2371,2.0
2372,1.0
2373,5.000000000000001
2374,4.815565897171486
2375,4.815565897171486
2376,4.0
2377,4.0
2378,4.028240713791273
2379,3.7109670585473054
2380,5.0
2381,3.881259372728968
2382,3.4617320677537267
2383,3.4617320677537267
2384,4.408538161073548
2385,4.0
2386,4.0
2387,1.766317945735493
2388,5.0
2389,5.0
2390,4.0
2391,5.0
2392,4.0
2393,4.792686066303066
2394,4.999999999999999
2395,5.0
2396,5.0
2397,5.0
2398,5.0
2399,4.873652840238291
2400,5.0
2401,4.69646505242308
2402,5.0
2403,5.0
2404,4.317460357403587
2405,5.0
2406,5.0
2407,5.0
2408,5.0
2409,4.0
2410,4.0
2411,4.0
2412,4.439233967495608
2413,4.197491130250053
2414,4.197491130250053
2415,4.52656563986627
2416,3.7167774228233528
2417,4.858571804909378
2418,5.0
2419,5.0
2420,5.0
2421,3.0
2422,5.0
2423,5.0
2424,4.173609900864305
2425,2.5
2426,3.7224266825397025
2427,4.0
2428,5.0
2429,5.0
2430,5.0
2431,4.5075157798814205
2432,4.999999999999999
2433,2.5
2434,2.5
2435,4.631015479253829
2436,4.631015479253829
2437,4.999999999999999
2438,4.65053393407705
2439,4.866068366418911
2440,5.0
2441,4.0
2442,2.9100130923810084
2443,2.9100130923810084
2444,5.0
2445,5.000000000000001
2446,5.0
2447,4.808650174369872
2448,2.5
2449,2.5
2450,4.4889843051328775
2451,4.279174815871992
2452,4.0
2453,5.0
2454,1.9998108738671054
2455,5.0
2456,5.0
2457,3.0
2458,3.0
2459,5.0
2460,5.0
2461,4.51650285973766
2462,2.5
2463,2.5
2464,4.420375446407271
2465,3.0
2466,3.0
2467,5.0
2468,3.751683518301498
2469,4.176769649515438
2470,5.0
2471,5.0
2472,4.524172939523255
2473,4.524172939523255
2474,4.573131071072431
2475,4.0
2476,3.0
2477,5.0
2478,3.0
2479,3.0
2480,4.0
2481,5.0
2482,5.000000000000001
2483,4.611037111088523
2484,4.6739235463692115
2485,4.6739235463692115
2486,3.0
2487,4.453678823618738
2488,3.81613624048738
2489,4.093050460011996
2490,5.0
2491,5.0
2492,5.0
2493,5.0
2494,2.5
2495,4.788900883660023
2496,4.539580574648769
2497,5.0
2498,5.0
2499,3.666318727566668
2500,3.666318727566668
2501,4.0
2502,4.2153193326686935
2503,3.669825355608597
2504,4.999999999999999
2505,4.820160291274843
2506,4.0
2507,4.0
2508,4.0
2509,5.0
2510,5.0
2511,4.0
2512,2.5
2513,5.0
2514,5.0
2515,4.234650408310159
2516,2.5
2517,2.5
2518,3.380332030203133
2519,2.5
2520,2.5
2521,5.000000000000001
2522,4.0
2523,4.69184352236895
2524,4.999999999999999
2525,3.0
2526,5.0
2527,5.0
2528,4.280815957429851
2529,3.2798470228014738
2530,2.3628860210787814
2531,2.3628860210787814
2532,2.5
2533,5.0
2534,4.497447909445142
2535,3.893839001636775
2536,5.0
2537,4.999999999999999
2538,4.999999999999999
2539,5.0
2540,5.0
2541,4.784857820727819
2542,4.784857820727819
2543,5.0
2544,3.0
2545,2.5
2546,5.0
2547,2.5
2548,4.6866472316470675
2549,3.0
2550,5.0
2551,4.0
2552,2.5
2553,5.0
2554,2.5
2555,4.0
2556,5.0
2557,5.0
2558,5.0
2559,2.5
2560,3.3712815838247705
2561,4.999999999999999
2562,3.930212698325631
2563,5.0
2564,5.0
2565,5.0
2566,5.0
2567,4.387594276797613
2568,5.0
2569,4.424578798438054
2570,5.0
2571,4.616336809710178
2572,5.0
2573,3.0
2574,3.0
2575,4.0
2576,4.4314745220293394
2577,4.2416376601593475
2578,4.0
2579,5.0
2580,4.488843199762461
2581,3.9288835182491426
2582,5.0
2583,5.0
2584,4.222682127004991
2585,5.0
2586,4.0
2587,5.0
2588,5.0
2589,2.5
2590,4.0
2591,1.0211378566645442
2592,4.0
2593,4.6184870391861255
2594,2.5
2595,3.7010080163631907
2596,3.7010080163631907
2597,2.5
2598,3.577405807612487
2599,5.0
2600,4.0
2601,4.0
2602,1.6966249314376265
2603,5.0
2604,5.0
2605,5.0
2606,5.0
2607,5.0
2608,3.0
2609,4.0
2610,4.0
2611,5.0
2612,5.0
2613,5.0
2614,5.0
2615,5.0
2616,4.575146091004725
2617,5.0
2618,2.5
2619,5.0
2620,5.0
2621,4.507501018591411
2622,5.0
2623,5.0
2624,5.0
2625,5.0
2626,4.48390682055591
2627,4.405214992561816
2628,4.507346761156032
2629,5.0
2630,5.0
2631,2.2614790990704536
2632,2.2614790990704536
2633,5.0
2634,5.0
2635,2.5
2636,2.3996471131829598
2637,5.0
2638,5.0
2639,5.0
2640,5.0
2641,4.791617518481447
2642,4.685741866763671
2643,5.0
2644,4.0
2645,4.0
2646,4.0
2647,4.49431131907415
2648,2.5
2649,4.812243864411213
2650,2.5
2651,2.5
2652,5.0
2653,5.0
2654,5.0
2655,4.806571285791746
2656,4.806571285791746
2657,5.0
2658,2.0
2659,4.0
2660,5.0
2661,4.0
2662,4.0
2663,2.5
2664,2.5
2665,2.0
2666,5.0
2667,5.0
2668,4.0
2669,4.190238401733075
2670,5.0
2671,2.5
2672,3.0
2673,5.0
2674,5.0
2675,2.5
2676,2.5
2677,4.999999999999999
2678,1.0
2679,4.85136901750744
2680,5.0
2681,4.725029509309785
2682,2.0
2683,5.0
2684,5.0
2685,5.0
2686,2.5
2687,5.0
2688,5.0
2689,4.159249107185459
2690,4.0
2691,4.0
2692,4.294218685380092
2693,4.0
2694,4.0
2695,4.0
2696,1.9034930074629977
2697,2.5
2698,2.0
2699,2.0
2700,2.5
2701,4.0
2702,4.0
2703,5.0
2704,4.999999999999999
2705,5.0
2706,4.771327464609397
2707,4.448241559300518
2708,5.0
2709,5.0
2710,3.6713205031934315
2711,5.0
2712,5.0
2713,4.935827211939302
2714,3.424078343938709
2715,3.424078343938709
2716,5.0
2717,5.0
2718,4.0
2719,4.0
2720,5.0
2721,2.5
2722,5.0
2723,5.0
2724,5.0
2725,5.0
2726,4.233032265948505
2727,5.0
2728,2.0
2729,3.0
2730,3.0
2731,4.999999999999999
2732,2.5
2733,4.0
2734,5.0
2735,5.0
2736,2.5
2737,5.0
2738,4.1024880928494145
2739,4.5350260911310105
2740,5.0
2741,5.0
2742,5.0
2743,4.44711339831349
2744,4.649122623520649
2745,5.0
2746,4.0
2747,4.0
2748,4.41220059599098
2749,4.0
2750,4.611227499160544
2751,4.611227499160544
2752,5.0
2753,4.999999999999999
2754,4.999999999999999
2755,5.0
2756,4.09484151555224
2757,2.5
2758,4.0
2759,5.0
2760,1.3876737005869333
2761,5.0
2762,5.0
2763,2.5
2764,5.0
2765,2.5
2766,4.999999999999999
2767,5.0
2768,4.0
2769,5.0
2770,4.0
2771,4.0
2772,5.0
2773,4.752172451200598
2774,4.0
2775,2.5
2776,5.0
2777,4.0
2778,4.617868856706745
2779,5.0
2780,4.0
2781,4.456102677627638
2782,4.0
2783,5.0
2784,4.0
2785,5.0
2786,5.0
2787,5.0
2788,2.5
2789,3.0
2790,2.5
2791,2.5
2792,5.0
2793,5.0
2794,2.5
2795,4.550287038078305
2796,4.999999999999999
2797,5.0
2798,1.0
2799,1.0
2800,1.0
2801,5.0
2802,1.0
2803,4.0
2804,4.0
2805,5.0
2806,2.5
2807,5.0
2808,5.0
2809,4.0
2810,4.0
2811,4.517940639707339
2812,5.0
2813,5.0
2814,5.0
2815,5.0
2816,5.0
2817,5.0
2818,5.0
2819,5.0
2820,5.0
2821,4.072839798102704
2822,5.0
2823,5.0
2824,5.0
2825,5.0
2826,5.0
2827,2.5
2828,2.5
2829,5.0
2830,4.0
2831,5.0
2832,5.0
2833,5.0
2834,5.0
2835,2.5
2836,4.0
2837,4.587690072534416
2838,5.0
2839,4.0
2840,5.0
2841,5.0
2842,2.5
2843,5.0
2844,4.0
2845,2.5
2846,5.0
2847,4.0
2848,5.0
2849,4.0
2850,5.0
2851,2.5
2852,5.0
2853,1.0
2854,1.0
2855,5.0
2856,1.0
2857,1.0
2858,4.999999999999999
2859,4.214651822935531
2860,5.0
2861,3.0
2862,3.0
2863,2.5
2864,2.5
2865,5.0
2866,2.5
2867,5.0
2868,5.0
2869,1.0
2870,3.8553889858073926
2871,5.0
2872,5.0
2873,5.0
2874,2.5
2875,5.0
2876,2.5
2877,5.0
2878,2.5
2879,4.182277460946707
2880,4.0
2881,4.0
2882,2.5
2883,4.0
2884,5.0
2885,5.0
2886,5.0
2887,4.306769707509543
2888,2.5
2889,4.798827723045923
2890,4.0
2891,5.0
2892,5.0
2893,5.0
2894,5.0
2895,5.0
2896,2.5
2897,4.156058857892727
2898,4.156058857892727
2899,3.0
2900,4.0
2901,5.0
2902,5.0
2903,2.5
2904,2.0
2905,2.5
2906,3.9290105797815853
2907,4.0
2908,5.0
2909,4.0
2910,5.0
2911,4.0
2912,5.0
2913,5.0
2914,2.5
2915,2.5
2916,5.0
2917,5.0
2918,5.0
2919,1.077428761715496
2920,4.5110827664755435
2921,3.1825039442833885
2922,5.0
2923,2.5
2924,2.5
2925,5.0
2926,4.411055127681215
2927,2.5
2928,3.335708333824904
2929,5.0
2930,2.5
2931,3.5576635881552745
2932,5.0
2933,5.0
2934,5.0
2935,5.0
2936,2.5
2937,4.117678093083393
2938,5.0
2939,2.5
2940,5.0
2941,5.0
2942,5.0
2943,5.0
2944,4.0
2945,5.0
2946,2.5
2947,4.0
2948,5.0
2949,5.0
2950,5.0
2951,5.0
2952,2.5
2953,5.0
2954,2.5
2955,2.343467766924092
2956,5.0
2957,5.0
2958,5.0
2959,5.0
2960,5.0
2961,4.0
2962,4.0
2963,5.0
2964,2.5
2965,5.0
2966,4.0
2967,5.0
2968,5.0
2969,4.0
2970,5.0
2971,5.0
2972,4.0
2973,2.5
2974,5.0
2975,5.0
2976,5.0
2977,2.5
2978,5.0
2979,5.0
2980,5.0
2981,2.5
2982,5.0
2983,5.0
2984,5.0
2985,5.0
2986,5.0
2987,2.0
2988,2.0
2989,5.0
2990,5.000000000000001
2991,5.0
2992,5.0
2993,5.0
2994,2.0
2995,4.0
2996,5.0
2997,5.0
2998,5.0
2999,5.0
3000,4.0
3001,5.0
3002,5.0
3003,2.5
3004,5.0
3005,2.5
3006,5.0
3007,5.0
3008,2.5
3009,5.0
3010,2.0
3011,2.0
3012,4.255144419612863
3013,5.0
3014,5.0
3015,4.0
3016,2.5
3017,2.5
3018,5.0
3019,2.5
3020,5.0
3021,5.0
3022,3.0
3023,4.0
3024,5.0
3025,5.0
3026,5.0
3027,2.5
3028,2.5
3029,4.0
3030,4.0
3031,2.5
3032,2.5
3033,2.5
3034,2.5
3035,2.5
3036,2.5
3037,2.5
3038,2.5
3039,2.5
3040,2.5
3041,2.5
3042,2.5
3043,2.5
3044,2.5
3045,2.5
3046,2.5
3047,2.5
3048,2.5
3049,2.5
3050,2.5
3051,2.5
3052,2.5
3053,2.5
3054,2.5
3055,2.5
3056,2.5
3057,2.5
3058,2.5
3059,2.5
3060,2.5
3061,2.5
3062,2.5
3063,2.5
3064,2.5
3065,2.5
3066,2.5
3067,2.5
3068,2.5
3069,2.5
3070,2.5
3071,2.5
3072,2.5
3073,2.5
3074,2.5
3075,2.5
3076,2.5
3077,2.5
3078,2.5
3079,2.5
3080,2.5
3081,2.5
3082,2.5
3083,2.5
3084,2.5
3085,2.5
3086,2.5
3087,2.5
3088,2.5
3089,2.5
3090,2.5
3091,2.5
3092,2.5
3093,2.5
3094,2.5
3095,2.5
3096,2.5
3097,2.5
3098,2.5
3099,2.5
3100,2.5
3101,2.5
3102,2.5
3103,2.5
3104,2.5
3105,2.5
3106,2.5
3107,2.5
3108,2.5
3109,2.5
3110,2.5
3111,2.5
3112,2.5
3113,2.5
3114,2.5
3115,2.5
3116,2.5
3117,2.5
3118,2.5
3119,2.5
3120,2.5
3121,2.5
3122,2.5
3123,2.5
3124,2.5
3125,2.5
3126,2.5
3127,2.5
3128,2.5
3129,2.5
3130,2.5
3131,2.5
3132,2.5
3133,2.5
3134,2.5
3135,2.5
3136,2.5
3137,2.5
3138,2.5
3139,2.5
3140,2.5
3141,2.5
3142,2.5
3143,2.5
3144,2.5
3145,2.5
3146,2.5
3147,2.5
3148,2.5
3149,2.5
3150,2.5
3151,2.5
3152,2.5
3153,2.5
3154,2.5
3155,2.5
3156,2.5
3157,2.5
3158,2.5
3159,2.5
3160,2.5
3161,2.5
3162,2.5
3163,2.5
3164,2.5
3165,2.5
3166,2.5
3167,2.5
3168,2.5
3169,2.5
3170,2.5
3171,2.5
3172,2.5
3173,2.5
3174,2.5
3175,2.5
3176,2.5
3177,2.5
3178,2.5
3179,2.5
3180,2.5
3181,2.5
3182,2.5
3183,2.5
3184,2.5
3185,2.5
3186,2.5
3187,2.5
3188,2.5
3189,2.5
3190,2.5
3191,2.5
3192,2.5
3193,2.5
3194,2.5
3195,2.5
3196,2.5
3197,2.5
3198,2.5
3199,2.5
3200,2.5
3201,2.5
3202,2.5
3203,2.5
3204,2.5
3205,2.5
3206,2.5
3207,2.5
3208,2.5
3209,2.5
3210,2.5
3211,2.5
3212,2.5
3213,2.5
3214,2.5
3215,2.5
3216,2.5
3217,2.5
3218,2.5
3219,2.5
3220,2.5
3221,2.5
3222,2.5
3223,2.5
3224,2.5
3225,2.5
3226,2.5
3227,2.5
3228,2.5
3229,2.5
3230,2.5
3231,2.5
3232,2.5
3233,2.5
3234,2.5
3235,2.5
3236,2.5
3237,2.5
3238,2.5
3239,2.5
3240,2.5
3241,2.5
3242,2.5
3243,2.5
3244,2.5
3245,2.5
3246,2.5
3247,2.5
3248,2.5
3249,2.5
3250,2.5
3251,2.5
3252,2.5
3253,2.5
3254,2.5
3255,2.5
3256,2.5
3257,2.5
3258,2.5
3259,2.5
3260,2.5
3261,2.5
3262,2.5
3263,2.5
3264,2.5
3265,2.5
3266,2.5
3267,2.5
3268,2.5
3269,2.5
3270,2.5
3271,2.5
3272,2.5
3273,2.5
3274,2.5
3275,2.5
3276,2.5
3277,2.5
3278,2.5
3279,2.5
3280,2.5
3281,2.5
3282,2.5
3283,2.5
3284,2.5
3285,2.5
3286,2.5
3287,2.5
3288,2.5
3289,2.5
3290,2.5
3291,2.5
3292,2.5
3293,2.5
3294,2.5
3295,2.5
3296,2.5
3297,2.5
3298,2.5
3299,2.5
3300,2.5
3301,2.5
3302,2.5
3303,2.5
3304,2.5
3305,2.5
3306,2.5
3307,2.5
3308,2.5
3309,2.5
3310,2.5
3311,2.5
3312,2.5
3313,2.5
3314,2.5
3315,2.5
3316,2.5
3317,2.5
3318,2.5
3319,2.5
3320,2.5
3321,2.5
3322,2.5
3323,2.5
3324,2.5
3325,2.5
3326,2.5
3327,2.5
3328,2.5
3329,2.5
3330,2.5
3331,2.5
3332,2.5
3333,2.5
3334,2.5
3335,2.5
3336,2.5
3337,2.5
3338,2.5
3339,2.5
3340,2.5
3341,2.5
3342,2.5
3343,2.5
3344,2.5
3345,2.5
3346,2.5
3347,2.5
3348,2.5
3349,2.5
3350,2.5
3351,2.5
3352,2.5
3353,2.5
3354,2.5
3355,2.5
3356,2.5
3357,2.5
3358,2.5
3359,2.5
3360,2.5
3361,2.5
3362,2.5
3363,2.5
3364,2.5
3365,2.5
3366,2.5
3367,2.5
3368,2.5
3369,2.5
3370,2.5
3371,2.5
3372,2.5
3373,2.5
3374,2.5
3375,2.5
3376,2.5
3377,2.5
3378,2.5
3379,2.5
3380,2.5
3381,2.5
3382,2.5
3383,2.5
3384,2.5
3385,2.5
3386,2.5
3387,2.5
3388,2.5
3389,2.5
3390,2.5
3391,2.5
3392,2.5
3393,2.5
3394,2.5
3395,2.5
3396,2.5
3397,2.5
3398,2.5
3399,2.5
3400,2.5
3401,2.5
3402,2.5
3403,2.5
3404,2.5
3405,2.5
3406,2.5
3407,2.5
3408,2.5
