,0
0,5.0
1,4.7286448913558825
2,5.0
3,5.0
4,5.0
5,3.9867830195594056
6,3.9867830195594056
7,5.0
8,4.7270164845377876
9,4.7270164845377876
10,4.695765255772248
11,4.695765255772248
12,5.0
13,5.0
14,4.999999999999999
15,2.5
16,5.0
17,5.0
18,5.0
19,2.5
20,5.0
21,5.0
22,4.951515344075613
23,4.951515344075613
24,5.0
25,5.000000000000001
26,2.5
27,2.5
28,2.5
29,5.000000000000001
30,4.928495908362049
31,4.928495908362049
32,3.6545101182911237
33,4.038768381861555
34,4.038768381861555
35,5.0
36,2.5
37,2.5
38,4.0
39,5.0
40,5.0
41,2.5
42,2.5
43,5.0
44,4.885273332116075
45,5.000000000000001
46,5.0
47,5.0
48,3.1459539762545297
49,3.1459539762545297
50,2.5
51,4.146383262701439
52,4.146383262701439
53,3.767368517252415
54,3.767368517252415
55,5.0
56,5.000000000000001
57,2.5
58,2.5
59,5.0
60,4.7242619040150835
61,4.7242619040150835
62,2.5
63,4.202819942955852
64,3.271368726711874
65,3.271368726711874
66,4.822321413083032
67,2.5
68,5.000000000000001
69,4.230457604814022
70,5.0
71,2.5
72,2.5
73,5.0
74,5.0
75,5.0
76,5.0
77,3.383803805363444
78,3.383803805363444
79,2.5
80,2.5
81,2.5
82,5.0
83,5.0
84,2.5
85,2.5
86,4.573698700690139
87,4.573698700690139
88,4.0
89,4.0
90,4.870735188409624
91,4.148085042136457
92,4.148085042136457
93,4.886817273090991
94,4.915600226484893
95,4.580011943910697
96,2.5
97,4.999999999999999
98,4.747889821066919
99,4.747889821066919
100,5.0
101,4.0
102,5.0
103,5.0
104,3.9893460406251915
105,3.9893460406251915
106,4.92585200625684
107,5.0
108,5.0
109,2.5
110,2.5
111,5.0
112,5.0
113,2.5
114,4.762576866508137
115,5.0
116,5.0
117,2.5
118,4.858519322301603
119,4.858519322301603
120,4.305983028475772
121,5.0
122,5.0
123,2.5
124,5.0
125,4.1668203030931
126,5.0
127,4.0
128,4.0
129,4.999999999999999
130,4.999999999999999
131,4.999999999999999
132,2.5
133,5.000000000000001
134,4.0
135,4.0
136,1.348324577753035
137,1.348324577753035
138,2.5
139,4.0
140,4.0
141,5.000000000000001
142,5.0
143,4.838836310368197
144,4.838836310368197
145,4.691538921359026
146,4.691538921359026
147,3.6653042598409176
148,3.6653042598409176
149,5.0
150,5.0
151,4.999999999999999
152,2.5
153,2.5
154,5.0
155,5.0
156,5.0
157,5.0
158,5.0
159,5.0
160,3.540266778802589
161,3.540266778802589
162,2.5
163,2.5
164,4.551340663516572
165,5.0
166,4.873904195581235
167,5.0
168,4.0
169,4.999999999999999
170,4.999999999999999
171,2.5
172,5.0
173,5.0
174,2.5
175,2.5
176,5.0
177,2.5
178,2.5
179,2.5
180,2.5
181,4.293324444308235
182,2.5
183,2.5
184,4.0
185,4.0
186,2.5
187,4.0
188,4.0
189,5.0
190,1.9819167103414963
191,1.9819167103414963
192,4.5426633465471085
193,2.5
194,2.5
195,2.5
196,5.0
197,2.5
198,4.2512458721349
199,4.2512458721349
200,2.5
201,2.7861878550220887
202,2.7861878550220887
203,5.0
204,4.727427194425165
205,5.0
206,4.922838933278753
207,4.922838933278753
208,4.999999999999999
209,4.999999999999999
210,4.999999999999999
211,4.533623317220152
212,4.533623317220152
213,3.551594169116708
214,3.551594169116708
215,4.302601283556469
216,4.302601283556469
217,2.5
218,2.5
219,5.0
220,4.0
221,5.0
222,4.9551732253612695
223,4.9551732253612695
224,4.873764622345317
225,4.873764622345317
226,5.0
227,2.5
228,5.0
229,2.5
230,2.5
231,4.999999999999999
232,2.5
233,2.5
234,2.0
235,2.0
236,4.56027607186757
237,4.56027607186757
238,4.848358558636751
239,4.848358558636751
240,4.719690504439669
241,4.719690504439669
242,5.0
243,4.0
244,2.319487184705225
245,2.319487184705225
246,2.5
247,4.0
248,2.5
249,5.0
250,4.70890939372293
251,4.0
252,5.0
253,5.0
254,4.590353953213071
255,5.000000000000001
256,4.580011943910697
257,5.0
258,2.9347917065685256
259,4.532137689901507
260,4.532137689901507
261,5.0
262,5.0
263,3.4455160169445804
264,4.5708074141176125
265,4.5708074141176125
266,4.448901712460071
267,4.448901712460071
268,2.5
269,4.999999999999999
270,2.5
271,2.5
272,5.000000000000001
273,2.5
274,5.000000000000001
275,5.0
276,3.5382472828320446
277,3.5382472828320446
278,5.000000000000001
279,5.0
280,4.0
281,4.0
282,2.5
283,2.5
284,3.768920462995806
285,3.768920462995806
286,2.5
287,4.656147619781042
288,4.656147619781042
289,2.5
290,2.5
291,4.1996108637406175
292,2.5
293,3.9840473574772743
294,3.9840473574772743
295,4.920325517423119
296,4.536443691775346
297,5.0
298,5.0
299,4.0
300,4.0
301,2.5
302,4.762464399420635
303,4.194084409100993
304,2.5
305,2.5
306,5.0
307,5.0
308,4.932161406863988
309,5.000000000000001
310,4.0
311,4.211884551649567
312,5.0
313,4.6214528418662155
314,5.0
315,5.0
316,5.0
317,2.5
318,2.5
319,2.5
320,5.0
321,4.863836412610466
322,4.863836412610466
323,5.0
324,5.0
325,5.0
326,3.4962481868342223
327,3.4962481868342223
328,4.288648260700869
329,4.288648260700869
330,5.0
331,5.0
332,5.0
333,5.0
334,2.5
335,4.0
336,4.492894431574914
337,4.0
338,5.000000000000001
339,5.000000000000001
340,4.0
341,4.999999999999999
342,3.855210173043161
343,3.855210173043161
344,4.0
345,4.465019640937284
346,4.465019640937284
347,4.38676009096554
348,5.0
349,5.0
350,2.5
351,5.0
352,3.9025843342515105
353,3.9025843342515105
354,5.0
355,3.7887677929265133
356,3.7887677929265133
357,5.0
358,5.0
359,5.0
360,5.0
361,5.0
362,4.0
363,4.0
364,4.999999999999999
365,2.5
366,5.0
367,5.0
368,4.999999999999999
369,4.999999999999999
370,5.000000000000001
371,2.5
372,5.0
373,5.0
374,4.062668080035724
375,4.062668080035724
376,5.0
377,3.0
378,3.0
379,5.0
380,2.5
381,5.0
382,2.9999999999999996
383,2.9999999999999996
384,4.72187359462007
385,4.72187359462007
386,2.5
387,2.5
388,2.5
389,4.308183620490562
390,4.308183620490562
391,5.000000000000001
392,5.0
393,4.0
394,5.0
395,5.0
396,2.5
397,5.0
398,5.0
399,2.5
400,3.7742252349417305
401,3.7742252349417305
402,5.0
403,4.262309675666865
404,2.5
405,4.0
406,5.0
407,4.999999999999999
408,2.5
409,2.5
410,5.000000000000001
411,5.000000000000001
412,4.0
413,4.0
414,5.000000000000001
415,4.0
416,2.5
417,2.5
418,2.5
419,4.165298389054373
420,4.165298389054373
421,5.0
422,4.0
423,4.911811517799245
424,4.911811517799245
425,4.923896188127539
426,5.000000000000001
427,4.5393888233542645
428,2.5
429,2.5
430,2.5
431,4.075032350967565
432,4.075032350967565
433,5.0
434,5.0
435,5.000000000000001
436,5.000000000000001
437,5.0
438,4.660856533741986
439,2.0
440,2.0
441,2.5
442,3.329539204194066
443,5.0
444,2.5
445,5.0
446,4.0
447,4.0
448,4.0
449,4.0
450,5.0
451,2.5
452,2.0
453,4.938987045876111
454,4.938987045876111
455,4.0
456,4.718376984267183
457,4.718376984267183
458,2.5
459,4.901241959821927
460,4.753122431069485
461,4.817729393813183
462,2.5
463,4.163001244984256
464,3.5957174449296105
465,3.5957174449296105
466,2.5
467,5.0
468,2.6495073625775594
469,2.6495073625775594
470,2.5
471,4.134066357748891
472,4.134066357748891
473,5.000000000000001
474,5.0
475,5.0
476,4.999999999999999
477,4.999999999999999
478,5.000000000000001
479,5.0
480,5.0
481,4.0
482,4.999999999999999
483,5.0
484,2.5
485,3.4313045803445843
486,5.000000000000001
487,3.811164661766798
488,5.0
489,4.94483172933168
490,5.0
491,5.0
492,4.999999999999999
493,4.9420062169620955
494,2.5
495,2.5
496,2.5
497,5.0
498,5.0
499,5.0
500,4.74342389041316
501,4.74342389041316
502,4.0
503,4.511258129452993
504,5.0
505,5.000000000000001
506,5.000000000000001
507,4.0
508,5.0
509,5.0
510,2.5
511,5.0
512,5.0
513,3.6321267183822075
514,3.6321267183822075
515,4.0
516,5.0
517,5.0
518,4.03158818278074
519,4.03158818278074
520,2.5
521,4.0
522,5.0
523,5.0
524,3.9763151611253504
525,3.9763151611253504
526,5.0
527,2.5
528,2.5
529,4.999999999999999
530,5.000000000000001
531,5.0
532,4.743106643825757
533,5.0
534,5.000000000000001
535,2.5
536,4.0
537,4.0
538,5.0
539,5.000000000000001
540,5.0
541,5.0
542,5.0
543,4.0
544,4.0
545,2.5
546,4.154481619272981
547,4.154481619272981
548,4.280949577704966
549,4.280949577704966
550,5.0
551,4.684315762005863
552,4.684315762005863
553,4.777500410699473
554,5.000000000000001
555,5.000000000000001
556,5.0
557,4.407907372587122
558,4.407907372587122
559,4.397561952325108
560,3.7309232857577057
561,2.5
562,5.0
563,5.0
564,5.0
565,5.0
566,5.0
567,5.0
568,3.9369146994378075
569,3.9369146994378075
570,4.0
571,4.0
572,4.743440646562244
573,5.0
574,4.2003704430722175
575,4.2003704430722175
576,4.0
577,5.0
578,2.5
579,3.8148647651202796
580,4.999999999999999
581,4.999999999999999
582,4.525963041254177
583,2.5
584,5.0
585,5.000000000000001
586,2.5
587,4.0
588,4.999999999999999
589,2.244625623577806
590,2.244625623577806
591,5.0
592,4.338595380267684
593,4.338595380267684
594,5.0
595,3.308610173108231
596,3.6288165100691843
597,4.423443686363008
598,4.423443686363008
599,4.129748443834218
600,5.0
601,4.637011100557308
602,4.637011100557308
603,4.9162689104154484
604,4.9162689104154484
605,5.0
606,4.825420736495159
607,4.825420736495159
608,5.0
609,4.568695419655415
610,4.568695419655415
611,5.000000000000001
612,5.0
613,5.0
614,4.856410692409715
615,2.5
616,4.249376466736609
617,2.5
618,4.288565940867334
619,4.288565940867334
620,2.5
621,4.458022018513616
622,2.5
623,5.000000000000001
624,4.723145102473358
625,4.723145102473358
626,3.2681702532444383
627,4.0
628,5.0
629,5.000000000000001
630,4.0
631,5.0
632,5.0
633,5.0
634,4.999999999999999
635,5.0
636,2.5
637,4.0
638,5.0
639,3.850903198600608
640,5.0
641,4.664144500113127
642,4.664144500113127
643,4.0
644,4.0
645,5.0
646,2.5
647,2.5
648,2.5
649,4.581617715984749
650,2.5
651,5.0
652,5.000000000000001
653,5.0
654,5.0
655,2.5
656,2.5
657,4.8640922102628
658,4.8640922102628
659,4.0
660,2.5
661,4.9649562067991075
662,2.5
663,2.5
664,4.0
665,5.0
666,2.5
667,4.02639981527633
668,4.3949377333122746
669,2.2604863407969775
670,2.2604863407969775
671,2.5
672,2.5
673,5.000000000000001
674,3.5617249391041237
675,3.5617249391041237
676,4.9043832715986095
677,4.9043832715986095
678,5.0
679,2.5
680,2.5
681,5.0
682,3.4198569287136653
683,3.4198569287136653
684,5.0
685,2.5
686,5.0
687,2.9434409811030227
688,2.9434409811030227
689,5.0
690,5.0
691,4.879390509195399
692,4.907367878374107
693,4.907367878374107
694,5.0
695,5.0
696,4.91317121973434
697,4.91317121973434
698,5.000000000000001
699,5.000000000000001
700,4.012745572647741
701,5.0
702,5.0
703,4.767322788476924
704,4.767322788476924
705,5.0
706,5.0
707,5.0
708,4.140771226066476
709,5.0
710,4.1649566545497025
711,5.0
712,5.0
713,5.0
714,5.0
715,5.0
716,5.0
717,4.0
718,3.889268410419515
719,3.889268410419515
720,5.0
721,4.556245687128008
722,5.0
723,2.5
724,3.8850352348411676
725,2.5
726,2.5
727,5.0
728,4.0
729,4.0
730,2.5
731,5.0
732,4.0
733,4.0
734,5.0
735,2.5
736,5.0
737,5.0
738,2.5
739,4.035363911936286
740,4.035363911936286
741,5.0
742,3.0
743,3.0
744,4.0
745,4.0
746,2.5
747,2.5
748,4.0
749,4.883430532168168
750,5.0
751,2.0
752,2.0
753,2.5
754,5.0
755,5.0
756,2.5
757,4.308842022487903
758,4.413233491257738
759,4.413233491257738
760,4.0
761,3.430992375353538
762,3.430992375353538
763,4.804578504743521
764,4.804578504743521
765,2.9099766235041957
766,2.9099766235041957
767,4.0
768,5.0
769,2.5
770,5.0
771,4.495743020542423
772,4.297755308287186
773,3.3953150513607167
774,5.000000000000001
775,5.000000000000001
776,4.999999999999999
777,2.5
778,4.443754312871991
779,4.443754312871991
780,5.0
781,5.0
782,4.0
783,2.5
784,2.5
785,5.000000000000001
786,5.0
787,2.5
788,2.5
789,5.0
790,2.5
791,2.5
792,5.0
793,2.5
794,2.5
795,5.0
796,4.0
797,4.999999999999999
798,5.0
799,4.579119566400329
800,4.579119566400329
801,3.7581428016520797
802,3.7581428016520797
803,5.0
804,2.5
805,2.5
806,2.5
807,2.5
808,3.1308946768608403
809,3.1308946768608403
810,3.8088103952878765
811,3.8088103952878765
812,5.0
813,4.753648764541673
814,5.000000000000001
815,3.3921629804826434
816,3.3921629804826434
817,4.0
818,4.5758317651303875
819,2.5
820,4.440253223709209
821,4.440253223709209
822,3.0
823,2.0
824,2.0
825,2.5
826,2.5
827,5.0
828,5.0
829,5.000000000000001
830,2.5
831,4.168846924967116
832,2.5
833,2.5
834,2.5
835,2.5
836,4.356006385521028
837,4.356006385521028
838,4.254620342479548
839,4.254620342479548
840,5.0
841,2.5
842,4.0
843,4.0
844,5.0
845,5.000000000000001
846,4.662010459874676
847,4.662010459874676
848,2.5
849,5.0
850,5.0
851,4.0
852,5.0
853,4.554745765136715
854,4.6478136603676745
855,4.6478136603676745
856,3.753921007232599
857,3.753921007232599
858,5.0
859,5.0
860,3.47984084964746
861,3.47984084964746
862,4.496677700631
863,4.496677700631
864,4.427059991596481
865,5.0
866,2.7437166225794303
867,2.7437166225794303
868,5.0
869,3.69538354431929
870,4.60541884204899
871,5.0
872,5.0
873,3.372124672388147
874,3.372124672388147
875,4.0
876,4.66105137472944
877,4.66105137472944
878,5.0
879,4.0
880,5.0
881,5.000000000000001
882,5.0
883,4.491970188721283
884,4.220682067854204
885,3.8843159243227663
886,3.8843159243227663
887,5.000000000000001
888,4.0
889,5.0
890,4.681172161030333
891,4.681172161030333
892,4.999999999999999
893,4.999999999999999
894,4.999999999999999
895,5.0
896,4.030495487376935
897,4.030495487376935
898,5.0
899,2.5
900,2.5
901,2.5
902,5.0
903,3.6801890564605415
904,4.572471540172819
905,4.572471540172819
906,5.0
907,5.0
908,5.0
909,5.0
910,5.000000000000001
911,4.734443081834163
912,4.734443081834163
913,4.664144500113127
914,4.664144500113127
915,4.497211830719217
916,4.497211830719217
917,5.0
918,4.099095649052418
919,4.099095649052418
920,5.0
921,5.0
922,5.0
923,5.0
924,5.0
925,5.0
926,2.5
927,2.5
928,4.167178735269737
929,4.167178735269737
930,4.338841846730396
931,2.5
932,2.5
933,2.5
934,4.7742252349417305
935,4.091054126113349
936,4.869188013400184
937,2.5
938,3.7518349409588554
939,3.7518349409588554
940,4.0
941,4.0
942,4.0
943,5.0
944,5.0
945,5.0
946,4.021761415921207
947,4.021761415921207
948,5.0
949,2.5
950,5.0
951,4.0
952,4.0
953,2.5
954,4.630234929154669
955,5.0
956,5.0
957,5.0
958,5.0
959,5.0
960,5.0
961,5.0
962,2.5
963,4.0
964,3.2783691238170625
965,4.596338755551277
966,4.596338755551277
967,5.0
968,2.5
969,2.5
970,4.414715129392598
971,4.0
972,5.0
973,5.0
974,3.8892503916384777
975,3.8892503916384777
976,5.0
977,4.0
978,4.14610908513907
979,4.303523162557209
980,2.742976636266912
981,2.742976636266912
982,5.0
983,3.20199021738623
984,3.20199021738623
985,4.0
986,3.2996890218299515
987,3.2996890218299515
988,5.000000000000001
989,5.0
990,2.5
991,2.5
992,2.5
993,2.5
994,5.0
995,4.328283199619211
996,4.328283199619211
997,4.262535793448809
998,4.262535793448809
999,5.0
1000,4.686031788649595
1001,4.686031788649595
1002,2.5
1003,2.5
1004,2.5
1005,2.5
1006,5.000000000000001
1007,4.0
1008,4.0
1009,2.5
1010,4.9082087007943525
1011,4.0
1012,4.0
1013,4.6583442709259835
1014,4.6583442709259835
1015,2.4919064083515994
1016,2.4919064083515994
1017,5.0
1018,4.0
1019,5.0
1020,5.0
1021,4.611157056737824
1022,2.5
1023,4.1668203030931
1024,5.0
1025,5.0
1026,5.0
1027,5.0
1028,5.0
1029,5.0
1030,5.0
1031,5.0
1032,5.0
1033,4.463556308224655
1034,4.463556308224655
1035,4.0
1036,2.5
1037,4.406703468323295
1038,5.0
1039,5.000000000000001
1040,5.0
1041,5.0
1042,2.5
1043,4.8482869010953005
1044,4.8482869010953005
1045,3.3921111040311884
1046,3.3921111040311884
1047,4.60254992746348
1048,4.962409947509217
1049,4.962409947509217
1050,4.999999999999999
1051,5.0
1052,5.0
1053,4.43699170325126
1054,2.5
1055,2.5
1056,4.708512220050034
1057,4.999999999999999
1058,5.0
1059,5.0
1060,5.0
1061,5.0
1062,5.0
1063,4.0
1064,5.0
1065,5.0
1066,4.60406533745718
1067,5.0
1068,4.0
1069,5.0
1070,4.999999999999999
1071,2.5
1072,4.695377356781365
1073,4.695377356781365
1074,4.548303138803012
1075,2.5
1076,2.5
1077,4.380968098571306
1078,4.380968098571306
1079,5.0
1080,2.5
1081,2.5
1082,4.0
1083,4.0
1084,5.0
1085,4.0
1086,4.5520385474299285
1087,4.5520385474299285
1088,2.5
1089,3.0066539346019043
1090,3.0066539346019043
1091,5.000000000000001
1092,5.0
1093,5.0
1094,5.0
1095,2.5
1096,2.5
1097,4.6359082419370505
1098,2.5
1099,2.5
1100,5.0
1101,4.999999999999999
1102,5.0
1103,5.0
1104,4.0
1105,4.0
1106,5.0
1107,4.908638993426372
1108,5.0
1109,5.0
1110,2.5
1111,5.0
1112,2.5
1113,2.5
1114,4.0
1115,4.0
1116,2.5
1117,5.0
1118,5.000000000000001
1119,2.5
1120,4.999999999999999
1121,5.0
1122,4.323744954360715
1123,4.323744954360715
1124,5.0
1125,4.16047729156933
1126,2.5
1127,4.758865423764063
1128,4.0
1129,2.5
1130,4.257044285094301
1131,4.257044285094301
1132,4.0
1133,4.0
1134,4.696866889025332
1135,4.696866889025332
1136,2.5
1137,3.0189542040519393
1138,3.0189542040519393
1139,4.0
1140,2.5
1141,2.5
1142,5.0
1143,4.628796625424953
1144,3.600458672112932
1145,5.0
1146,5.0
1147,5.0
1148,5.0
1149,2.9999999999999996
1150,4.0
1151,5.0
1152,4.664000012766186
1153,2.5
1154,2.5
1155,5.0
1156,2.5
1157,2.5
1158,4.272759869954782
1159,4.272759869954782
1160,4.0
1161,5.0
1162,5.0
1163,5.0
1164,4.345286776185478
1165,2.5
1166,4.781220967239507
1167,4.781220967239507
1168,5.0
1169,4.837458465924397
1170,2.5
1171,5.0
1172,5.0
1173,2.5
1174,2.5
1175,5.0
1176,4.255626445545151
1177,4.837700275125192
1178,5.000000000000001
1179,4.245139695091655
1180,4.245139695091655
1181,2.5
1182,2.5
1183,3.0
1184,3.5227719904027057
1185,3.5227719904027057
1186,4.575943952726781
1187,4.829214393364242
1188,2.5
1189,5.0
1190,5.0
1191,5.0
1192,5.0
1193,2.5
1194,5.0
1195,2.5
1196,2.5
1197,3.3778937044337902
1198,5.0
1199,5.0
1200,3.3607296340694894
1201,3.3607296340694894
1202,2.5
1203,4.999999999999999
1204,2.5
1205,4.75958187161663
1206,4.913698518428165
1207,5.0
1208,4.0
1209,5.0
1210,4.0
1211,4.891234956554865
1212,4.447611748100232
1213,4.58781607461853
1214,5.0
1215,5.0
1216,5.0
1217,5.0
1218,5.0
1219,2.5
1220,2.5
1221,4.911811517799245
1222,3.393816046656083
1223,3.393816046656083
1224,5.0
1225,5.0
1226,5.0
1227,2.5
1228,5.0
1229,5.0
1230,2.5
1231,4.749307985160337
1232,4.741379663975115
1233,4.851557288979089
1234,2.5
1235,2.5
1236,5.0
1237,5.0
1238,5.0
1239,4.580011943910697
1240,5.0
1241,4.591696847123138
1242,4.591696847123138
1243,4.903080475756052
1244,5.0
1245,5.0
1246,5.0
1247,4.469540632756339
1248,5.0
1249,5.0
1250,4.632037028644011
1251,2.5
1252,2.5
1253,2.5
1254,4.563008296748741
1255,5.0
1256,5.0
1257,4.0
1258,2.5
1259,3.908835852119362
1260,5.0
1261,5.0
1262,5.0
1263,5.0
1264,2.5
1265,5.0
1266,2.5
1267,4.926341935567009
1268,4.360703583448075
1269,4.360703583448075
1270,4.2258987541067095
1271,4.468264064597136
1272,4.468264064597136
1273,4.5450688277208435
1274,4.5450688277208435
1275,2.5
1276,4.0
1277,4.0
1278,5.0
1279,4.456750593292219
1280,4.456750593292219
1281,5.0
1282,4.406691677610454
1283,4.406691677610454
1284,5.0
1285,5.0
1286,5.0
1287,5.0
1288,3.7427425727071
1289,3.7427425727071
1290,4.0
1291,4.0
1292,4.0
1293,5.0
1294,4.586541343789976
1295,4.586541343789976
1296,2.5
1297,4.668302768172243
1298,4.0
1299,4.4870823748732205
1300,4.4870823748732205
1301,3.480119137199688
1302,3.480119137199688
1303,4.556139878791126
1304,5.0
1305,2.5
1306,3.3376938499342317
1307,3.3376938499342317
1308,4.053613618459792
1309,4.053613618459792
1310,4.697356398710668
1311,4.999999999999999
1312,2.5
1313,2.5
1314,5.0
1315,5.0
1316,5.0
1317,5.0
1318,4.0
1319,2.5
1320,5.0
1321,5.0
1322,4.0
1323,4.0
1324,4.249081386036893
1325,4.249081386036893
1326,4.537643798691673
1327,4.537643798691673
1328,4.564840153911815
1329,5.0
1330,5.0
1331,3.0000000000000004
1332,4.482920112541437
1333,2.5
1334,2.5
1335,2.5
1336,4.0
1337,2.5
1338,4.0
1339,4.281584876484385
1340,4.281584876484385
1341,5.0
1342,4.0
1343,2.5
1344,1.612205474284799
1345,1.612205474284799
1346,5.0
1347,4.53662537545104
1348,2.5
1349,4.829494178709376
1350,2.5
1351,5.0
1352,4.231048877483125
1353,4.524006934002241
1354,4.776519721211537
1355,4.35372553864165
1356,2.5
1357,2.5
1358,3.530042947467955
1359,3.530042947467955
1360,2.5
1361,4.0
1362,5.0
1363,4.755066524398775
1364,4.0
1365,5.0
1366,4.0
1367,4.0
1368,4.0
1369,4.0
1370,5.0
1371,4.598599407748089
1372,4.598599407748089
1373,4.8907902120363085
1374,4.079824746379324
1375,4.079824746379324
1376,2.5
1377,2.5
1378,4.0
1379,4.325794478769
1380,2.5
1381,2.5
1382,4.956139130232805
1383,4.495743020542423
1384,3.8805998574402287
1385,3.8805998574402287
1386,5.0
1387,5.0
1388,5.0
1389,5.000000000000001
1390,4.49090422425454
1391,5.000000000000001
1392,5.000000000000001
1393,5.0
1394,5.000000000000001
1395,2.5
1396,4.0
1397,5.0
1398,4.352803405092126
1399,5.0
1400,3.539007758117724
1401,4.908980323253785
1402,5.0
1403,5.0
1404,5.0
1405,3.493873417852042
1406,3.493873417852042
1407,4.348664296835638
1408,4.348664296835638
1409,4.0
1410,4.0
1411,2.5
1412,2.5
1413,4.527902244812417
1414,4.527902244812417
1415,5.0
1416,5.0
1417,4.0
1418,2.5
1419,5.0
1420,4.0
1421,4.0
1422,4.693337080931169
1423,4.0
1424,2.5
1425,4.390921888934223
1426,5.0
1427,4.825685255625825
1428,5.0
1429,5.000000000000001
1430,5.0
1431,4.428396171465192
1432,4.0
1433,5.0
1434,4.35372553864165
1435,2.5
1436,2.5
1437,4.0208210201631145
1438,4.0208210201631145
1439,2.5
1440,5.0
1441,4.781220967239507
1442,2.5
1443,4.1668203030931
1444,2.5
1445,4.6830911392215935
1446,5.0
1447,5.0
1448,5.0
1449,4.0
1450,4.185099735050528
1451,5.0
1452,5.0
1453,4.0
1454,4.0
1455,4.356675844792276
1456,2.5
1457,2.5
1458,2.5
1459,2.5
1460,2.5
1461,5.0
1462,2.5
1463,5.0
1464,4.078024040150587
1465,2.5
1466,2.5
1467,5.0
1468,4.915421262549979
1469,2.5
1470,4.0
1471,3.036087918140071
1472,3.036087918140071
1473,3.688815059601551
1474,3.688815059601551
1475,5.0
1476,4.0
1477,5.0
1478,5.0
1479,5.0
1480,5.0
1481,4.428396171465192
1482,5.0
1483,3.3770066745550875
1484,3.3770066745550875
1485,5.0
1486,4.0
1487,2.5
1488,5.0
1489,4.831697004906641
1490,4.831697004906641
1491,4.0
1492,2.5
1493,4.999999999999999
1494,5.0
1495,5.0
1496,4.613653136412977
1497,5.0
1498,4.0
1499,2.5
1500,2.5
1501,5.0
1502,5.0
1503,4.0
1504,4.0
1505,4.7325331130817965
1506,4.0
1507,4.0
1508,5.000000000000001
1509,2.5
1510,4.724188024289116
1511,2.5
1512,4.0
1513,4.491970188721283
1514,2.5
1515,5.0
1516,2.5
1517,5.0
1518,5.0
1519,2.5
1520,2.5
1521,4.850339190704196
1522,2.9999999999999996
1523,2.9999999999999996
1524,5.0
1525,2.5
1526,5.0
1527,5.0
1528,5.0
1529,5.0
1530,4.6254233406859715
1531,3.972373963698186
1532,3.972373963698186
1533,4.913449458167226
1534,5.0
1535,5.0
1536,5.0
1537,5.0
1538,3.6172224370476536
1539,4.657049131262746
1540,5.000000000000001
1541,5.0
1542,5.000000000000001
1543,2.5
1544,4.0
1545,5.0
1546,3.530459367243661
1547,5.000000000000001
1548,4.746692198276102
1549,4.0
1550,2.5
1551,2.5
1552,2.5
1553,2.5
1554,5.0
1555,5.0
1556,5.0
1557,4.999999999999999
1558,3.9114485341835072
1559,4.0
1560,2.5
1561,2.5
1562,5.0
1563,3.8763835372405313
1564,3.8763835372405313
1565,5.0
1566,5.0
1567,2.5
1568,4.143347299967654
1569,4.143347299967654
1570,5.0
1571,5.000000000000001
1572,5.0
1573,4.162099044737793
1574,5.0
1575,5.0
1576,5.0
1577,4.348707131856475
1578,4.348707131856475
1579,2.5
1580,4.699243515780369
1581,2.5
1582,4.6359082419370505
1583,2.5
1584,2.5
1585,4.0
1586,2.5
1587,5.0
1588,5.0
1589,2.5
1590,5.0
1591,2.5
1592,2.5
1593,5.0
1594,3.0
1595,5.0
1596,2.5
1597,4.746874957203757
1598,2.5
1599,5.0
1600,4.999999999999999
1601,4.0
1602,4.7346935866851485
1603,3.2069551751622782
1604,5.0
1605,4.9420062169620955
1606,5.0
1607,5.0
1608,2.5
1609,4.293820393460884
1610,2.5
1611,5.0
1612,5.0
1613,5.0
1614,4.55188594778431
1615,4.9296674591287735
1616,4.9296674591287735
1617,5.0
1618,4.111756972832254
1619,4.111756972832254
1620,3.483657975060463
1621,3.483657975060463
1622,4.0
1623,5.0
1624,2.029581026952455
1625,2.5
1626,4.224719643172096
1627,5.0
1628,5.0
1629,5.0
1630,5.0
1631,2.5
1632,5.0
1633,5.0
1634,5.0
1635,4.443047443918535
1636,5.0
1637,4.0
1638,5.0
1639,5.0
1640,5.0
1641,5.0
1642,2.5
1643,4.0
1644,3.640695723717335
1645,2.5
1646,5.0
1647,2.6645523395144526
1648,5.0
1649,3.503627608626214
1650,2.5
1651,2.5
1652,2.5
1653,4.729173413321587
1654,3.0000000000000004
1655,5.0
1656,5.0
1657,4.344080200394016
1658,2.5
1659,4.167188492717153
1660,4.167188492717153
1661,4.048484655924388
1662,4.048484655924388
1663,2.5
1664,4.754553851782328
1665,5.0
1666,2.5
1667,2.5
1668,5.0
1669,5.0
1670,5.0
1671,4.0
1672,4.0
1673,4.0
1674,2.5
1675,4.827355262180516
1676,4.827355262180516
1677,2.5
1678,5.0
1679,5.0
1680,5.000000000000001
1681,3.3931077696486933
1682,3.3931077696486933
1683,5.0
1684,5.0
1685,4.0
1686,4.0
1687,2.5
1688,4.999999999999999
1689,4.891038816762389
1690,5.0
1691,4.999999999999999
1692,5.0
1693,4.0
1694,5.000000000000001
1695,4.0
1696,4.0
1697,4.503299500470151
1698,2.5
1699,2.5
1700,4.872124549726767
1701,4.872124549726767
1702,5.0
1703,2.5
1704,2.5
1705,5.000000000000001
1706,5.0
1707,2.5
1708,2.5
1709,5.0
1710,5.0
1711,5.0
1712,3.9453384207608453
1713,3.9453384207608453
1714,2.5
1715,5.0
1716,5.0
1717,5.0
1718,5.0
1719,4.0
1720,4.0
1721,4.0
1722,5.0
1723,4.0
1724,4.643593703825735
1725,4.643593703825735
1726,5.0
1727,4.703455187264595
1728,5.0
1729,4.022287224077149
1730,4.0
1731,4.0
1732,2.5
1733,2.5
1734,4.934268721632543
1735,2.5
1736,2.5
1737,2.5
1738,4.0
1739,5.0
1740,5.0
1741,2.5
1742,2.5
1743,2.5
1744,4.0
1745,2.5
1746,2.5
1747,5.0
1748,5.0
1749,5.0
1750,5.0
1751,2.5
1752,2.5
1753,2.5
1754,2.5
1755,2.5
1756,4.293595400918599
1757,4.336109033456246
1758,4.336109033456246
1759,2.5
1760,2.5
1761,2.5
1762,4.999999999999999
1763,3.4596870805175746
1764,3.4596870805175746
1765,2.5
1766,2.5
1767,5.0
1768,5.0
1769,5.0
1770,5.0
1771,5.0
1772,5.0
1773,2.5
1774,5.0
1775,2.5
1776,4.172275462929685
1777,5.0
1778,2.5
1779,5.0
1780,4.0
1781,5.0
1782,4.596443629704936
1783,4.596443629704936
1784,5.0
1785,3.0000000000000004
1786,4.375438958047456
1787,4.325809641249181
1788,4.40815485824781
1789,4.40815485824781
1790,5.0
1791,3.1770837717565885
1792,3.1770837717565885
1793,5.0
1794,5.0
1795,2.0
1796,4.195421495256479
1797,5.000000000000001
1798,5.000000000000001
1799,4.0
1800,5.0
1801,4.653536476743684
1802,4.653536476743684
1803,5.0
1804,2.5
1805,4.215889872906766
1806,5.0
1807,3.20199021738623
1808,3.20199021738623
1809,2.5
1810,5.0
1811,5.0
1812,5.0
1813,4.076103811872461
1814,4.0
1815,4.0
1816,4.611394995680285
1817,5.0
1818,3.8429158262510366
1819,3.8429158262510366
1820,5.0
1821,5.0
1822,5.0
1823,5.0
1824,4.725242312579238
1825,5.0
1826,5.0
1827,4.531447061942929
1828,4.400157129861239
1829,2.5
1830,4.0
1831,4.516547565738341
1832,2.5
1833,4.999999999999999
1834,5.0
1835,5.0
1836,4.0
1837,5.0
1838,2.5
1839,2.5
1840,2.5
1841,5.0
1842,4.0
1843,5.0
1844,2.5
1845,2.5
1846,4.459932004110642
1847,5.0
1848,2.5
1849,4.932141096886468
1850,2.5
1851,4.0
1852,4.0
1853,4.999999999999999
1854,2.5
1855,2.5
1856,4.0
1857,4.0
1858,2.5
1859,2.5
1860,4.742384837340637
1861,5.0
1862,5.0
1863,4.525369264775378
1864,5.0
1865,5.0
1866,2.5
1867,2.5
1868,2.5
1869,2.5
1870,2.5
1871,2.820348301371756
1872,2.820348301371756
1873,5.0
1874,5.0
1875,4.0
1876,2.5
1877,4.0
1878,5.0
1879,4.195421495256479
1880,4.195421495256479
1881,5.0
1882,2.5
1883,4.0
1884,5.0
1885,4.0
1886,4.0
1887,5.0
1888,5.000000000000001
1889,5.000000000000001
1890,4.0
1891,4.999999999999999
1892,4.999999999999999
1893,4.0771303842203155
1894,4.0771303842203155
1895,5.0
1896,5.0
1897,2.5
1898,4.0
1899,5.0
1900,5.0
1901,4.0
1902,4.0
1903,4.921329084820512
1904,4.0
1905,4.0
1906,4.0
1907,5.0
1908,4.0
1909,4.0
1910,5.0
1911,4.0
1912,5.0
1913,4.712027937336172
1914,2.5
1915,4.225405380985946
1916,5.0
1917,4.421645057718874
1918,4.421645057718874
1919,4.64335625724763
1920,5.0
1921,5.0
1922,2.5
1923,5.0
1924,5.0
1925,2.5
1926,2.5
1927,2.5
1928,5.000000000000001
1929,5.000000000000001
1930,2.5
1931,5.0
1932,5.0
1933,5.000000000000001
1934,5.0
1935,5.0
1936,2.5
1937,2.5
1938,5.000000000000001
1939,5.0
1940,5.0
1941,4.329988162406223
1942,2.5
1943,4.0
1944,4.0
1945,5.0
1946,5.0
1947,4.999999999999999
1948,4.0
1949,4.0
1950,2.5
1951,2.5
1952,4.0
1953,4.06679428607774
1954,4.06679428607774
1955,4.50909577574546
1956,5.0
1957,5.0
1958,3.8148724223490076
1959,3.8148724223490076
1960,2.5
1961,5.0
1962,5.0
1963,5.0
1964,2.5
1965,3.155632373400916
1966,5.0
1967,5.0
1968,2.5
1969,2.5
1970,5.0
1971,2.5
1972,5.0
1973,2.5
1974,2.5
1975,2.5
1976,5.0
1977,2.5
1978,5.0
1979,5.0
1980,2.5
1981,5.0
1982,5.0
1983,5.0
1984,5.0
1985,2.5
1986,2.5
1987,2.5
1988,4.463556308224655
1989,4.463556308224655
1990,4.300407773617826
1991,4.300407773617826
1992,5.0
1993,3.5182442587919778
1994,3.5182442587919778
1995,5.0
1996,5.0
1997,5.0
1998,2.5
1999,5.0
2000,4.1668203030931
2001,5.0
2002,5.0
2003,2.5
2004,4.376854213366824
2005,5.0
2006,5.0
2007,5.0
2008,5.0
2009,5.0
2010,4.0
2011,5.0
2012,5.0
2013,4.0
2014,4.0
2015,5.0
2016,5.0
2017,2.5
2018,5.0
2019,4.523412505335653
2020,4.0
2021,2.5
2022,2.5
2023,5.0
2024,5.0
2025,4.458641785205243
2026,4.999999999999999
2027,4.999999999999999
2028,2.5
2029,5.0
2030,4.749401393296169
2031,5.0
2032,4.8644864356142445
2033,5.0
2034,5.0
2035,4.0
2036,4.999999999999999
2037,5.0
2038,5.0
2039,5.0
2040,2.5
2041,2.5
2042,2.5
2043,4.76182025670296
2044,5.0
2045,4.0
2046,2.5
2047,2.5
2048,2.5
2049,5.0
2050,5.0
2051,5.0
2052,5.0
2053,3.0
2054,4.0
2055,4.0
2056,5.0
2057,4.999999999999999
2058,4.24420089600809
2059,3.0
2060,3.0
2061,4.0
2062,4.0
2063,2.5
2064,3.945550103019176
2065,2.5
2066,2.5
2067,2.5
2068,5.0
2069,5.0
2070,5.0
2071,2.0
2072,3.7637060260113104
2073,3.7637060260113104
2074,4.330359020005739
2075,5.0
2076,2.5
2077,2.5
2078,2.5
2079,4.0
2080,2.5
2081,4.0
2082,2.5
2083,5.0
2084,5.0
2085,2.5
2086,5.0
2087,4.769364297808997
2088,4.769364297808997
2089,5.0
2090,5.0
2091,2.5
2092,4.2562078415579565
2093,2.5
2094,5.0
2095,2.5
2096,4.0
2097,5.0
2098,2.5
2099,2.5
2100,5.0
2101,2.5
2102,4.0
2103,2.5
2104,2.5
2105,4.434702917417199
2106,4.434702917417199
2107,5.0
2108,2.5
2109,5.0
2110,5.0
2111,2.5
2112,5.0
2113,4.727292324469488
2114,4.685549594606715
2115,4.149069038533447
2116,2.5
2117,5.0
2118,4.0
2119,5.0
2120,2.5
2121,2.5
2122,2.5
2123,2.5
2124,5.0
2125,2.5
2126,2.5
2127,5.0
2128,4.494083327330842
2129,2.5
2130,2.5
2131,4.580011943910697
2132,4.0
2133,2.5
2134,4.076920537783826
2135,4.076920537783826
2136,5.0
2137,5.0
2138,2.5
2139,3.6870846537327586
2140,5.0
2141,2.5
2142,2.5
2143,2.5
2144,3.6191607153397403
2145,3.6191607153397403
2146,4.021325162417372
2147,2.5
2148,2.5
2149,5.0
2150,2.5
2151,2.5
2152,2.5
2153,4.0
2154,2.5
2155,2.5
2156,5.0
2157,2.5
2158,2.5
2159,2.5
2160,5.0
2161,2.5
2162,5.000000000000001
2163,2.5
2164,4.405707237059241
2165,2.5
2166,2.5
2167,5.0
2168,4.3459349569795345
2169,5.0
2170,2.5
2171,5.000000000000001
2172,5.000000000000001
2173,4.0
2174,5.0
2175,5.0
2176,4.999999999999999
2177,4.999999999999999
2178,2.5
2179,2.5
2180,2.7789463708091406
2181,2.7789463708091406
2182,2.5
2183,5.0
2184,5.0
2185,2.5
2186,4.525227541563002
2187,5.0
2188,5.0
2189,4.0
2190,4.999999999999999
2191,5.0
2192,2.5
2193,2.5
2194,5.000000000000001
2195,4.840665117825
2196,5.0
2197,5.0
2198,2.5
2199,5.0
2200,5.0
2201,2.5
2202,2.5
2203,4.0
2204,4.0
2205,5.0
2206,5.0
2207,5.0
2208,4.0
2209,3.5122152982136297
2210,5.0
2211,4.344790160190581
2212,4.344790160190581
2213,4.0
2214,5.0
2215,2.5
2216,2.5
2217,2.5
2218,5.000000000000001
2219,5.0
2220,2.5
2221,4.220255783347613
2222,2.5
2223,4.849279965776946
2224,4.843632076209603
2225,2.5
2226,4.9420062169620955
2227,5.0
2228,2.5
2229,2.5
2230,2.5
2231,4.999999999999999
2232,4.999999999999999
2233,2.5
2234,2.5
2235,4.503627608626214
2236,2.5
2237,2.5
2238,2.5
2239,4.0
2240,2.5
2241,5.0
2242,5.0
2243,3.952985052987088
2244,2.5
2245,2.5
2246,2.5
2247,2.5
2248,4.0
2249,4.0
2250,5.0
2251,5.0
2252,5.0
2253,2.5
2254,5.0
2255,2.5
2256,2.5
2257,4.493140146608253
2258,5.0
2259,5.0
2260,5.000000000000001
2261,2.5
2262,5.0
2263,2.5
2264,2.5
2265,2.5
2266,4.0
2267,2.5
2268,2.5
2269,2.5
2270,4.999999999999999
2271,4.999999999999999
2272,5.0
2273,2.5
2274,2.5
2275,4.6400056667249805
2276,4.0
2277,2.5
2278,2.5
2279,5.0
2280,2.5
2281,2.5
2282,5.0
2283,5.0
2284,5.000000000000001
2285,5.0
2286,2.5
2287,2.5
2288,2.5
2289,5.0
2290,5.0
2291,4.0
2292,2.5
2293,5.0
2294,2.5
2295,4.604968359417805
2296,3.0000000000000004
2297,2.5
2298,5.0
2299,2.5
2300,5.0
2301,5.0
2302,5.0
2303,5.0
2304,2.5
2305,3.0
2306,5.0
2307,5.0
2308,5.0
2309,2.5
2310,2.5
2311,2.5
2312,5.000000000000001
2313,5.0
2314,4.0
2315,5.0
2316,5.0
2317,5.0
2318,5.0
2319,4.0
2320,4.0
2321,5.0
2322,2.5
2323,2.5
2324,2.5
2325,2.5
2326,2.5
2327,4.0
2328,4.0
2329,4.279122500478736
2330,5.0
2331,2.5
2332,2.5
2333,4.0
2334,5.0
2335,4.378468736153631
2336,5.0
2337,2.5
2338,2.5
2339,2.5
2340,2.5
2341,4.296549967662979
2342,4.0
2343,3.62381929258379
2344,5.0
2345,2.5
2346,2.5
2347,4.703455187264595
2348,5.0
2349,5.0
2350,5.0
2351,2.5
2352,3.2340524555068964
2353,2.5
2354,5.0
2355,5.0
2356,2.5
2357,5.0
2358,2.5
2359,5.0
2360,5.0
2361,5.0
2362,4.0
2363,2.5
2364,5.0
2365,3.927132980855174
2366,2.5
2367,2.5
2368,4.999999999999999
2369,4.999999999999999
2370,4.0
2371,4.0
2372,2.5
2373,2.5
2374,5.0
2375,5.0
2376,5.000000000000001
2377,2.5
2378,2.5
2379,2.5
2380,5.0
2381,5.0
2382,2.5
2383,2.5
2384,2.5
2385,4.0
2386,5.0
2387,2.5
2388,4.0
2389,5.0
2390,4.825685255625825
2391,5.0
2392,3.514088570188601
2393,3.514088570188601
2394,5.0
2395,5.000000000000001
2396,5.0
2397,5.0
2398,5.0
2399,5.0
2400,5.0
2401,2.5
2402,5.0
2403,5.0
2404,4.0
2405,5.0
2406,5.0
2407,5.0
2408,5.0
2409,2.5
2410,2.5
2411,2.5
2412,5.0
2413,4.3119248515171895
2414,4.3119248515171895
2415,2.5
2416,4.0
2417,2.5
2418,3.0000000000000004
2419,4.35372553864165
2420,5.0
2421,5.0
2422,5.0
2423,5.0
2424,4.747682688292606
2425,4.747682688292606
2426,3.1295236130307513
2427,5.0
2428,5.0
2429,4.488803038291629
2430,5.0
2431,5.0
2432,2.5
2433,5.0
2434,5.0
2435,2.5
2436,5.0
2437,2.5
2438,2.5
2439,2.5
2440,5.0
2441,5.0
2442,5.0
2443,2.5
2444,5.0
2445,2.5
2446,2.5
2447,2.5
2448,5.0
2449,2.5
2450,2.5
2451,5.0
2452,4.08569395578235
2453,4.08569395578235
2454,5.0
2455,5.000000000000001
2456,5.0
2457,5.0
2458,5.0
2459,4.372129973318999
2460,3.0000000000000004
2461,2.5
2462,2.5
2463,2.5
2464,2.5
2465,2.5
2466,4.0
2467,2.5
2468,5.0
2469,5.0
2470,5.0
2471,5.0
2472,5.0
2473,3.0
2474,5.0
2475,2.5
2476,2.5
2477,5.0
2478,5.0
2479,5.0
2480,5.000000000000001
2481,2.5
2482,4.0
2483,2.5
2484,2.5
2485,2.5
2486,5.000000000000001
2487,2.5
2488,5.0
2489,4.520113347240296
2490,5.0
2491,2.5
2492,4.999999999999999
2493,5.0
2494,2.5
2495,5.0
2496,5.0
2497,2.5
2498,4.0
2499,2.9999999999999996
2500,5.0
2501,2.5
2502,5.0
2503,5.0
2504,5.0
2505,4.424168234869613
2506,5.0
2507,5.0
2508,2.5
2509,2.5
2510,5.0
2511,2.5
2512,2.5
2513,2.5
2514,2.5
2515,2.5
2516,4.0
2517,4.0
2518,2.5
2519,2.5
2520,2.5
2521,4.7742252349417305
2522,5.0
2523,5.0
2524,5.0
2525,5.0
2526,5.0
2527,4.0
2528,4.6039635000443475
2529,3.7442906855469933
2530,2.5
2531,2.5
2532,2.5
2533,2.5
2534,2.5
2535,5.0
2536,4.641574579451148
2537,4.6689323931118905
2538,2.5
2539,2.5
2540,4.790229666830466
2541,4.790229666830466
2542,4.855734965980042
2543,2.5
2544,2.5
2545,5.0
2546,4.0
2547,2.5
2548,5.0
2549,2.5
2550,2.5
2551,2.5
2552,4.0
2553,5.0
2554,2.5
2555,2.5
2556,4.344280203646454
2557,4.141687147248224
2558,4.141687147248224
2559,5.0
2560,5.0
2561,2.5
2562,4.542504816310382
2563,5.0
2564,3.0
2565,2.5
2566,3.0000000000000004
2567,2.5
2568,4.0
2569,5.0
2570,2.5
2571,4.0
2572,4.0
2573,5.0
2574,2.5
2575,4.7981134816109385
2576,2.5
2577,2.5
2578,2.5
2579,2.5
2580,2.5
2581,4.443754312871991
2582,4.443754312871991
2583,2.5
2584,3.503627608626214
2585,2.5
2586,4.76182025670296
2587,5.0
2588,2.5
2589,3.683595502062575
2590,2.5
2591,2.5
2592,3.0
2593,5.000000000000001
2594,2.5
2595,5.0
2596,2.5
2597,2.5
2598,5.0
2599,5.0
2600,5.0
2601,3.5063075718354795
2602,5.0
2603,5.0
2604,2.5
2605,2.5
2606,5.0
2607,2.5
2608,5.0
2609,5.0
2610,2.5
2611,2.5
2612,2.5
2613,5.0
2614,5.0
2615,2.5
2616,2.5
2617,4.0
2618,4.0
2619,2.5
2620,4.097133755468014
2621,2.5
2622,5.0
2623,5.0
2624,2.5
2625,2.5
2626,5.0
2627,2.5
2628,2.5
2629,5.0
2630,2.5
2631,2.4403574115990634
2632,4.0
2633,2.5
2634,2.5
2635,2.5
2636,2.5
2637,2.5
2638,4.229843540258787
2639,5.0
2640,2.5
2641,2.5
2642,4.245440762321372
2643,2.5
2644,2.5
2645,2.5
2646,2.5
2647,5.0
2648,5.0
2649,2.5
2650,2.5
2651,5.0
2652,5.0
2653,5.0
2654,5.0
2655,2.5
2656,4.0
2657,2.5
2658,5.0
2659,5.0
2660,5.000000000000001
2661,5.0
2662,5.0
2663,2.5
2664,2.5
2665,2.5
2666,5.0
2667,5.0
2668,4.0
2669,2.5
2670,5.0
2671,2.18594515408215
2672,2.18594515408215
2673,4.943112913499689
2674,2.5
2675,5.0
2676,4.999999999999999
2677,5.0
2678,5.0
2679,5.0
2680,5.0
2681,2.5
2682,5.0
2683,5.0
2684,2.5
2685,4.839432868769973
2686,4.839432868769973
2687,5.0
2688,4.0
2689,5.0
2690,5.0
2691,4.0
2692,5.0
2693,5.0
2694,5.0
2695,5.0
2696,5.0
2697,5.0
2698,4.257633020138368
2699,2.5
2700,2.5
2701,4.0
2702,4.0
2703,4.0
2704,4.0
2705,4.503627608626214
2706,2.5
2707,2.5
2708,2.5
2709,4.582393039073544
2710,5.0
2711,2.5
2712,5.0
2713,5.0
2714,4.300641747177762
2715,4.300641747177762
2716,2.5
2717,5.0
2718,2.5
2719,2.5
2720,2.5
2721,3.0000000000000004
2722,5.0
2723,5.0
2724,5.0
2725,2.5
2726,2.5
2727,4.5758317651303875
2728,2.5
2729,2.5
2730,5.0
2731,5.0
2732,2.5
2733,2.5
2734,2.5
2735,2.5
2736,5.0
2737,3.0000000000000004
2738,4.0
2739,4.0
2740,2.5
2741,2.5
2742,2.5
2743,5.000000000000001
2744,5.0
2745,2.5
2746,2.5
2747,2.5
2748,2.5
2749,2.5
2750,5.0
2751,2.5
2752,3.9463127541484773
2753,3.9463127541484773
2754,5.0
2755,2.5
2756,2.5
2757,2.5
2758,2.5
2759,2.5
2760,5.0
2761,5.0
2762,5.0
2763,5.0
2764,5.0
2765,2.5
2766,5.0
2767,3.0
2768,4.0
2769,5.0
2770,4.463556308224655
2771,2.5
2772,5.0
2773,5.0
2774,5.0
2775,4.047014947012912
2776,4.999999999999999
2777,2.5
2778,5.0
2779,5.0
2780,2.5
2781,4.0
2782,5.0
2783,2.5
2784,5.0
2785,4.0
2786,4.496372391373787
2787,3.0
2788,3.0
2789,2.5
2790,4.999999999999999
2791,4.999999999999999
2792,5.0
2793,4.720196301903136
2794,2.5
2795,5.0
2796,2.5
2797,2.5
2798,2.5
2799,2.5
2800,5.0
2801,2.5
2802,5.0
2803,5.0
2804,4.0
2805,5.0
2806,2.5
2807,2.5
2808,2.5
2809,2.5
2810,4.293820393460884
2811,2.5
2812,5.0
2813,5.0
2814,4.0
2815,2.5
2816,2.5
2817,2.5
2818,2.5
2819,2.5
2820,2.5
2821,4.0
2822,2.5
2823,2.5
2824,2.5
2825,5.0
2826,4.0
2827,4.0
2828,2.5
2829,2.5
2830,2.5
2831,5.0
2832,5.0
2833,5.0
2834,2.5
2835,2.5
2836,2.5
2837,2.5
2838,2.5
2839,2.5
2840,4.0
2841,4.0
2842,2.5
2843,4.254631419185259
2844,5.0
2845,5.0
2846,2.5
2847,2.5
2848,2.5
2849,2.5
2850,5.0
2851,5.0
2852,5.0
2853,5.0
2854,2.5
2855,2.5
2856,2.5
2857,2.5
2858,4.77906846184951
2859,2.5
2860,2.5
2861,2.5
2862,2.5
2863,5.0
2864,5.0
2865,2.5
2866,5.0
2867,2.5
2868,2.5
2869,5.0
2870,5.0
2871,5.0
2872,2.5
2873,2.5
2874,2.5
2875,2.5
2876,5.0
2877,2.5
2878,4.0
2879,2.5
2880,2.5
2881,5.0
2882,5.0
2883,2.5
2884,5.0
2885,2.5
2886,5.0
2887,5.0
2888,2.5
2889,2.5805308687772848
2890,2.5805308687772848
2891,2.5
2892,2.5
2893,2.5
2894,2.5
2895,2.5
2896,5.0
2897,2.5
2898,2.5
2899,5.0
2900,2.5
2901,5.0
2902,2.5
2903,2.5
2904,2.5
2905,5.0
2906,5.0
2907,2.5
2908,5.0
2909,2.5
2910,5.0
2911,2.5
2912,2.5
2913,5.000000000000001
2914,4.0
2915,4.0
2916,5.0
2917,5.0
2918,2.5
2919,2.5
2920,5.0
2921,5.0
2922,4.0
2923,2.5
2924,2.5
2925,5.0
2926,2.5
2927,5.0
2928,5.0
2929,2.5
2930,5.0
2931,2.5
2932,2.5
2933,2.5
2934,4.0
2935,5.0
2936,5.0
2937,2.5
2938,5.0
2939,5.0
2940,3.20199021738623
2941,4.0
2942,5.0
2943,4.0
2944,2.5
2945,5.0
2946,2.5
2947,5.0
2948,2.5
2949,2.5
2950,2.5
2951,2.5
2952,5.0
2953,4.0
2954,5.0
2955,4.0
2956,2.5
2957,5.0
2958,5.0
2959,2.5
2960,2.5
2961,2.5
2962,2.5
2963,5.0
2964,4.0
2965,4.0
2966,5.0
2967,2.5
2968,5.000000000000001
2969,2.5
2970,5.0
2971,3.5599786322740816
2972,2.5
2973,5.0
2974,2.5
2975,5.0
2976,2.5
2977,5.0
2978,2.5
2979,2.5
2980,2.5
2981,4.0
2982,2.5
2983,2.5
2984,2.5
2985,2.5
2986,2.5
2987,4.0
2988,2.5
2989,4.712522532948097
2990,5.0
2991,5.0
2992,2.5
2993,2.5
2994,2.5
2995,2.5
2996,2.5
2997,2.5
2998,2.5
2999,2.5
3000,2.5
3001,2.5
3002,5.0
3003,5.0
3004,2.5
3005,5.0
3006,4.0
3007,5.0
3008,5.0
3009,5.0
3010,2.5
3011,5.0
3012,2.5
3013,2.5
3014,2.5
3015,5.0
3016,2.5
3017,2.5
3018,5.0
3019,5.0
3020,5.0
3021,2.5
3022,2.5
3023,5.0
3024,2.5
3025,2.5
3026,5.0
3027,2.5
3028,2.0
3029,2.5
3030,2.5
3031,2.5
3032,2.5
3033,4.0
3034,2.5
3035,5.0
3036,5.0
3037,5.0
3038,2.5
3039,4.0
3040,2.5
3041,2.5
3042,5.0
3043,5.0
3044,2.0
3045,2.0
3046,5.0
3047,2.5
3048,5.0
3049,5.0
3050,5.0
3051,5.0
3052,2.5
3053,5.0
3054,5.0
3055,2.5
3056,4.0
3057,2.5
3058,5.0
3059,5.0
3060,2.5
3061,2.5
3062,2.5
3063,2.5
3064,2.5
3065,2.5
3066,2.5
3067,2.5
3068,2.5
3069,2.5
3070,2.5
3071,2.5
3072,2.5
3073,2.5
3074,2.5
3075,2.5
3076,2.5
3077,2.5
3078,2.5
3079,2.5
3080,2.5
3081,2.5
3082,2.5
3083,2.5
3084,2.5
3085,2.5
3086,2.5
3087,2.5
3088,2.5
3089,2.5
3090,2.5
3091,2.5
3092,2.5
3093,2.5
3094,2.5
3095,2.5
3096,2.5
3097,2.5
3098,2.5
3099,2.5
3100,2.5
3101,2.5
3102,2.5
3103,2.5
3104,2.5
3105,2.5
3106,2.5
3107,2.5
3108,2.5
3109,2.5
3110,2.5
3111,2.5
3112,2.5
3113,2.5
3114,2.5
3115,2.5
3116,2.5
3117,2.5
3118,2.5
3119,2.5
3120,2.5
3121,2.5
3122,2.5
3123,2.5
3124,2.5
3125,2.5
3126,2.5
3127,2.5
3128,2.5
3129,2.5
3130,2.5
3131,2.5
3132,2.5
3133,2.5
3134,2.5
3135,2.5
3136,2.5
3137,2.5
3138,2.5
3139,2.5
3140,2.5
3141,2.5
3142,2.5
3143,2.5
3144,2.5
3145,2.5
3146,2.5
3147,2.5
3148,2.5
3149,2.5
3150,2.5
3151,2.5
3152,2.5
3153,2.5
3154,2.5
3155,2.5
3156,2.5
3157,2.5
3158,2.5
3159,2.5
3160,2.5
3161,2.5
3162,2.5
3163,2.5
3164,2.5
3165,2.5
3166,2.5
3167,2.5
3168,2.5
3169,2.5
3170,2.5
3171,2.5
3172,2.5
3173,2.5
3174,2.5
3175,2.5
3176,2.5
3177,2.5
3178,2.5
3179,2.5
3180,2.5
3181,2.5
3182,2.5
3183,2.5
3184,2.5
3185,2.5
3186,2.5
3187,2.5
3188,2.5
3189,2.5
3190,2.5
3191,2.5
3192,2.5
3193,2.5
3194,2.5
3195,2.5
3196,2.5
3197,2.5
3198,2.5
3199,2.5
3200,2.5
3201,2.5
3202,2.5
3203,2.5
3204,2.5
3205,2.5
3206,2.5
3207,2.5
3208,2.5
3209,2.5
3210,2.5
3211,2.5
3212,2.5
3213,2.5
3214,2.5
3215,2.5
3216,2.5
3217,2.5
3218,2.5
3219,2.5
3220,2.5
3221,2.5
3222,2.5
3223,2.5
3224,2.5
3225,2.5
3226,2.5
3227,2.5
3228,2.5
3229,2.5
3230,2.5
3231,2.5
3232,2.5
3233,2.5
3234,2.5
3235,2.5
3236,2.5
3237,2.5
3238,2.5
3239,2.5
3240,2.5
3241,2.5
3242,2.5
3243,2.5
3244,2.5
3245,2.5
3246,2.5
3247,2.5
3248,2.5
3249,2.5
3250,2.5
3251,2.5
3252,2.5
3253,2.5
3254,2.5
3255,2.5
3256,2.5
3257,2.5
3258,2.5
3259,2.5
3260,2.5
3261,2.5
3262,2.5
3263,2.5
3264,2.5
3265,2.5
3266,2.5
3267,2.5
3268,2.5
3269,2.5
3270,2.5
3271,2.5
3272,2.5
3273,2.5
3274,2.5
3275,2.5
3276,2.5
3277,2.5
3278,2.5
3279,2.5
3280,2.5
3281,2.5
3282,2.5
3283,2.5
3284,2.5
3285,2.5
3286,2.5
3287,2.5
3288,2.5
3289,2.5
3290,2.5
3291,2.5
3292,2.5
3293,2.5
3294,2.5
3295,2.5
3296,2.5
3297,2.5
3298,2.5
3299,2.5
3300,2.5
3301,2.5
3302,2.5
3303,2.5
3304,2.5
3305,2.5
3306,2.5
3307,2.5
3308,2.5
3309,2.5
3310,2.5
3311,2.5
3312,2.5
3313,2.5
3314,2.5
3315,2.5
3316,2.5
3317,2.5
3318,2.5
3319,2.5
3320,2.5
3321,2.5
3322,2.5
3323,2.5
3324,2.5
3325,2.5
3326,2.5
3327,2.5
3328,2.5
3329,2.5
3330,2.5
3331,2.5
3332,2.5
3333,2.5
3334,2.5
3335,2.5
3336,2.5
3337,2.5
3338,2.5
3339,2.5
3340,2.5
3341,2.5
3342,2.5
3343,2.5
3344,2.5
3345,2.5
3346,2.5
3347,2.5
3348,2.5
3349,2.5
3350,2.5
3351,2.5
3352,2.5
3353,2.5
3354,2.5
3355,2.5
3356,2.5
3357,2.5
3358,2.5
3359,2.5
3360,2.5
3361,2.5
3362,2.5
3363,2.5
3364,2.5
3365,2.5
3366,2.5
3367,2.5
3368,2.5
3369,2.5
3370,2.5
3371,2.5
3372,2.5
3373,2.5
3374,2.5
3375,2.5
3376,2.5
3377,2.5
3378,2.5
3379,2.5
3380,2.5
3381,2.5
3382,2.5
3383,2.5
3384,2.5
3385,2.5
3386,2.5
3387,2.5
3388,2.5
3389,2.5
3390,2.5
3391,2.5
3392,2.5
3393,2.5
3394,2.5
3395,2.5
3396,2.5
3397,2.5
3398,2.5
3399,2.5
3400,2.5
3401,2.5
3402,2.5
3403,2.5
3404,2.5
3405,2.5
3406,2.5
3407,2.5
3408,2.5
3409,2.5
3410,2.5
3411,2.5
3412,2.5
3413,2.5
3414,2.5
3415,2.5
3416,2.5
3417,2.5
3418,2.5
3419,2.5
3420,2.5
3421,2.5
3422,2.5
3423,2.5
3424,2.5
3425,2.5
3426,2.5
3427,2.5
3428,2.5
3429,2.5
3430,2.5
3431,2.5
3432,2.5
3433,2.5
3434,2.5
3435,2.5
3436,2.5
3437,2.5
3438,2.5
3439,2.5
3440,2.5
3441,2.5
3442,2.5
