,0
0,5.000000000000001
1,4.768099526851206
2,5.0
3,5.000000000000001
4,4.307776629172815
5,3.7071556771868712
6,3.7071556771868712
7,3.2384075022424264
8,3.890101679543435
9,3.890101679543435
10,4.131102352287186
11,4.131102352287186
12,5.0
13,5.0
14,1.2405757610482648
15,2.5
16,5.0
17,5.0
18,5.0
19,2.5
20,4.648897050263062
21,5.0
22,4.954512536578319
23,4.954512536578319
24,4.967817109721889
25,4.06235925230638
26,2.5
27,2.5
28,2.5
29,4.910002815655537
30,4.937238232028473
31,4.937238232028473
32,2.8690417077570998
33,3.621817470851677
34,3.621817470851677
35,5.0
36,2.5
37,2.5
38,3.0
39,5.000000000000001
40,3.229049503127631
41,2.5
42,2.5
43,4.64454770877351
44,4.120089290636526
45,4.742261135065156
46,4.885017280812194
47,4.0
48,2.9283051980602623
49,2.9283051980602623
50,2.5
51,3.7996606531940427
52,3.7996606531940427
53,2.8289793190744916
54,2.8289793190744916
55,4.2375715918094485
56,4.5311796261531905
57,2.5
58,2.5
59,4.0
60,4.65061637178676
61,4.65061637178676
62,2.5
63,3.412767667675444
64,3.1192932353095735
65,3.1192932353095735
66,4.669390243775677
67,2.5
68,5.0
69,3.2085116326685488
70,5.0
71,2.5
72,2.5
73,5.0
74,5.0
75,4.358242337262883
76,4.159166385684103
77,3.324054950788958
78,3.324054950788958
79,2.5
80,2.5
81,2.5
82,5.0
83,3.487015342180357
84,2.5
85,2.5
86,4.566662481820858
87,4.566662481820858
88,3.4893498126446825
89,3.0
90,4.937603791131578
91,3.942284392194654
92,3.942284392194654
93,4.228712176680822
94,4.734085623791841
95,4.72501034668439
96,2.5
97,5.0
98,1.7489933173978767
99,1.7489933173978767
100,5.0
101,4.0
102,5.000000000000001
103,3.3975001688480533
104,3.9149492177433443
105,3.9149492177433443
106,4.948130553885308
107,5.0
108,5.0
109,2.5
110,2.5
111,5.0
112,4.579543708936923
113,2.5
114,3.8295357906771548
115,4.393879068454247
116,4.393879068454247
117,2.5
118,4.868111466845567
119,4.868111466845567
120,4.528569061325525
121,5.0
122,5.0
123,2.5
124,5.0
125,4.152425442830856
126,4.94523372548751
127,4.0
128,4.0
129,4.79387537996687
130,4.213672882015178
131,4.213672882015178
132,2.5
133,4.457416353857128
134,2.9999999999999996
135,2.9999999999999996
136,1.1979061888211409
137,1.1979061888211409
138,2.5
139,4.249944781559407
140,4.249944781559407
141,4.615743777425992
142,5.0
143,4.776075379648661
144,4.776075379648661
145,4.5633556494561285
146,4.5633556494561285
147,3.3921057118664653
148,3.3921057118664653
149,5.0
150,5.0
151,5.0
152,2.5
153,2.5
154,4.0
155,3.1454337984604903
156,3.1454337984604903
157,5.0
158,5.0
159,4.798131775151516
160,3.1878657400120485
161,3.1878657400120485
162,2.5
163,2.5
164,4.384937593131968
165,5.0
166,4.755633941443725
167,4.0
168,4.0
169,4.961013047669575
170,4.961013047669575
171,2.5
172,5.0
173,4.0
174,2.5
175,2.5
176,4.0
177,2.5
178,2.5
179,2.5
180,2.5
181,4.31648513324606
182,2.5
183,2.5
184,4.0
185,4.0
186,2.5
187,2.1986598251116267
188,2.1986598251116267
189,5.000000000000001
190,1.7931301989510255
191,1.7931301989510255
192,4.534863887810689
193,2.5
194,2.5
195,2.5
196,5.000000000000001
197,2.5
198,3.619720123971479
199,3.619720123971479
200,2.5
201,2.342755530153037
202,2.342755530153037
203,4.0
204,3.7400342909374342
205,4.0
206,4.113593559472584
207,4.113593559472584
208,5.000000000000001
209,5.000000000000001
210,4.919808079650578
211,4.38512408466839
212,4.38512408466839
213,3.335107146161478
214,3.335107146161478
215,4.398256569421965
216,4.398256569421965
217,2.5
218,2.5
219,4.344347583732508
220,1.0
221,4.0
222,4.208478401783333
223,4.208478401783333
224,5.0
225,5.0
226,5.0
227,2.5
228,4.999999999999999
229,2.5
230,2.5
231,3.387231414795863
232,2.5
233,2.5
234,2.0
235,2.0
236,4.307875152058117
237,4.307875152058117
238,4.8267420265956265
239,4.8267420265956265
240,4.5978497996686665
241,4.5978497996686665
242,2.8088095086740767
243,3.9481305538853078
244,2.1912795341301305
245,2.1912795341301305
246,2.5
247,4.0
248,2.5
249,3.8467113290091817
250,4.300176414535262
251,4.0
252,5.0
253,5.0
254,3.13753894086505
255,4.5311796261531905
256,4.450020693368779
257,5.0
258,3.226227068292483
259,4.095368450626343
260,4.095368450626343
261,5.0
262,5.0
263,2.0
264,4.063368471523062
265,4.063368471523062
266,4.418547406015698
267,4.418547406015698
268,2.5
269,5.0
270,2.5
271,2.5
272,5.0
273,2.5
274,4.5013952319214825
275,3.531754699815935
276,3.2988023506371116
277,3.2988023506371116
278,4.999999999999999
279,4.0
280,3.1768568831843242
281,3.1768568831843242
282,2.5
283,2.5
284,3.738599721821128
285,3.738599721821128
286,2.5
287,4.617149484039221
288,4.617149484039221
289,2.5
290,2.5
291,4.231467271471464
292,2.5
293,4.081914177764894
294,4.081914177764894
295,4.954853971916601
296,4.342658646452087
297,5.0
298,4.0
299,4.0
300,4.0
301,2.5
302,4.581986217349878
303,4.171504821757153
304,2.5
305,2.5
306,4.0
307,4.0
308,4.8431218531854245
309,5.0
310,4.0
311,3.607897100539081
312,5.0
313,4.756492328909822
314,5.0
315,5.0
316,5.000000000000001
317,2.5
318,2.5
319,2.5
320,5.0
321,4.114648196662641
322,4.114648196662641
323,4.613885556987508
324,5.0
325,3.0
326,3.9613509767357886
327,3.9613509767357886
328,4.220000400971238
329,4.220000400971238
330,5.000000000000001
331,4.593508110370737
332,4.0
333,4.0
334,2.5
335,4.0
336,3.0
337,4.0
338,5.0
339,5.0
340,2.0
341,5.0
342,3.7525230486362484
343,3.7525230486362484
344,3.0
345,3.107765806040125
346,3.107765806040125
347,3.7536055002383435
348,5.0
349,5.0
350,2.5
351,5.0
352,3.3977490267899393
353,3.3977490267899393
354,5.0
355,3.3036189692263225
356,3.3036189692263225
357,5.0
358,5.0
359,4.48770440760016
360,4.48770440760016
361,5.0
362,4.0
363,4.0
364,4.95126721291802
365,2.5
366,4.580025381164831
367,4.999999999999999
368,4.608469146723013
369,4.608469146723013
370,4.850689563721397
371,2.5
372,5.0
373,4.0
374,3.497246982806524
375,3.497246982806524
376,5.0
377,3.0
378,3.0
379,5.000000000000001
380,2.5
381,4.0
382,2.0
383,2.0
384,5.0
385,5.0
386,2.5
387,2.5
388,2.5
389,4.718257717691012
390,4.718257717691012
391,4.647829239911959
392,5.0
393,4.0
394,5.0
395,5.0
396,2.5
397,5.0
398,3.0
399,2.5
400,3.863557445500099
401,3.863557445500099
402,4.0
403,1.7630978701236524
404,2.5
405,3.5025975726337912
406,4.999999999999999
407,5.0
408,2.5
409,2.5
410,4.263801932793512
411,4.263801932793512
412,4.0
413,4.0
414,4.850001603282166
415,4.0
416,2.5
417,2.5
418,2.5
419,2.7211136714982636
420,2.7211136714982636
421,5.0
422,4.0
423,4.0
424,4.0
425,3.958106344348675
426,5.0
427,4.522237057115402
428,2.5
429,2.5
430,2.5
431,4.077902552624303
432,4.077902552624303
433,5.0
434,5.0
435,5.0
436,5.0
437,5.0
438,4.14739059901642
439,2.0
440,2.0
441,2.5
442,3.12613544083385
443,4.0
444,2.5
445,5.000000000000001
446,4.0
447,4.0
448,2.5981565847919272
449,2.5981565847919272
450,5.0
451,2.5
452,1.0
453,4.945424794258865
454,4.945424794258865
455,4.0
456,4.700804309852646
457,4.700804309852646
458,2.5
459,4.657493701655521
460,4.791408476647836
461,3.4066469803839845
462,2.5
463,3.213054870831839
464,3.492234167346959
465,3.492234167346959
466,2.5
467,4.562276612846456
468,2.5737211976035446
469,2.5737211976035446
470,2.5
471,3.465589767805231
472,3.465589767805231
473,5.0
474,5.0
475,5.0
476,4.68139097603934
477,4.68139097603934
478,5.0
479,5.0
480,5.0
481,3.8673265789291147
482,4.9467570522496835
483,4.0
484,2.5
485,2.428126685625403
486,5.0
487,4.177175819775239
488,5.0
489,4.717366945748582
490,5.0
491,5.0
492,5.0
493,4.965543008433029
494,2.5
495,2.5
496,2.5
497,4.0
498,4.0
499,4.683933372927595
500,4.531168254298901
501,4.531168254298901
502,5.0
503,3.236680074822437
504,5.0
505,4.344776263577516
506,5.0
507,4.0
508,5.0
509,5.0
510,2.5
511,3.0
512,5.0
513,3.029825055403602
514,3.029825055403602
515,5.0
516,4.614683413384898
517,4.614683413384898
518,3.8910793050420236
519,3.8910793050420236
520,2.5
521,4.0
522,5.0
523,4.288860629775021
524,3.7882329876133234
525,3.7882329876133234
526,4.724133673706757
527,2.5
528,2.5
529,4.575422081706641
530,5.0
531,4.285063317061816
532,4.8865105735784935
533,4.0
534,4.72501034668439
535,2.5
536,5.0
537,5.0
538,4.7202939575072485
539,4.464730161289501
540,4.076677799570035
541,4.540827312967157
542,4.540827312967157
543,4.0
544,3.0
545,2.5
546,4.110240899881822
547,4.110240899881822
548,4.544305952896101
549,4.544305952896101
550,5.0
551,1.966994768173139
552,1.966994768173139
553,4.818305638678725
554,5.0
555,4.423615666138989
556,4.345228149432962
557,4.121911870150064
558,4.121911870150064
559,4.032313388253201
560,2.905568046537574
561,2.5
562,5.0
563,5.0
564,4.0
565,4.0
566,4.297952577142664
567,5.0
568,3.667531092404888
569,3.667531092404888
570,4.0
571,4.0
572,5.0
573,4.782341104115518
574,3.589545523869217
575,3.589545523869217
576,3.0
577,4.283162761436509
578,2.5
579,3.8555125160950645
580,4.357680865373171
581,4.357680865373171
582,3.88173497000878
583,2.5
584,3.0699386468660075
585,4.7370882838174095
586,2.5
587,2.762485240835187
588,4.251384179731265
589,1.502586980126205
590,1.502586980126205
591,5.0
592,4.481545603331807
593,4.481545603331807
594,5.0
595,2.28701403535553
596,3.266382202455978
597,4.0
598,4.0
599,4.101401404614222
600,5.0
601,4.816675143306256
602,4.816675143306256
603,4.574211501569392
604,4.574211501569392
605,4.0
606,4.695427679366269
607,4.695427679366269
608,5.0
609,3.7140633428127012
610,3.7140633428127012
611,5.0
612,4.0
613,4.0
614,4.83336915936312
615,2.5
616,3.0
617,2.5
618,4.3384392328771915
619,4.3384392328771915
620,2.5
621,4.0
622,2.5
623,5.0
624,4.344123115618652
625,4.344123115618652
626,2.675465087187925
627,4.0
628,5.0
629,5.0
630,4.959387941719933
631,5.0
632,5.0
633,5.0
634,4.765851737696466
635,4.0336906242027775
636,2.5
637,4.528734406779103
638,5.0
639,3.8816355697233282
640,5.000000000000001
641,4.666154043910514
642,4.666154043910514
643,4.0
644,4.0
645,4.0
646,2.5
647,2.5
648,2.5
649,4.154805300232511
650,2.5
651,5.0
652,5.0
653,5.0
654,5.000000000000001
655,2.5
656,2.5
657,4.86290556157353
658,4.86290556157353
659,4.0
660,2.5
661,4.490357993530304
662,2.5
663,2.5
664,3.128288148064272
665,5.0
666,2.5
667,3.9008853211798744
668,4.958515400167824
669,2.2770100084567946
670,2.2770100084567946
671,2.5
672,2.5
673,5.0
674,4.057676611116909
675,4.057676611116909
676,2.432652916841785
677,2.432652916841785
678,5.0
679,2.5
680,2.5
681,5.0
682,3.1371481322926615
683,3.1371481322926615
684,4.581215506328091
685,2.5
686,5.0
687,3.0646820508771473
688,3.0646820508771473
689,5.0
690,5.0
691,4.709280136761571
692,2.64992075212324
693,2.64992075212324
694,5.0
695,5.0
696,4.907663330514401
697,4.907663330514401
698,4.5311796261531905
699,4.627390857959219
700,2.931548902151184
701,4.0
702,4.0
703,4.536222892781166
704,4.536222892781166
705,4.619922380211901
706,4.619922380211901
707,5.0
708,3.28870580693883
709,4.287289649528325
710,4.2603436998362145
711,5.0
712,3.0
713,3.0
714,5.000000000000001
715,4.0
716,4.0
717,4.0
718,3.373163501390391
719,3.373163501390391
720,5.0
721,4.0
722,5.0
723,2.5
724,3.7056759212368675
725,2.5
726,2.5
727,5.0
728,4.0
729,4.0
730,2.5
731,4.7173814244074785
732,2.0
733,2.0
734,4.0
735,2.5
736,4.0
737,4.0
738,2.5
739,2.707355160581
740,2.707355160581
741,4.0
742,3.0
743,3.0
744,3.073327131375097
745,3.073327131375097
746,2.5
747,2.5
748,4.0
749,4.100866394094948
750,5.0
751,2.0
752,2.0
753,2.5
754,5.0
755,5.0
756,2.5
757,3.4104024857625763
758,4.5333793888131835
759,4.5333793888131835
760,5.0
761,2.363987862389305
762,2.363987862389305
763,3.1706564432860915
764,3.1706564432860915
765,2.3827595973498217
766,2.3827595973498217
767,3.0
768,4.871635342759035
769,2.5
770,5.0
771,4.538501155740017
772,3.6333648913687853
773,1.6816675535887633
774,5.0
775,5.0
776,5.000000000000001
777,2.5
778,3.5096970634993165
779,3.5096970634993165
780,5.0
781,5.0
782,5.0
783,2.5
784,2.5
785,5.0
786,5.0
787,2.5
788,2.5
789,4.0
790,2.5
791,2.5
792,5.0
793,2.5
794,2.5
795,4.295125158196083
796,4.0
797,5.0
798,4.0
799,4.080621251149042
800,4.080621251149042
801,3.657660150539055
802,3.657660150539055
803,5.0
804,2.5
805,2.5
806,2.5
807,2.5
808,2.693871673131937
809,2.693871673131937
810,3.604393933802572
811,3.604393933802572
812,5.0
813,4.431291250298083
814,3.4777575469616764
815,3.309032341841568
816,3.309032341841568
817,4.0
818,4.5601492378767485
819,2.5
820,3.942079853894939
821,3.942079853894939
822,3.0
823,2.0
824,2.0
825,2.5
826,2.5
827,4.999999999999999
828,4.999999999999999
829,5.0
830,2.5
831,4.15748120921941
832,2.5
833,2.5
834,2.5
835,2.5
836,4.277953246633819
837,4.277953246633819
838,4.2784699157873405
839,4.2784699157873405
840,4.337377885185965
841,2.5
842,3.0
843,4.0
844,5.0
845,4.708235213052975
846,4.243874927570823
847,4.243874927570823
848,2.5
849,5.0
850,5.0
851,5.0
852,5.0
853,4.633193580068913
854,3.7529094011695294
855,3.7529094011695294
856,3.0
857,3.0
858,5.0
859,5.0
860,3.472916101783658
861,3.472916101783658
862,4.466870117026279
863,4.466870117026279
864,3.3821799729186504
865,3.736097904760377
866,2.6326370827788197
867,2.6326370827788197
868,5.0
869,3.875245259918702
870,4.196519311445529
871,4.6256642519599165
872,4.6256642519599165
873,2.989472652786873
874,2.989472652786873
875,4.0
876,4.66150754434902
877,4.66150754434902
878,5.0
879,4.0
880,5.0
881,5.0
882,5.0
883,5.0
884,3.8274988646155634
885,3.220523599024615
886,3.220523599024615
887,5.0
888,3.0
889,4.0
890,4.647562579098042
891,4.647562579098042
892,4.605098465469569
893,5.0
894,5.0
895,4.549872962711749
896,3.342908039151114
897,3.342908039151114
898,4.270556329418035
899,2.5
900,2.5
901,2.5
902,4.548126347707416
903,2.3318947772264123
904,4.074189768413792
905,4.074189768413792
906,3.411319221691616
907,5.0
908,5.0
909,5.0
910,5.0
911,4.674127896103822
912,4.674127896103822
913,4.666154043910514
914,4.666154043910514
915,4.185499297717012
916,4.185499297717012
917,5.0
918,2.223206042836594
919,2.223206042836594
920,5.0
921,5.0
922,3.161733031651937
923,3.161733031651937
924,5.0
925,4.8531908069101775
926,2.5
927,2.5
928,4.287059644360018
929,4.287059644360018
930,2.970277719441816
931,2.5
932,2.5
933,2.5
934,4.863557445500098
935,4.083462831122069
936,3.9091834960153444
937,2.5
938,3.503081753570879
939,3.503081753570879
940,4.0
941,4.0
942,4.0
943,5.0
944,5.0
945,5.000000000000001
946,3.756900127011779
947,3.756900127011779
948,5.000000000000001
949,2.5
950,4.678236160006303
951,3.0
952,3.0
953,2.5
954,4.0
955,2.0
956,5.0
957,5.0
958,5.0
959,4.659338022345972
960,5.0
961,4.0
962,2.5
963,4.0
964,3.243406490931173
965,4.7799994704010365
966,4.7799994704010365
967,5.0
968,2.5
969,2.5
970,4.187928239078589
971,3.0
972,5.0
973,5.0
974,3.894884776385684
975,3.894884776385684
976,5.0
977,3.5025975726337912
978,5.0
979,4.0124632718869675
980,2.694313401782437
981,2.694313401782437
982,4.917844143176708
983,3.2648046214592017
984,3.2648046214592017
985,2.0
986,3.030254965815248
987,3.030254965815248
988,4.72501034668439
989,5.0
990,2.5
991,2.5
992,2.5
993,2.5
994,5.000000000000001
995,4.149741260652493
996,4.149741260652493
997,3.6338613438478875
998,3.6338613438478875
999,5.0
1000,4.6961791355201195
1001,4.6961791355201195
1002,2.5
1003,2.5
1004,2.5
1005,2.5
1006,4.773127582092977
1007,2.0
1008,2.0
1009,2.5
1010,4.0
1011,4.0
1012,4.0
1013,4.619753532160809
1014,4.619753532160809
1015,2.134057827966209
1016,2.134057827966209
1017,4.821335443808971
1018,4.0
1019,1.0
1020,4.0
1021,4.391530853276987
1022,2.5
1023,4.152425442830856
1024,3.035300055968424
1025,5.0
1026,5.0
1027,5.0
1028,5.0
1029,5.0
1030,4.0
1031,4.0
1032,4.0
1033,4.0
1034,4.0
1035,5.0
1036,2.5
1037,4.019826017197479
1038,4.0
1039,5.000000000000001
1040,5.0
1041,5.0
1042,2.5
1043,4.891794386957243
1044,4.891794386957243
1045,3.1080212618882226
1046,3.1080212618882226
1047,4.524507891072893
1048,4.196254781445788
1049,4.196254781445788
1050,3.8423021731945077
1051,4.0
1052,4.574014498923416
1053,3.865827161255624
1054,2.5
1055,2.5
1056,4.804415143229974
1057,5.0
1058,5.0
1059,5.0
1060,4.0
1061,5.0
1062,5.0
1063,4.019304306731038
1064,4.0
1065,5.0
1066,4.444873012569932
1067,5.0
1068,3.890424043711041
1069,4.773206271387854
1070,4.725284118211959
1071,2.5
1072,4.5156257650711265
1073,4.5156257650711265
1074,4.0816546259343145
1075,2.5
1076,2.5
1077,4.0
1078,4.0
1079,5.000000000000001
1080,2.5
1081,2.5
1082,4.0
1083,4.0
1084,5.0
1085,2.420832065645207
1086,4.548126347707416
1087,4.548126347707416
1088,2.5
1089,2.7514127666583605
1090,2.7514127666583605
1091,4.807871888712997
1092,5.0
1093,5.0
1094,4.342658646452087
1095,2.5
1096,2.5
1097,4.613885556987508
1098,2.5
1099,2.5
1100,5.0
1101,4.776405839888389
1102,5.0
1103,5.0
1104,3.0
1105,3.0
1106,4.0
1107,4.964247508163647
1108,5.0
1109,4.0
1110,2.5
1111,5.0
1112,2.5
1113,2.5
1114,4.0
1115,4.0
1116,2.5
1117,5.0
1118,5.0
1119,2.5
1120,5.0
1121,3.0
1122,4.210965650819057
1123,4.210965650819057
1124,4.463826397274624
1125,4.170617338554211
1126,2.5
1127,4.152985094409303
1128,4.0
1129,2.5
1130,3.5389671929744866
1131,3.5389671929744866
1132,4.0
1133,4.0
1134,2.1297894389670335
1135,2.1297894389670335
1136,2.5
1137,2.562595207314903
1138,2.562595207314903
1139,4.0
1140,2.5
1141,2.5
1142,5.0
1143,4.659293021138137
1144,2.1718843293939596
1145,5.0
1146,5.0
1147,5.0
1148,5.0
1149,4.0
1150,3.0
1151,4.8229633038724735
1152,4.6574402726980715
1153,2.5
1154,2.5
1155,5.000000000000001
1156,2.5
1157,2.5
1158,3.8714682017238213
1159,3.8714682017238213
1160,4.0
1161,5.0
1162,5.0
1163,5.0
1164,4.434075612199608
1165,2.5
1166,4.869510651868373
1167,4.869510651868373
1168,5.0
1169,4.126894989344775
1170,2.5
1171,5.0
1172,5.0
1173,2.5
1174,2.5
1175,5.0
1176,1.6723766992127727
1177,4.658274500451054
1178,5.0
1179,4.221844792714521
1180,4.221844792714521
1181,2.5
1182,2.5
1183,3.0
1184,2.480083635843211
1185,2.480083635843211
1186,4.447546998298903
1187,4.0
1188,2.5
1189,5.0
1190,5.0
1191,5.0
1192,5.0
1193,2.5
1194,5.0
1195,2.5
1196,2.5
1197,2.650023263820305
1198,4.0
1199,4.0
1200,3.0549733718294445
1201,3.0549733718294445
1202,2.5
1203,5.0
1204,2.5
1205,4.805073604909077
1206,4.906893996551664
1207,4.5601492378767485
1208,4.342658646452087
1209,4.0
1210,1.0
1211,4.751403330847982
1212,3.3967970919414525
1213,5.0
1214,5.0
1215,5.0
1216,5.0
1217,4.96577664266514
1218,4.0
1219,2.5
1220,2.5
1221,4.919808079650578
1222,3.4644419021725095
1223,3.4644419021725095
1224,5.0
1225,4.0
1226,5.0
1227,2.5
1228,5.0
1229,3.0
1230,2.5
1231,4.760378802125914
1232,4.454040896905756
1233,4.338562524314594
1234,2.5
1235,2.5
1236,5.0
1237,5.0
1238,5.0
1239,4.72501034668439
1240,5.0
1241,4.786632879815354
1242,4.786632879815354
1243,4.910635905284443
1244,5.0
1245,2.0
1246,5.0
1247,4.443840018875569
1248,5.0
1249,5.0
1250,4.786556869468983
1251,2.5
1252,2.5
1253,2.5
1254,4.1341728387443775
1255,5.0
1256,5.0
1257,4.0
1258,2.5
1259,3.5368632785279206
1260,5.0
1261,5.0
1262,5.0
1263,5.0
1264,2.5
1265,4.999999999999999
1266,2.5
1267,4.456020038793386
1268,3.4900739826782803
1269,3.4900739826782803
1270,4.832984217667477
1271,3.7797978738183793
1272,3.7797978738183793
1273,3.978112096442022
1274,3.978112096442022
1275,2.5
1276,3.0
1277,3.0
1278,4.0
1279,1.0
1280,1.0
1281,5.0
1282,4.335458603865308
1283,4.335458603865308
1284,5.0
1285,4.0
1286,4.447546998298903
1287,4.447546998298903
1288,3.5327851323845096
1289,3.5327851323845096
1290,3.780368596338118
1291,3.780368596338118
1292,4.0
1293,4.0
1294,4.618237795342966
1295,4.618237795342966
1296,2.5
1297,4.698242480641821
1298,5.0
1299,4.227011810935441
1300,4.227011810935441
1301,3.514077458598195
1302,3.514077458598195
1303,4.588680778308384
1304,5.0
1305,2.5
1306,2.472443627658229
1307,2.472443627658229
1308,3.9999999999999996
1309,3.9999999999999996
1310,3.929602088804311
1311,5.0
1312,2.5
1313,2.5
1314,5.0
1315,5.0
1316,5.0
1317,4.245062504262627
1318,3.0
1319,2.5
1320,4.0
1321,5.0
1322,4.0
1323,4.0
1324,2.501438821769379
1325,2.501438821769379
1326,4.662530100333306
1327,4.662530100333306
1328,4.121824882988538
1329,4.4398507621232515
1330,5.0
1331,2.0
1332,4.469589803062512
1333,2.5
1334,2.5
1335,2.5
1336,3.0
1337,2.5
1338,4.0
1339,4.291878165750233
1340,4.291878165750233
1341,4.0
1342,4.0
1343,2.5
1344,1.3198779998879486
1345,1.3198779998879486
1346,4.085010183358667
1347,3.915024546390853
1348,2.5
1349,4.822637648844821
1350,2.5
1351,2.0
1352,4.655047340845123
1353,4.498616001261672
1354,4.467258159714933
1355,4.304466424076488
1356,2.5
1357,2.5
1358,2.7646936180285078
1359,2.7646936180285078
1360,2.5
1361,4.0
1362,5.0
1363,3.797785280649199
1364,3.0
1365,5.0
1366,4.0
1367,4.0
1368,4.0
1369,4.0
1370,5.0
1371,4.506484439657593
1372,4.506484439657593
1373,4.8847705818387155
1374,3.912304552723269
1375,3.912304552723269
1376,2.5
1377,2.5
1378,4.0
1379,2.9997187194254082
1380,2.5
1381,2.5
1382,3.3010792856011753
1383,4.538501155740017
1384,3.926432728643495
1385,3.926432728643495
1386,4.0
1387,5.0
1388,5.0
1389,5.0
1390,4.531961029621576
1391,5.0
1392,5.0
1393,5.0
1394,4.815060905953537
1395,2.5
1396,4.0
1397,5.0
1398,4.6448331967914
1399,4.0
1400,3.0
1401,4.892826897457938
1402,5.0
1403,5.0
1404,5.0
1405,2.814281381517218
1406,2.814281381517218
1407,4.225868528458806
1408,4.225868528458806
1409,3.740744735248372
1410,3.740744735248372
1411,2.5
1412,2.5
1413,4.5938995906152895
1414,4.5938995906152895
1415,5.0
1416,5.0
1417,4.0
1418,2.5
1419,4.0
1420,2.57274302656254
1421,2.57274302656254
1422,3.521041440378308
1423,4.0
1424,2.5
1425,4.006354323827135
1426,5.0
1427,4.447253415501677
1428,5.0
1429,4.48425119465143
1430,4.0
1431,3.8336544102823056
1432,4.0
1433,5.0
1434,4.0
1435,2.5
1436,2.5
1437,3.831671030291849
1438,3.831671030291849
1439,2.5
1440,5.0
1441,4.869510651868373
1442,2.5
1443,4.152425442830856
1444,2.5
1445,4.431009401776508
1446,4.65725351329285
1447,5.0
1448,5.0
1449,4.0
1450,4.032750719921523
1451,4.999999999999999
1452,4.0
1453,4.0
1454,4.0
1455,3.072023921403686
1456,2.5
1457,2.5
1458,2.5
1459,2.5
1460,2.5
1461,4.4225883861223405
1462,2.5
1463,3.0
1464,3.329607578231147
1465,2.5
1466,2.5
1467,5.0
1468,4.858084150338718
1469,2.5
1470,4.0
1471,3.5319683847617758
1472,3.5319683847617758
1473,3.1519394953525555
1474,3.1519394953525555
1475,5.0
1476,2.0
1477,4.490302936500684
1478,4.0
1479,5.0
1480,5.0
1481,4.416827205141153
1482,4.0
1483,3.3908827560029393
1484,3.3908827560029393
1485,5.0
1486,3.0
1487,2.5
1488,5.0
1489,2.3969668981756125
1490,2.3969668981756125
1491,4.0
1492,2.5
1493,4.721825801521207
1494,2.0
1495,4.0
1496,4.287799911338818
1497,4.0
1498,4.0
1499,2.5
1500,2.5
1501,4.943670421577943
1502,5.0
1503,4.0
1504,4.0
1505,4.750567357972865
1506,4.0
1507,4.0
1508,5.0
1509,2.5
1510,4.283988519822335
1511,2.5
1512,3.0
1513,4.5311796261531905
1514,2.5
1515,5.0
1516,2.5
1517,5.0
1518,5.0
1519,2.5
1520,2.5
1521,4.6712405416134475
1522,2.9999999999999996
1523,2.9999999999999996
1524,5.0
1525,2.5
1526,4.0
1527,5.0
1528,5.0
1529,5.0
1530,4.624177508814505
1531,3.682900357532106
1532,3.682900357532106
1533,4.2272045459093315
1534,4.974347881390898
1535,4.0
1536,4.0
1537,4.0
1538,3.0828564330970245
1539,4.932215084646786
1540,4.72501034668439
1541,5.0
1542,5.000000000000001
1543,2.5
1544,2.734473020132472
1545,5.0
1546,4.0
1547,4.0
1548,4.178206657414897
1549,4.0
1550,2.5
1551,2.5
1552,2.5
1553,2.5
1554,5.0
1555,5.0
1556,5.0
1557,4.387330058218675
1558,3.102793989640761
1559,4.0
1560,2.5
1561,2.5
1562,3.8641750224487836
1563,3.040963321705533
1564,3.040963321705533
1565,5.0
1566,5.0
1567,2.5
1568,4.377700622633752
1569,4.377700622633752
1570,4.0
1571,5.0
1572,3.9435081743094207
1573,3.296571646449436
1574,4.0
1575,4.0
1576,4.0
1577,4.458503479136671
1578,4.458503479136671
1579,2.5
1580,4.6102549908694295
1581,2.5
1582,4.227771113975018
1583,2.5
1584,2.5
1585,3.0
1586,2.5
1587,4.0
1588,1.0
1589,2.5
1590,5.0
1591,2.5
1592,2.5
1593,5.0
1594,4.0
1595,4.0
1596,2.5
1597,4.411891227763921
1598,2.5
1599,5.0
1600,5.0
1601,4.0
1602,4.454100478969993
1603,3.2139998530126213
1604,5.0
1605,4.965543008433029
1606,4.0
1607,5.0
1608,2.5
1609,4.332196696087935
1610,2.5
1611,5.0
1612,4.0
1613,4.0
1614,4.067394493767197
1615,4.295790463398514
1616,4.295790463398514
1617,4.0
1618,3.862246744333236
1619,3.862246744333236
1620,3.4972517412489985
1621,3.4972517412489985
1622,4.0
1623,5.0
1624,1.6944379908245037
1625,2.5
1626,4.220458182925474
1627,4.776462695438819
1628,5.0
1629,5.0
1630,4.491091724968484
1631,2.5
1632,3.0
1633,4.0
1634,4.0
1635,4.408573286759112
1636,2.0
1637,3.0
1638,5.0
1639,5.0
1640,5.0
1641,4.0
1642,2.5
1643,4.0
1644,3.6347805512746656
1645,2.5
1646,5.0
1647,2.6642840999822286
1648,5.0
1649,3.0193043067310383
1650,2.5
1651,2.5
1652,2.5
1653,4.829454196388347
1654,2.0
1655,4.686493154091138
1656,5.0
1657,4.350576196452787
1658,2.5
1659,4.0
1660,4.0
1661,2.4802523551053994
1662,2.4802523551053994
1663,2.5
1664,4.581305981372306
1665,5.0
1666,2.5
1667,2.5
1668,5.0
1669,5.0
1670,5.0
1671,5.0
1672,3.1326734210708853
1673,3.1326734210708853
1674,2.5
1675,4.9111129182120425
1676,4.9111129182120425
1677,2.5
1678,4.738865810762614
1679,5.0
1680,4.538501155740017
1681,3.407175344352343
1682,3.407175344352343
1683,5.0
1684,5.0
1685,3.0
1686,3.0
1687,2.5
1688,3.0
1689,3.929030116866692
1690,5.0
1691,3.4485909040487757
1692,4.0
1693,3.0
1694,5.0
1695,4.0
1696,4.0
1697,4.138999197624629
1698,2.5
1699,2.5
1700,4.871163547732131
1701,4.871163547732131
1702,5.0
1703,2.5
1704,2.5
1705,3.0
1706,5.0
1707,2.5
1708,2.5
1709,4.0
1710,5.0
1711,5.0
1712,4.0257756945237215
1713,4.0257756945237215
1714,2.5
1715,5.0
1716,5.0
1717,5.0
1718,5.0
1719,4.0
1720,4.167882615205751
1721,4.167882615205751
1722,3.0
1723,4.110920067296059
1724,4.643256341753208
1725,4.643256341753208
1726,4.15694080257096
1727,4.08255640569463
1728,5.0
1729,3.644108817451007
1730,2.0747017469134175
1731,4.0
1732,2.5
1733,2.5
1734,4.826819048222073
1735,2.5
1736,2.5
1737,2.5
1738,3.2573010459560696
1739,1.7107219105624771
1740,1.7107219105624771
1741,2.5
1742,2.5
1743,2.5
1744,3.0
1745,2.5
1746,2.5
1747,4.0
1748,5.0
1749,4.0
1750,4.0
1751,2.5
1752,2.5
1753,2.5
1754,2.5
1755,2.5
1756,4.250114239657516
1757,3.763954199435437
1758,3.763954199435437
1759,2.5
1760,2.5
1761,2.5
1762,3.2802782540968973
1763,3.4648844747579317
1764,3.4648844747579317
1765,2.5
1766,2.5
1767,4.0
1768,4.0
1769,4.214623775856806
1770,4.0
1771,5.0
1772,5.0
1773,2.5
1774,5.0
1775,2.5
1776,3.7783428497650533
1777,5.0
1778,2.5
1779,5.0
1780,3.0
1781,4.0
1782,4.627390857959219
1783,4.627390857959219
1784,5.0
1785,2.0
1786,4.447344323046744
1787,3.7650282150886074
1788,4.822213765713611
1789,4.822213765713611
1790,5.0
1791,1.6920229942499796
1792,1.6920229942499796
1793,1.0
1794,1.0
1795,2.0
1796,4.0
1797,4.860908472165869
1798,4.860908472165869
1799,3.0
1800,5.0
1801,4.675443455073577
1802,4.675443455073577
1803,5.0
1804,2.5
1805,4.0
1806,4.95156990240862
1807,3.2648046214592017
1808,3.2648046214592017
1809,2.5
1810,5.0
1811,5.0
1812,5.0
1813,3.041893655651325
1814,2.0
1815,4.0
1816,3.580190521677331
1817,4.390145669593694
1818,4.110080135258036
1819,4.110080135258036
1820,5.0
1821,5.0
1822,4.266382202455978
1823,1.0
1824,4.057440222284604
1825,5.0
1826,5.0
1827,4.060186983374844
1828,4.0
1829,2.5
1830,2.0
1831,4.488874301280838
1832,2.5
1833,4.479126756529108
1834,5.000000000000001
1835,5.000000000000001
1836,4.0
1837,4.0
1838,2.5
1839,2.5
1840,2.5
1841,4.580025381164831
1842,4.0
1843,5.0
1844,2.5
1845,2.5
1846,4.624035605829088
1847,5.0
1848,2.5
1849,3.4519973731742923
1850,2.5
1851,4.0
1852,4.0
1853,5.000000000000001
1854,2.5
1855,2.5
1856,3.0
1857,4.0
1858,2.5
1859,2.5
1860,4.772955299687017
1861,4.358242337262883
1862,3.4424609179373733
1863,4.2796470724762825
1864,5.0
1865,5.0
1866,2.5
1867,2.5
1868,2.5
1869,2.5
1870,2.5
1871,2.502250034877205
1872,2.502250034877205
1873,5.0
1874,5.0
1875,4.0
1876,2.5
1877,3.264898501488367
1878,5.0
1879,4.1706564432860915
1880,4.1706564432860915
1881,4.061324968385597
1882,2.5
1883,3.0
1884,4.0
1885,4.0
1886,4.0
1887,2.0
1888,4.092351732010579
1889,4.092351732010579
1890,3.815952392859173
1891,4.3621808776815065
1892,4.3621808776815065
1893,2.0434712531983585
1894,2.0434712531983585
1895,3.0
1896,5.0
1897,2.5
1898,5.0
1899,5.0
1900,5.0
1901,5.0
1902,5.0
1903,4.705484076578898
1904,4.0
1905,4.0
1906,4.0
1907,5.0
1908,4.0
1909,4.0
1910,5.0
1911,2.0
1912,5.0
1913,4.726817791912339
1914,2.5
1915,4.251157185941113
1916,4.0
1917,3.6880503374696514
1918,3.6880503374696514
1919,4.635614623556971
1920,5.0
1921,5.0
1922,2.5
1923,1.0
1924,5.0
1925,2.5
1926,2.5
1927,2.5
1928,4.0
1929,5.0
1930,2.5
1931,4.0
1932,5.0
1933,5.0
1934,4.025652118609103
1935,5.0
1936,2.5
1937,2.5
1938,5.0
1939,4.0
1940,5.0
1941,1.9828638944481982
1942,2.5
1943,4.0
1944,4.0
1945,5.0
1946,5.0
1947,4.919808079650578
1948,4.0
1949,4.0
1950,2.5
1951,2.5
1952,3.0
1953,4.0
1954,4.0
1955,4.0
1956,4.0
1957,4.0
1958,3.3072693900515078
1959,3.3072693900515078
1960,2.5
1961,5.0
1962,5.0
1963,5.0
1964,2.5
1965,2.309206826058935
1966,5.0
1967,4.822170494049141
1968,2.5
1969,2.5
1970,4.473993782824144
1971,2.5
1972,3.0
1973,2.5
1974,2.5
1975,2.5
1976,4.419458321459825
1977,2.5
1978,5.0
1979,5.0
1980,2.5
1981,5.0
1982,5.0
1983,5.0
1984,5.0
1985,2.5
1986,2.5
1987,2.5
1988,4.0
1989,4.0
1990,4.270217726799059
1991,4.270217726799059
1992,5.0
1993,3.1065885395219865
1994,3.1065885395219865
1995,4.0
1996,1.0
1997,1.0
1998,2.5
1999,5.0
2000,4.152425442830856
2001,5.0
2002,5.0
2003,2.5
2004,4.306879733789276
2005,5.0
2006,5.0
2007,5.0
2008,4.0
2009,5.000000000000001
2010,4.0
2011,4.0
2012,4.881460894415097
2013,4.0
2014,4.0
2015,4.0
2016,5.0
2017,2.5
2018,5.0
2019,3.8971576932527143
2020,4.0
2021,2.5
2022,2.5
2023,5.000000000000001
2024,5.000000000000001
2025,4.406049257750197
2026,4.608469146723013
2027,4.608469146723013
2028,2.5
2029,5.0
2030,4.0
2031,4.0
2032,5.0
2033,5.0
2034,5.0
2035,3.0
2036,3.6994272379277096
2037,4.9396557175292095
2038,4.9396557175292095
2039,5.0
2040,2.5
2041,2.5
2042,2.5
2043,4.683954399442584
2044,1.0
2045,3.836454280140533
2046,2.5
2047,2.5
2048,2.5
2049,5.0
2050,5.0
2051,4.0
2052,5.0
2053,3.0
2054,4.0
2055,4.0
2056,5.0
2057,5.0
2058,4.103466758069672
2059,3.0
2060,3.0
2061,4.0
2062,4.0
2063,2.5
2064,2.489092993499328
2065,2.5
2066,2.5
2067,2.5
2068,4.450828614413719
2069,5.0
2070,5.0
2071,2.0
2072,3.0312644737504932
2073,3.0312644737504932
2074,3.8240615779926292
2075,5.0
2076,2.5
2077,2.5
2078,2.5
2079,4.0
2080,2.5
2081,4.0
2082,2.5
2083,5.0
2084,5.0
2085,2.5
2086,5.0
2087,4.2902700652628765
2088,4.2902700652628765
2089,4.138680758717094
2090,4.138680758717094
2091,2.5
2092,3.344563631206113
2093,2.5
2094,4.0
2095,2.5
2096,4.0
2097,5.0
2098,2.5
2099,2.5
2100,4.923325087686027
2101,2.5
2102,4.0
2103,2.5
2104,2.5
2105,4.36643300667259
2106,4.36643300667259
2107,4.0
2108,2.5
2109,5.0
2110,5.0
2111,2.5
2112,4.65725351329285
2113,4.738478250490146
2114,4.0831818997769
2115,2.2174005897828213
2116,2.5
2117,3.0
2118,4.0
2119,5.0
2120,2.5
2121,2.5
2122,2.5
2123,2.5
2124,4.776462695438819
2125,2.5
2126,2.5
2127,5.0
2128,4.516712173528574
2129,2.5
2130,2.5
2131,4.450020693368779
2132,3.5686774444395124
2133,2.5
2134,3.3127054761486177
2135,3.3127054761486177
2136,1.0
2137,1.0
2138,2.5
2139,3.61155899483847
2140,4.0
2141,2.5
2142,2.5
2143,2.5
2144,3.139510869256438
2145,3.139510869256438
2146,3.8641750224487836
2147,2.5
2148,2.5
2149,5.0
2150,2.5
2151,2.5
2152,2.5
2153,4.0
2154,2.5
2155,2.5
2156,5.0
2157,2.5
2158,2.5
2159,2.5
2160,5.0
2161,2.5
2162,5.0
2163,2.5
2164,4.225342378510987
2165,2.5
2166,2.5
2167,5.0
2168,2.6343363883073887
2169,5.0
2170,2.5
2171,4.72501034668439
2172,5.0
2173,4.0
2174,5.0
2175,5.0
2176,5.0
2177,5.0
2178,2.5
2179,2.5
2180,2.2031331367718914
2181,2.2031331367718914
2182,2.5
2183,3.4900727739371935
2184,4.646841908656236
2185,2.5
2186,4.489317530337539
2187,5.0
2188,4.0
2189,4.0
2190,5.0
2191,4.647562579098042
2192,2.5
2193,2.5
2194,5.0
2195,4.671553494164344
2196,5.0
2197,5.0
2198,2.5
2199,5.0
2200,5.0
2201,2.5
2202,2.5
2203,4.0
2204,4.0
2205,3.0000000000000004
2206,4.0
2207,5.0
2208,4.0
2209,3.553242268622335
2210,5.0
2211,4.350042422043045
2212,4.350042422043045
2213,4.0
2214,5.0
2215,2.5
2216,2.5
2217,2.5
2218,5.0
2219,5.0
2220,2.5
2221,4.216756735948469
2222,2.5
2223,4.4032766859657615
2224,4.794808936632844
2225,2.5
2226,4.931086016866058
2227,5.0
2228,2.5
2229,2.5
2230,2.5
2231,4.743301914335705
2232,4.743301914335705
2233,2.5
2234,2.5
2235,4.019304306731038
2236,2.5
2237,2.5
2238,2.5
2239,4.0
2240,2.5
2241,5.0
2242,5.0
2243,3.974347881390898
2244,2.5
2245,2.5
2246,2.5
2247,2.5
2248,4.0
2249,4.0
2250,5.0
2251,5.0
2252,4.0
2253,2.5
2254,4.0
2255,2.5
2256,2.5
2257,4.442460917937374
2258,5.0
2259,3.0
2260,5.0
2261,2.5
2262,5.0
2263,2.5
2264,2.5
2265,2.5
2266,3.0406120582800678
2267,2.5
2268,2.5
2269,2.5
2270,5.0
2271,5.0
2272,4.0
2273,2.5
2274,2.5
2275,3.7919511826655783
2276,4.0
2277,2.5
2278,2.5
2279,5.000000000000001
2280,2.5
2281,2.5
2282,4.912602401725796
2283,5.0
2284,5.0
2285,4.0
2286,2.5
2287,2.5
2288,2.5
2289,4.0
2290,5.0
2291,5.0
2292,2.5
2293,4.0
2294,2.5
2295,4.795610403755032
2296,2.0
2297,2.5
2298,4.5335369916480985
2299,2.5
2300,4.0
2301,5.0
2302,5.0
2303,5.0
2304,2.5
2305,3.0
2306,4.0
2307,5.0
2308,5.0
2309,2.5
2310,2.5
2311,2.5
2312,5.0
2313,4.665811315075027
2314,4.0
2315,3.0
2316,4.198821951155495
2317,4.198821951155495
2318,5.0
2319,4.0
2320,4.0
2321,5.0
2322,2.5
2323,2.5
2324,2.5
2325,2.5
2326,2.5
2327,4.0
2328,4.0
2329,3.352577776566532
2330,5.0
2331,2.5
2332,2.5
2333,4.0
2334,5.0
2335,4.0
2336,3.0
2337,2.5
2338,2.5
2339,2.5
2340,2.5
2341,4.0
2342,4.0
2343,3.3713871729084004
2344,5.0
2345,2.5
2346,2.5
2347,4.08255640569463
2348,5.0
2349,5.0
2350,4.0
2351,2.5
2352,1.794246497014716
2353,2.5
2354,5.0
2355,4.0
2356,2.5
2357,3.0
2358,2.5
2359,5.000000000000001
2360,5.000000000000001
2361,5.0
2362,2.265526979867528
2363,2.5
2364,1.0
2365,4.063529132903871
2366,2.5
2367,2.5
2368,4.55170638168458
2369,4.55170638168458
2370,4.0
2371,4.0
2372,2.5
2373,2.5
2374,5.0
2375,5.0
2376,5.0
2377,2.5
2378,2.5
2379,2.5
2380,4.0
2381,4.260524937192571
2382,2.5
2383,2.5
2384,2.5
2385,5.0
2386,5.0
2387,2.5
2388,4.0
2389,5.0
2390,5.0
2391,5.0
2392,3.5389671929744866
2393,3.5389671929744866
2394,1.0
2395,4.083959189924495
2396,4.999999999999999
2397,4.999999999999999
2398,5.0
2399,5.0
2400,4.482349972015788
2401,2.5
2402,5.0
2403,5.0
2404,3.0
2405,5.0
2406,3.0
2407,2.625409264441597
2408,4.617656140112448
2409,2.5
2410,2.5
2411,2.5
2412,5.0
2413,4.345869404329188
2414,4.345869404329188
2415,2.5
2416,3.0
2417,2.5
2418,2.0
2419,3.3044664240764874
2420,5.0
2421,5.0
2422,5.0
2423,5.0
2424,4.767400019335175
2425,4.767400019335175
2426,2.9789729947381254
2427,5.0
2428,5.0
2429,4.0
2430,4.0
2431,3.0
2432,2.5
2433,5.0
2434,5.0
2435,2.5
2436,5.0
2437,2.5
2438,2.5
2439,2.5
2440,5.0
2441,5.0
2442,5.0
2443,2.5
2444,4.605156211809504
2445,2.5
2446,2.5
2447,2.5
2448,4.0
2449,2.5
2450,2.5
2451,5.0
2452,3.5984276255834153
2453,3.5984276255834153
2454,5.0
2455,5.0
2456,4.0
2457,5.0
2458,5.0
2459,4.113284988431487
2460,2.0
2461,2.5
2462,2.5
2463,2.5
2464,2.5
2465,2.5
2466,3.0
2467,2.5
2468,5.0
2469,5.0
2470,4.0
2471,5.0
2472,5.0
2473,3.0
2474,5.0
2475,2.5
2476,2.5
2477,5.0
2478,2.797462337952278
2479,4.48494166253602
2480,4.787999397357605
2481,2.5
2482,5.0
2483,2.5
2484,2.5
2485,2.5
2486,2.0
2487,2.5
2488,5.0
2489,4.328123006286202
2490,5.0
2491,2.5
2492,3.9126558421405004
2493,4.0
2494,2.5
2495,5.0
2496,5.0
2497,2.5
2498,3.509652153365519
2499,2.9999999999999996
2500,5.0
2501,2.5
2502,4.490302936500684
2503,5.0
2504,5.0
2505,2.7594030484930054
2506,2.0
2507,2.0
2508,2.5
2509,2.5
2510,4.0
2511,2.5
2512,2.5
2513,2.5
2514,2.5
2515,2.5
2516,5.0
2517,3.0
2518,2.5
2519,2.5
2520,2.5
2521,4.727114891000197
2522,5.0
2523,5.0
2524,3.6848765071855576
2525,3.0
2526,3.0
2527,4.0
2528,3.7055173861775796
2529,3.5485165923301554
2530,2.5
2531,2.5
2532,2.5
2533,2.5
2534,2.5
2535,5.0
2536,4.62301939030422
2537,2.676259686214063
2538,2.5
2539,2.5
2540,4.255971232144486
2541,4.255971232144486
2542,4.917143349378966
2543,2.5
2544,2.5
2545,5.0
2546,5.0
2547,2.5
2548,4.0
2549,2.5
2550,2.5
2551,2.5
2552,4.0
2553,4.0
2554,2.5
2555,2.5
2556,5.0
2557,4.461731542424446
2558,4.461731542424446
2559,4.0
2560,4.0
2561,2.5
2562,2.701056208423314
2563,4.0
2564,3.0
2565,2.5
2566,3.0
2567,2.5
2568,5.0
2569,1.0
2570,2.5
2571,4.0
2572,4.0
2573,5.0
2574,2.5
2575,4.902922483008131
2576,2.5
2577,2.5
2578,2.5
2579,2.5
2580,2.5
2581,4.490302936500684
2582,4.490302936500684
2583,2.5
2584,3.0193043067310383
2585,2.5
2586,4.683954399442584
2587,4.0
2588,2.5
2589,4.0
2590,2.5
2591,2.5
2592,3.0
2593,5.0
2594,2.5
2595,4.0
2596,2.5
2597,2.5
2598,5.0
2599,5.0
2600,5.0
2601,2.546601480109133
2602,4.0
2603,5.0
2604,2.5
2605,2.5
2606,5.0
2607,2.5
2608,5.0
2609,5.0
2610,2.5
2611,2.5
2612,2.5
2613,4.0
2614,4.0
2615,2.5
2616,2.5
2617,4.0
2618,4.0
2619,2.5
2620,3.088839957184055
2621,2.5
2622,5.0
2623,4.0
2624,2.5
2625,2.5
2626,5.0
2627,2.5
2628,2.5
2629,5.0
2630,2.5
2631,1.9718450828036103
2632,1.0
2633,2.5
2634,2.5
2635,2.5
2636,2.5
2637,2.5
2638,2.6973267121368973
2639,5.0
2640,2.5
2641,2.5
2642,3.5711550618491525
2643,2.5
2644,2.5
2645,2.5
2646,2.5
2647,5.0
2648,3.0
2649,2.5
2650,2.5
2651,5.0
2652,5.0
2653,5.0
2654,1.0
2655,2.5
2656,4.0
2657,2.5
2658,4.0
2659,5.0
2660,4.319821737612499
2661,5.0
2662,5.0
2663,2.5
2664,2.5
2665,2.5
2666,3.752560497562445
2667,5.0
2668,4.0
2669,2.5
2670,3.4245399925698647
2671,1.5271340236613764
2672,1.5271340236613764
2673,4.894625391565911
2674,2.5
2675,4.0
2676,2.472443627658229
2677,5.0
2678,5.0
2679,5.0
2680,4.804415143229974
2681,2.5
2682,5.0
2683,5.0
2684,2.5
2685,4.904554287376521
2686,4.904554287376521
2687,4.0
2688,4.0
2689,4.7178991509335
2690,4.0
2691,3.0
2692,5.0
2693,5.0
2694,4.0
2695,5.0
2696,5.0
2697,4.0
2698,3.899573303683967
2699,2.5
2700,2.5
2701,3.0
2702,3.0
2703,4.0
2704,4.0
2705,4.019304306731038
2706,2.5
2707,2.5
2708,2.5
2709,4.517806254769192
2710,2.0
2711,2.5
2712,5.0
2713,5.0
2714,4.0
2715,4.0
2716,2.5
2717,1.0
2718,2.5
2719,2.5
2720,2.5
2721,2.0
2722,4.0
2723,5.0
2724,3.0000000000000004
2725,2.5
2726,2.5
2727,4.120298475753497
2728,2.5
2729,2.5
2730,4.0
2731,3.0
2732,2.5
2733,2.5
2734,2.5
2735,2.5
2736,4.0
2737,2.0
2738,2.0
2739,4.0
2740,2.5
2741,2.5
2742,2.5
2743,5.0
2744,5.0
2745,2.5
2746,2.5
2747,2.5
2748,2.5
2749,2.5
2750,5.0
2751,2.5
2752,2.906782224200536
2753,2.906782224200536
2754,3.0
2755,2.5
2756,2.5
2757,2.5
2758,2.5
2759,2.5
2760,5.0
2761,5.0
2762,5.0
2763,5.0
2764,4.0
2765,2.5
2766,2.0
2767,4.0
2768,3.0
2769,5.0
2770,4.0
2771,2.5
2772,5.0
2773,4.0
2774,5.0
2775,4.948695762781795
2776,4.971328074479535
2777,2.5
2778,5.0
2779,5.0
2780,2.5
2781,2.0
2782,5.0
2783,2.5
2784,4.0
2785,3.0
2786,3.509652153365519
2787,3.0
2788,3.0
2789,2.5
2790,5.0
2791,5.0
2792,5.0
2793,4.765233130495783
2794,2.5
2795,5.0
2796,2.5
2797,2.5
2798,2.5
2799,2.5
2800,5.0
2801,2.5
2802,5.0
2803,5.0
2804,3.0
2805,4.758356086764287
2806,2.5
2807,2.5
2808,2.5
2809,2.5
2810,4.332196696087935
2811,2.5
2812,4.0
2813,5.0
2814,2.9999999999999996
2815,2.5
2816,2.5
2817,2.5
2818,2.5
2819,2.5
2820,2.5
2821,3.0
2822,2.5
2823,2.5
2824,2.5
2825,5.0
2826,4.0
2827,4.0
2828,2.5
2829,2.5
2830,2.5
2831,5.0
2832,4.291195525705362
2833,5.0
2834,2.5
2835,2.5
2836,2.5
2837,2.5
2838,2.5
2839,2.5
2840,3.0
2841,3.0
2842,2.5
2843,4.77531853778771
2844,5.0
2845,5.0
2846,2.5
2847,2.5
2848,2.5
2849,2.5
2850,5.0
2851,5.0
2852,3.0
2853,5.0
2854,2.5
2855,2.5
2856,2.5
2857,2.5
2858,4.660433904788181
2859,2.5
2860,2.5
2861,2.5
2862,2.5
2863,5.0
2864,5.0
2865,2.5
2866,4.999999999999999
2867,2.5
2868,2.5
2869,4.0
2870,5.0
2871,5.0
2872,2.5
2873,2.5
2874,2.5
2875,2.5
2876,4.438642886908754
2877,2.5
2878,4.0
2879,2.5
2880,2.5
2881,2.0
2882,4.424539992569865
2883,2.5
2884,5.0
2885,2.5
2886,5.0
2887,5.0
2888,2.5
2889,1.0
2890,1.0
2891,2.5
2892,2.5
2893,2.5
2894,2.5
2895,2.5
2896,5.0
2897,2.5
2898,2.5
2899,4.0
2900,2.5
2901,5.0
2902,2.5
2903,2.5
2904,2.5
2905,4.0
2906,4.0
2907,2.5
2908,5.0
2909,2.5
2910,5.0
2911,2.5
2912,2.5
2913,5.0
2914,4.0
2915,4.0
2916,5.0
2917,4.0
2918,2.5
2919,2.5
2920,5.0
2921,5.0
2922,5.0
2923,2.5
2924,2.5
2925,5.0
2926,2.5
2927,5.0
2928,5.0
2929,2.5
2930,5.0
2931,2.5
2932,2.5
2933,2.5
2934,4.0
2935,5.0
2936,5.0
2937,2.5
2938,1.0
2939,4.0
2940,3.2648046214592017
2941,4.0
2942,4.0
2943,5.0
2944,2.5
2945,5.0
2946,2.5
2947,5.0
2948,2.5
2949,2.5
2950,2.5
2951,2.5
2952,4.092336669485598
2953,3.0
2954,5.0
2955,3.3011704050998993
2956,2.5
2957,5.0
2958,5.0
2959,2.5
2960,2.5
2961,2.5
2962,2.5
2963,5.0
2964,3.0
2965,4.0
2966,5.0
2967,2.5
2968,5.0
2969,2.5
2970,3.0
2971,2.3725203400821346
2972,2.5
2973,5.0
2974,2.5
2975,4.999999999999999
2976,2.5
2977,5.0
2978,2.5
2979,2.5
2980,2.5
2981,3.576730164096313
2982,2.5
2983,2.5
2984,2.5
2985,2.5
2986,2.5
2987,4.0
2988,2.5
2989,1.2762986080790153
2990,5.0
2991,5.0
2992,2.5
2993,2.5
2994,2.5
2995,2.5
2996,2.5
2997,2.5
2998,2.5
2999,2.5
3000,2.5
3001,2.5
3002,5.0
3003,5.0
3004,2.5
3005,5.0
3006,4.0
3007,5.0
3008,5.0
3009,5.0
3010,2.5
3011,5.0
3012,2.5
3013,2.5
3014,2.5
3015,4.0
3016,2.5
3017,2.5
3018,5.0
3019,5.0
3020,5.0
3021,2.5
3022,2.5
3023,5.0
3024,2.5
3025,2.5
3026,4.0
3027,2.5
3028,1.0
3029,2.5
3030,2.5
3031,2.5
3032,2.5
3033,4.0
3034,2.5
3035,4.0
3036,4.0
3037,5.0
3038,2.5
3039,4.0
3040,2.5
3041,2.5
3042,4.0
3043,4.0
3044,2.0
3045,2.0
3046,4.0
3047,2.5
3048,4.0
3049,5.0
3050,4.0
3051,5.0
3052,2.5
3053,4.0
3054,5.0
3055,2.5
3056,2.9999999999999996
3057,2.5
3058,5.0
3059,5.0
3060,2.5
3061,2.5
3062,2.5
3063,2.5
3064,2.5
3065,2.5
3066,2.5
3067,2.5
3068,2.5
3069,2.5
3070,2.5
3071,2.5
3072,2.5
3073,2.5
3074,2.5
3075,2.5
3076,2.5
3077,2.5
3078,2.5
3079,2.5
3080,2.5
3081,2.5
3082,2.5
3083,2.5
3084,2.5
3085,2.5
3086,2.5
3087,2.5
3088,2.5
3089,2.5
3090,2.5
3091,2.5
3092,2.5
3093,2.5
3094,2.5
3095,2.5
3096,2.5
3097,2.5
3098,2.5
3099,2.5
3100,2.5
3101,2.5
3102,2.5
3103,2.5
3104,2.5
3105,2.5
3106,2.5
3107,2.5
3108,2.5
3109,2.5
3110,2.5
3111,2.5
3112,2.5
3113,2.5
3114,2.5
3115,2.5
3116,2.5
3117,2.5
3118,2.5
3119,2.5
3120,2.5
3121,2.5
3122,2.5
3123,2.5
3124,2.5
3125,2.5
3126,2.5
3127,2.5
3128,2.5
3129,2.5
3130,2.5
3131,2.5
3132,2.5
3133,2.5
3134,2.5
3135,2.5
3136,2.5
3137,2.5
3138,2.5
3139,2.5
3140,2.5
3141,2.5
3142,2.5
3143,2.5
3144,2.5
3145,2.5
3146,2.5
3147,2.5
3148,2.5
3149,2.5
3150,2.5
3151,2.5
3152,2.5
3153,2.5
3154,2.5
3155,2.5
3156,2.5
3157,2.5
3158,2.5
3159,2.5
3160,2.5
3161,2.5
3162,2.5
3163,2.5
3164,2.5
3165,2.5
3166,2.5
3167,2.5
3168,2.5
3169,2.5
3170,2.5
3171,2.5
3172,2.5
3173,2.5
3174,2.5
3175,2.5
3176,2.5
3177,2.5
3178,2.5
3179,2.5
3180,2.5
3181,2.5
3182,2.5
3183,2.5
3184,2.5
3185,2.5
3186,2.5
3187,2.5
3188,2.5
3189,2.5
3190,2.5
3191,2.5
3192,2.5
3193,2.5
3194,2.5
3195,2.5
3196,2.5
3197,2.5
3198,2.5
3199,2.5
3200,2.5
3201,2.5
3202,2.5
3203,2.5
3204,2.5
3205,2.5
3206,2.5
3207,2.5
3208,2.5
3209,2.5
3210,2.5
3211,2.5
3212,2.5
3213,2.5
3214,2.5
3215,2.5
3216,2.5
3217,2.5
3218,2.5
3219,2.5
3220,2.5
3221,2.5
3222,2.5
3223,2.5
3224,2.5
3225,2.5
3226,2.5
3227,2.5
3228,2.5
3229,2.5
3230,2.5
3231,2.5
3232,2.5
3233,2.5
3234,2.5
3235,2.5
3236,2.5
3237,2.5
3238,2.5
3239,2.5
3240,2.5
3241,2.5
3242,2.5
3243,2.5
3244,2.5
3245,2.5
3246,2.5
3247,2.5
3248,2.5
3249,2.5
3250,2.5
3251,2.5
3252,2.5
3253,2.5
3254,2.5
3255,2.5
3256,2.5
3257,2.5
3258,2.5
3259,2.5
3260,2.5
3261,2.5
3262,2.5
3263,2.5
3264,2.5
3265,2.5
3266,2.5
3267,2.5
3268,2.5
3269,2.5
3270,2.5
3271,2.5
3272,2.5
3273,2.5
3274,2.5
3275,2.5
3276,2.5
3277,2.5
3278,2.5
3279,2.5
3280,2.5
3281,2.5
3282,2.5
3283,2.5
3284,2.5
3285,2.5
3286,2.5
3287,2.5
3288,2.5
3289,2.5
3290,2.5
3291,2.5
3292,2.5
3293,2.5
3294,2.5
3295,2.5
3296,2.5
3297,2.5
3298,2.5
3299,2.5
3300,2.5
3301,2.5
3302,2.5
3303,2.5
3304,2.5
3305,2.5
3306,2.5
3307,2.5
3308,2.5
3309,2.5
3310,2.5
3311,2.5
3312,2.5
3313,2.5
3314,2.5
3315,2.5
3316,2.5
3317,2.5
3318,2.5
3319,2.5
3320,2.5
3321,2.5
3322,2.5
3323,2.5
3324,2.5
3325,2.5
3326,2.5
3327,2.5
3328,2.5
3329,2.5
3330,2.5
3331,2.5
3332,2.5
3333,2.5
3334,2.5
3335,2.5
3336,2.5
3337,2.5
3338,2.5
3339,2.5
3340,2.5
3341,2.5
3342,2.5
3343,2.5
3344,2.5
3345,2.5
3346,2.5
3347,2.5
3348,2.5
3349,2.5
3350,2.5
3351,2.5
3352,2.5
3353,2.5
3354,2.5
3355,2.5
3356,2.5
3357,2.5
3358,2.5
3359,2.5
3360,2.5
3361,2.5
3362,2.5
3363,2.5
3364,2.5
3365,2.5
3366,2.5
3367,2.5
3368,2.5
3369,2.5
3370,2.5
3371,2.5
3372,2.5
3373,2.5
3374,2.5
3375,2.5
3376,2.5
3377,2.5
3378,2.5
3379,2.5
3380,2.5
3381,2.5
3382,2.5
3383,2.5
3384,2.5
3385,2.5
3386,2.5
3387,2.5
3388,2.5
3389,2.5
3390,2.5
3391,2.5
3392,2.5
3393,2.5
3394,2.5
3395,2.5
3396,2.5
3397,2.5
3398,2.5
3399,2.5
3400,2.5
3401,2.5
3402,2.5
3403,2.5
3404,2.5
3405,2.5
3406,2.5
3407,2.5
3408,2.5
3409,2.5
3410,2.5
3411,2.5
3412,2.5
3413,2.5
3414,2.5
3415,2.5
3416,2.5
3417,2.5
3418,2.5
3419,2.5
3420,2.5
3421,2.5
3422,2.5
3423,2.5
3424,2.5
3425,2.5
3426,2.5
3427,2.5
3428,2.5
3429,2.5
3430,2.5
3431,2.5
3432,2.5
3433,2.5
3434,2.5
3435,2.5
3436,2.5
3437,2.5
3438,2.5
3439,2.5
3440,2.5
3441,2.5
3442,2.5
