,0
0,5.000000000000001
1,4.797751365151632
2,2.0
3,3.630599972957244
4,3.630599972957244
5,5.000000000000001
6,4.323297342429179
7,4.323297342429179
8,5.0
9,4.004192661626579
10,4.004192661626579
11,4.7458150035831395
12,4.7458150035831395
13,5.000000000000001
14,4.999999999999999
15,4.999999999999999
16,4.5472605733020215
17,3.5691645220675574
18,3.5691645220675574
19,4.780355641907522
20,4.780355641907522
21,5.0
22,4.999999999999999
23,5.000000000000002
24,2.5
25,4.377098370388944
26,4.377098370388944
27,4.725971389715288
28,4.432219648443943
29,4.432219648443943
30,4.5637926282275485
31,4.909053911821632
32,4.909053911821632
33,4.69549952069744
34,4.851033625778388
35,5.000000000000001
36,5.000000000000001
37,4.773816994031312
38,5.0
39,4.0
40,5.0
41,5.0
42,4.669766500035856
43,5.0
44,4.257301566076997
45,4.257301566076997
46,3.0
47,3.9836196792224703
48,3.9836196792224703
49,3.9134240555908195
50,3.9134240555908195
51,5.0
52,5.0
53,4.6162062249922435
54,4.999999999999999
55,4.5500798677789165
56,4.80763515942252
57,5.000000000000001
58,5.0
59,4.305980512521213
60,4.666861903526403
61,3.238047648508787
62,3.238047648508787
63,4.197610742203302
64,4.197610742203302
65,4.736567587835827
66,4.796178995582234
67,3.0574024098242365
68,3.0574024098242365
69,4.0
70,4.0
71,4.871172561994438
72,5.0
73,4.816005203370414
74,4.999999999999999
75,4.999999999999999
76,4.89009008838153
77,4.89009008838153
78,4.0
79,4.790807135044864
80,4.7275266578005795
81,4.262732685786673
82,4.262732685786673
83,4.944737812655225
84,4.696771306971244
85,4.7338409107927175
86,5.0
87,5.0
88,4.4364709755759755
89,4.4364709755759755
90,5.0
91,4.0
92,4.7412019563826595
93,4.598070473692547
94,4.7556842352581485
95,4.7556842352581485
96,4.208855683780083
97,4.773799296166582
98,4.773799296166582
99,4.924511522265708
100,4.868833217485416
101,5.0
102,4.999999999999999
103,4.551710425486183
104,5.0
105,5.0
106,4.986588662180834
107,4.986588662180834
108,4.354412075322743
109,2.5
110,4.668517194655539
111,4.780904626226287
112,4.0
113,4.893970630991527
114,4.727040412875329
115,4.727040412875329
116,4.886634679601872
117,4.791690409252181
118,4.791690409252181
119,4.8206974965125164
120,5.0
121,4.919443133005713
122,4.919443133005713
123,5.0
124,3.251480374609403
125,3.251480374609403
126,5.0
127,4.3122552708935045
128,4.3122552708935045
129,5.000000000000001
130,4.621643992710747
131,4.965739755064483
132,4.965739755064483
133,5.000000000000001
134,4.999999999999999
135,5.000000000000001
136,5.0
137,5.0
138,4.263906867142642
139,4.263906867142642
140,5.000000000000001
141,4.022016176780038
142,4.022016176780038
143,4.147925522619218
144,4.147925522619218
145,5.0
146,5.0
147,3.8168575173756834
148,4.836099431900963
149,4.8505542403262405
150,5.0
151,5.0
152,5.0
153,5.000000000000001
154,4.310349173038998
155,4.310349173038998
156,4.19059910322462
157,4.469900899885177
158,5.000000000000001
159,5.000000000000001
160,4.4701533468636745
161,5.000000000000001
162,5.000000000000001
163,5.0
164,4.110918703097771
165,4.110918703097771
166,2.1199715176246468
167,2.1199715176246468
168,4.930390775678248
169,5.0
170,5.0
171,5.0
172,4.0
173,4.9576256906091345
174,4.9576256906091345
175,4.7004506150880605
176,3.5359320982351763
177,3.5359320982351763
178,4.095613901369651
179,4.774725932872113
180,4.89286027442079
181,4.89286027442079
182,4.498882119867158
183,4.498882119867158
184,3.393503557726178
185,3.393503557726178
186,4.108907789143523
187,4.108907789143523
188,5.0
189,5.0
190,4.0
191,5.0
192,4.3363526037758175
193,4.3363526037758175
194,5.000000000000001
195,5.0
196,4.0
197,4.0
198,4.38906542815985
199,5.0
200,5.0
201,2.0
202,2.0
203,4.652276446210471
204,4.652276446210471
205,4.945145718659137
206,4.945145718659137
207,5.0
208,4.0
209,4.332267407293724
210,4.332267407293724
211,4.842480783299041
212,4.0
213,5.0
214,4.762686494614291
215,4.5509953956091636
216,4.192507394228549
217,5.000000000000001
218,5.000000000000001
219,4.439474087359041
220,4.782128805033455
221,5.0
222,4.156062002475766
223,4.754650636149964
224,4.754650636149964
225,4.595356819097564
226,4.757082682089531
227,3.1943187657632133
228,4.388767524320493
229,4.388767524320493
230,4.83394987610104
231,4.83394987610104
232,5.0
233,4.819447026879951
234,4.819447026879951
235,5.0
236,4.0
237,5.0
238,4.9003905150138864
239,2.5601863384719956
240,2.5601863384719956
241,4.914390160317648
242,4.999999999999999
243,3.918676338806125
244,3.918676338806125
245,3.0
246,3.0
247,4.42827740665918
248,4.500166110011371
249,4.500166110011371
250,3.628894692018871
251,4.611077366500167
252,3.6740533789095893
253,3.6740533789095893
254,4.872490948317111
255,4.683738384107698
256,5.0
257,4.0
258,4.0
259,3.9537501443416003
260,4.883339022379606
261,4.689378528886547
262,2.5
263,5.0
264,4.873263360032652
265,4.859666552163115
266,4.567959840140321
267,4.721181855536686
268,5.0
269,4.835249692686384
270,4.517556573291232
271,4.801819971219724
272,5.0
273,3.9065884225442704
274,3.9065884225442704
275,4.0
276,4.508919242748265
277,4.249531802766927
278,4.249531802766927
279,4.907805473424604
280,5.0
281,4.720036678253177
282,4.530483359640357
283,4.530483359640357
284,4.20115675916291
285,4.20115675916291
286,5.0
287,4.903921636626825
288,5.0
289,5.0
290,4.711957194909066
291,5.0
292,4.918756690472753
293,4.290809222799574
294,4.869137614876576
295,4.869137614876576
296,4.289680514242963
297,4.81554048668147
298,4.3196035707488285
299,4.3196035707488285
300,4.419671425671116
301,4.5399671753934205
302,5.0
303,5.0
304,5.0
305,5.0
306,4.066800283135376
307,4.066800283135376
308,5.000000000000001
309,3.7313144620166288
310,3.7313144620166288
311,5.0
312,5.0
313,5.0
314,5.0
315,4.3366192608159
316,4.3366192608159
317,4.64630613244099
318,5.0
319,5.0
320,5.0
321,4.60140882456804
322,4.60140882456804
323,4.526031678139155
324,5.0
325,5.0
326,4.57753029575179
327,4.57753029575179
328,4.295867077068414
329,4.027164382479958
330,5.0
331,3.0
332,3.0
333,4.417476780341466
334,4.417476780341466
335,4.734126693119252
336,4.130345500871113
337,4.130345500871113
338,4.5891671752244045
339,4.5891671752244045
340,4.9600732446588625
341,5.0
342,4.3342898060088535
343,5.0
344,5.0
345,2.5
346,5.0
347,4.661163945434076
348,3.5520286454377827
349,3.5520286454377827
350,5.0
351,3.3789687140552505
352,5.0
353,3.5308548292333826
354,5.000000000000001
355,5.0
356,5.0
357,5.0
358,5.0
359,4.145886509580792
360,4.145886509580792
361,4.913022905317964
362,2.5783881379534277
363,4.801246882274147
364,4.801246882274147
365,4.999999999999999
366,4.515968292454589
367,4.515968292454589
368,5.0
369,4.747429197133811
370,4.458110671779157
371,4.458110671779157
372,4.300566936434498
373,5.000000000000001
374,4.737305347905131
375,5.0
376,5.0
377,5.0
378,3.62157530368636
379,3.62157530368636
380,5.0
381,5.0
382,5.0
383,5.0
384,4.45428441113873
385,4.45428441113873
386,5.0
387,3.9993740332257572
388,5.0
389,3.650933206261829
390,4.672693572508275
391,2.162910280350111
392,2.162910280350111
393,4.0
394,4.0
395,4.303236420575736
396,5.0
397,3.253862222039521
398,4.619481673441368
399,4.619481673441368
400,4.2907517033836715
401,4.795364806201169
402,4.90131799176754
403,4.999999999999999
404,4.0
405,4.679543576874562
406,4.971033812698149
407,4.308218378140257
408,4.308218378140257
409,4.781497305903225
410,1.612114009463781
411,1.612114009463781
412,4.3034342281792375
413,3.7600903600203646
414,3.7600903600203646
415,4.472206547929738
416,4.999999999999999
417,4.999999999999999
418,5.000000000000001
419,5.000000000000001
420,4.73362694445687
421,5.0
422,5.0
423,4.0
424,5.0
425,2.5
426,5.0
427,4.614832326741324
428,5.0
429,4.559039220589271
430,5.0
431,4.902555048723988
432,4.45987396938571
433,4.45987396938571
434,4.629644462228894
435,4.851334755016815
436,3.894815836255889
437,3.894815836255889
438,5.0
439,4.473240727773431
440,4.473240727773431
441,5.000000000000002
442,4.430277424894829
443,4.034954201546823
444,5.0
445,4.7591361365635105
446,4.748223393397037
447,4.0
448,5.0
449,2.5
450,4.0
451,4.81164485820731
452,5.0
453,3.864673447460225
454,3.864673447460225
455,4.824876642063101
456,4.965837096332975
457,4.965837096332975
458,4.2881403114152326
459,4.2881403114152326
460,4.79034902759495
461,4.0
462,3.978348395909079
463,3.978348395909079
464,5.000000000000001
465,3.6193604570689253
466,3.6193604570689253
467,4.566842021302563
468,4.890363670188349
469,4.53601156373042
470,5.000000000000001
471,5.0
472,5.0
473,1.62044368879241
474,1.62044368879241
475,4.740616803568562
476,4.828675627124815
477,5.0
478,4.707677581611698
479,4.707677581611698
480,4.8517885000865535
481,4.8008394449844465
482,5.0
483,4.245748694120973
484,4.245748694120973
485,4.522612535205763
486,4.522612535205763
487,5.0
488,4.8943161009909915
489,4.8943161009909915
490,5.0
491,5.0
492,4.925004819699008
493,4.796942616575478
494,4.796942616575478
495,4.939276871295281
496,4.030929105475543
497,4.386847950800917
498,4.386847950800917
499,5.0
500,5.0
501,4.922522919343629
502,4.233107972294362
503,3.598706968595398
504,3.598706968595398
505,4.0
506,4.0
507,4.696054662357084
508,5.000000000000001
509,3.7720206872211945
510,3.7720206872211945
511,4.098250459269834
512,5.0
513,4.458123320009262
514,4.878249362692617
515,4.461083000104105
516,4.461083000104105
517,4.400250139367354
518,5.0
519,3.940992069234013
520,4.348980373500677
521,2.5536923322629748
522,4.738550679942951
523,2.706133653401311
524,2.706133653401311
525,4.173026952782037
526,4.149212108460698
527,4.149212108460698
528,5.0
529,3.9981138068490294
530,3.845717625423859
531,5.0
532,4.6687779052358795
533,4.6687779052358795
534,4.0947745665246105
535,5.000000000000001
536,4.855233151919702
537,4.855233151919702
538,4.970913404732069
539,4.970913404732069
540,4.083578248056436
541,4.685583542922316
542,4.685583542922316
543,4.585043235139198
544,4.585043235139198
545,5.0
546,5.0
547,4.525134677575904
548,4.2824319079179
549,5.0
550,3.615457768137944
551,3.615457768137944
552,4.987434505039148
553,4.999999999999999
554,4.367723971275238
555,4.713661478833741
556,4.713661478833741
557,3.8378719641829937
558,4.701886580963458
559,5.000000000000001
560,4.0
561,4.999999999999999
562,4.999999999999999
563,5.000000000000001
564,5.000000000000001
565,5.0
566,3.2031801725406157
567,5.0
568,3.030975043626445
569,4.633530067770894
570,4.633530067770894
571,4.08105070932181
572,5.0
573,4.250002360812807
574,4.250002360812807
575,4.962144733716547
576,5.0
577,5.000000000000001
578,4.8515398004945816
579,5.000000000000001
580,4.510410021388329
581,4.510410021388329
582,4.491272855380282
583,4.491272855380282
584,4.759247616510108
585,4.234463656331959
586,4.4968753658572655
587,4.0
588,4.999999999999999
589,4.0
590,4.533251020552816
591,4.562158480200805
592,4.044865347527571
593,4.73847836060294
594,4.73847836060294
595,4.899840697272707
596,4.520120057641796
597,4.520120057641796
598,4.387641568887685
599,4.387641568887685
600,4.520433639944517
601,3.651112061545672
602,3.651112061545672
603,4.409686338915158
604,4.409686338915158
605,4.918295961002244
606,2.830856397854143
607,2.830856397854143
608,4.9639690079696255
609,4.47099711277747
610,4.187629732186325
611,4.187629732186325
612,4.355143067824701
613,4.355143067824701
614,5.0
615,5.0
616,3.2076907582936975
617,5.0
618,5.0
619,4.707009343664798
620,4.707009343664798
621,4.71231031472735
622,4.71231031472735
623,4.684813578037444
624,4.759840800261237
625,5.000000000000001
626,4.363407231603387
627,5.0
628,5.0
629,5.0
630,4.830420111683144
631,4.999999999999999
632,4.999999999999999
633,4.342431023140983
634,5.0
635,4.527588849623858
636,4.7062175363494045
637,5.0
638,2.3395863850111356
639,5.0
640,5.0
641,4.877156275957278
642,3.452575747878386
643,3.452575747878386
644,4.0
645,5.0
646,3.6604590905593595
647,3.6604590905593595
648,3.4318517174337244
649,5.000000000000001
650,5.000000000000001
651,5.000000000000001
652,5.0
653,3.922111192532493
654,3.922111192532493
655,5.0
656,4.160255406165871
657,4.160255406165871
658,4.0
659,4.0
660,3.1069957844457976
661,3.1069957844457976
662,4.141123676469529
663,4.973979689189359
664,5.0
665,2.0
666,2.0
667,4.82076897352494
668,2.5
669,5.0
670,4.570399262954789
671,4.252710643817043
672,4.252710643817043
673,3.746394988211831
674,3.746394988211831
675,4.615222489656788
676,4.615222489656788
677,3.1526477773187045
678,3.1526477773187045
679,4.0181948511903185
680,5.0
681,4.77383108803294
682,5.0
683,4.284018159278897
684,3.269682140977401
685,4.724049213663545
686,4.724049213663545
687,5.0
688,4.52838705346998
689,4.8295123356773155
690,4.8295123356773155
691,4.895229950475313
692,4.895229950475313
693,2.5
694,5.0
695,5.0
696,5.000000000000001
697,4.59554281574986
698,5.0
699,5.0
700,4.358363122269212
701,4.249622032578367
702,4.249622032578367
703,4.999999999999999
704,3.6630769665998533
705,3.6630769665998533
706,4.639366082902228
707,4.713006240350731
708,4.8445058317721585
709,4.8445058317721585
710,4.888143138432389
711,5.000000000000001
712,4.544509891284318
713,4.544509891284318
714,3.8822114552033176
715,3.8822114552033176
716,4.679122145714722
717,5.0
718,5.0
719,5.0
720,3.2563932893879595
721,3.2563932893879595
722,4.2138550691917604
723,4.2138550691917604
724,5.0
725,4.242682336437455
726,5.0
727,4.017279458772352
728,4.017279458772352
729,4.880880054253155
730,4.551922689573425
731,5.0
732,4.579720470209427
733,4.579720470209427
734,3.0000000000000004
735,3.1616453584934234
736,3.1616453584934234
737,5.000000000000001
738,5.000000000000001
739,4.671725052110445
740,4.671725052110445
741,4.800808740116033
742,4.776842047619134
743,4.0
744,5.0
745,5.0
746,4.507832634327496
747,4.507832634327496
748,4.314238676103316
749,4.314238676103316
750,4.604277401491334
751,4.604277401491334
752,4.920503693565485
753,4.64969107174232
754,3.6873479150303354
755,4.657278195594911
756,4.999999999999999
757,4.483774476569335
758,4.483774476569335
759,5.000000000000001
760,5.0
761,4.584993180559533
762,4.356356716866604
763,4.428929050413806
764,4.843505107474461
765,4.610285465951381
766,4.610285465951381
767,4.616736339619824
768,4.616736339619824
769,5.0
770,5.0
771,3.8756511628256103
772,3.8756511628256103
773,4.959473719872499
774,4.959473719872499
775,4.539912075337357
776,4.999999999999998
777,2.5
778,4.273644163042163
779,4.97066297928802
780,5.000000000000001
781,5.000000000000001
782,3.8414661278047255
783,3.8414661278047255
784,4.793410419290777
785,4.793410419290777
786,4.881979828114631
787,4.251811374254603
788,5.0
789,4.1301352339417905
790,4.999999999999999
791,4.465283816065881
792,4.69219180194861
793,4.278105643922169
794,4.278105643922169
795,4.796285698802354
796,4.764811953473572
797,5.0
798,4.389873089038419
799,4.389873089038419
800,5.0
801,5.0
802,5.0
803,3.9493972078128277
804,3.9493972078128277
805,5.0
806,2.5
807,5.0
808,5.0
809,4.548309252551175
810,3.224192516243491
811,4.546315086175757
812,4.546315086175757
813,5.0
814,4.1522947838688085
815,4.1522947838688085
816,5.0
817,4.9221665026669115
818,4.750358567768522
819,4.750358567768522
820,4.357427085675892
821,4.357427085675892
822,5.0
823,4.538527727449003
824,4.538527727449003
825,5.0
826,5.0
827,5.000000000000001
828,5.0
829,5.0
830,5.0
831,4.045071347851107
832,4.045071347851107
833,4.293212320362401
834,4.0
835,5.0
836,5.0
837,5.0
838,4.126602320202168
839,4.546901749933066
840,4.646623382418374
841,4.483844104418727
842,2.0908869895600986
843,4.099171058618833
844,4.099171058618833
845,4.439549426805303
846,5.0
847,5.0
848,4.246832506045733
849,5.0
850,5.0
851,5.0
852,5.0
853,4.025600516922179
854,4.025600516922179
855,4.0
856,5.0
857,4.764021177774227
858,4.377165021507666
859,4.377165021507666
860,4.716669709874434
861,5.0
862,4.105765409648001
863,5.000000000000001
864,4.442508449775097
865,1.4996520863184934
866,4.673701959466841
867,4.673701959466841
868,2.5
869,5.0
870,5.0
871,4.010310818554861
872,4.0
873,5.000000000000001
874,5.000000000000001
875,3.6011756648838253
876,3.6011756648838253
877,4.872995311385976
878,4.0
879,4.76579669425126
880,4.475404650616169
881,2.7937325288722805
882,2.7937325288722805
883,5.000000000000001
884,4.0406991073589955
885,4.0406991073589955
886,4.902001410547186
887,4.801727717618369
888,3.8453766868518318
889,3.8453766868518318
890,4.71466664326075
891,5.000000000000001
892,5.0
893,3.7708781717736746
894,3.7708781717736746
895,5.0
896,4.999999999999999
897,4.134456813585923
898,4.134456813585923
899,4.826163596682906
900,4.76713060325446
901,4.76713060325446
902,4.999999999999999
903,4.0
904,5.0
905,5.0
906,5.000000000000002
907,3.8094671456825484
908,3.8094671456825484
909,4.688677322604525
910,4.702056768950369
911,3.9736963255773987
912,3.9736963255773987
913,4.551780664715243
914,4.551780664715243
915,2.846526385106927
916,2.846526385106927
917,5.0
918,4.396875040759346
919,4.6000180687489856
920,5.0
921,4.849166668175598
922,4.817543604986639
923,4.76287572030886
924,4.852178239478953
925,2.5
926,4.927667970805896
927,4.070091135931173
928,4.070091135931173
929,5.000000000000001
930,5.0
931,4.401730117534636
932,4.401730117534636
933,5.0
934,4.716629714388848
935,4.716629714388848
936,4.827752546134501
937,4.8276628577211635
938,4.0
939,5.000000000000001
940,5.0
941,5.0
942,3.2204293476615384
943,3.2204293476615384
944,3.4536228994988085
945,3.4536228994988085
946,4.954543294401252
947,4.7834265526088275
948,4.7834265526088275
949,5.000000000000001
950,4.999999999999999
951,4.787350428080282
952,4.138377983899989
953,4.999999999999999
954,4.999999999999999
955,2.2820795486807195
956,5.0
957,5.0
958,5.0
959,5.0
960,4.566589545536785
961,4.566589545536785
962,4.213244447535675
963,4.162136210268308
964,4.906549942690231
965,4.5318662181521505
966,4.722035661803598
967,4.465980155464791
968,4.999999999999999
969,4.0
970,4.730735362114716
971,4.730735362114716
972,4.53651138746799
973,5.0
974,4.57436102048764
975,4.731236635605026
976,4.731236635605026
977,5.0
978,5.0
979,5.0
980,4.256808037142116
981,4.256808037142116
982,4.570088975242524
983,4.453348756355131
984,4.453348756355131
985,5.0
986,5.0
987,4.7626173341591915
988,4.7626173341591915
989,4.815594668259182
990,5.0
991,4.830703569377809
992,4.817222471963977
993,4.817222471963977
994,4.812291506986664
995,5.0
996,4.171734580330558
997,4.841206078865005
998,5.0
999,4.137873713785747
1000,4.999999999999999
1001,3.6563287223308225
1002,3.6563287223308225
1003,3.5768407731595953
1004,3.5768407731595953
1005,4.816622203907286
1006,4.27145044401384
1007,5.0
1008,4.821059148524789
1009,4.999999999999999
1010,5.0
1011,4.801849123045177
1012,4.801849123045177
1013,5.0
1014,4.669406523800618
1015,4.324524173541277
1016,4.622638823056805
1017,4.517375926564826
1018,5.0
1019,4.955655966275989
1020,4.955655966275989
1021,4.048620659474012
1022,4.048620659474012
1023,4.684785457756467
1024,4.684785457756467
1025,5.0
1026,4.320600090364848
1027,4.320600090364848
1028,4.0
1029,5.0
1030,5.0
1031,4.775378652895005
1032,2.6599381759319374
1033,4.999999999999999
1034,4.999999999999999
1035,4.692523203181202
1036,4.999999999999999
1037,3.0
1038,4.666490282533419
1039,5.0
1040,4.908044776725251
1041,5.0
1042,5.0
1043,4.999999999999999
1044,4.7609821373398615
1045,4.7609821373398615
1046,4.892711141097764
1047,4.892711141097764
1048,4.605800038384845
1049,4.59073319805753
1050,5.0
1051,4.861178300234522
1052,4.861178300234522
1053,4.535087781698125
1054,5.0
1055,4.592427022699948
1056,4.592427022699948
1057,5.0
1058,5.0
1059,5.0
1060,4.643506769817445
1061,4.215019585026131
1062,5.0
1063,3.7075336998696704
1064,3.7075336998696704
1065,1.0
1066,1.0
1067,3.0000000000000004
1068,4.657816117524541
1069,4.652474972709995
1070,4.799862525732248
1071,4.799862525732248
1072,4.870186920645163
1073,4.870186920645163
1074,5.0
1075,5.0
1076,4.779975048336598
1077,4.999999999999999
1078,3.125090310839168
1079,4.179163477676261
1080,4.179163477676261
1081,3.2339639734802765
1082,3.2339639734802765
1083,4.999999999999999
1084,4.539590396404279
1085,5.0
1086,4.232428269520789
1087,5.0
1088,4.282695266954697
1089,4.844725208526921
1090,3.676890986129244
1091,4.460505535831566
1092,4.716797805428134
1093,4.454909612976064
1094,4.454909612976064
1095,4.999999999999999
1096,5.0
1097,4.0
1098,4.544650611524558
1099,2.335006822145093
1100,2.335006822145093
1101,4.506940344546735
1102,4.999999999999999
1103,4.3480328031009
1104,5.0
1105,5.0
1106,5.0
1107,4.301475353457784
1108,4.299489521754281
1109,4.428005049020642
1110,4.0
1111,4.619611111804544
1112,4.619611111804544
1113,4.668483446956773
1114,4.721829330153776
1115,4.721829330153776
1116,2.5
1117,4.521192961631749
1118,5.0
1119,4.876001076460624
1120,4.876001076460624
1121,4.754619641737327
1122,5.000000000000001
1123,5.0
1124,5.000000000000001
1125,4.5221973270280635
1126,4.999999999999999
1127,4.999999999999999
1128,4.561118932214382
1129,4.999999999999999
1130,4.330149964361543
1131,4.626018011553922
1132,3.7903119227906297
1133,5.000000000000001
1134,5.000000000000001
1135,2.5
1136,3.7011174958078064
1137,3.7011174958078064
1138,2.5
1139,5.0
1140,5.000000000000001
1141,4.173871161359194
1142,4.423818373220822
1143,4.423818373220822
1144,4.876957758059777
1145,4.3361055773931705
1146,4.3361055773931705
1147,4.773833739746593
1148,4.773833739746593
1149,5.0
1150,4.431361426967487
1151,4.431361426967487
1152,5.0
1153,3.5159821026486955
1154,3.5159821026486955
1155,5.0
1156,4.541818972772537
1157,4.541818972772537
1158,5.0
1159,5.000000000000001
1160,2.463020757816253
1161,2.463020757816253
1162,3.734707970595812
1163,3.734707970595812
1164,5.0
1165,4.327264823042374
1166,4.327264823042374
1167,4.104276420387721
1168,4.5315682292557495
1169,4.730033513071512
1170,4.730033513071512
1171,5.0
1172,4.41905776993682
1173,4.532737414216954
1174,4.096689446183889
1175,3.8769647448425397
1176,3.8769647448425397
1177,3.1226343456827665
1178,3.1226343456827665
1179,4.910678289344077
1180,4.623760670501487
1181,4.999999999999999
1182,5.0
1183,3.0
1184,3.0
1185,4.908945071478219
1186,4.908945071478219
1187,4.554891310670223
1188,4.798804863266342
1189,5.0
1190,5.0
1191,4.696220963815402
1192,4.043031195899021
1193,5.0
1194,4.741298335451656
1195,4.702409230144605
1196,5.0
1197,4.222646950029031
1198,4.5562463896127054
1199,4.5562463896127054
1200,4.67881257163255
1201,4.67881257163255
1202,3.63279255878658
1203,3.63279255878658
1204,4.818373953312169
1205,5.0
1206,3.441072796143835
1207,4.697842452073452
1208,4.787496230420165
1209,4.999999999999999
1210,4.999999999999999
1211,4.999999999999999
1212,4.625487030912396
1213,4.894131319937114
1214,2.991827246511017
1215,4.482828142691605
1216,4.482828142691605
1217,5.0
1218,2.433138110509208
1219,2.433138110509208
1220,4.9055605436424425
1221,4.571997820287696
1222,5.0
1223,4.644807189769156
1224,4.829974214883746
1225,3.9204265652735044
1226,3.9204265652735044
1227,4.229287368327756
1228,4.768416273240226
1229,4.641380262916444
1230,3.4419160502819706
1231,5.000000000000001
1232,5.000000000000001
1233,3.513433190987681
1234,3.513433190987681
1235,4.84783112710464
1236,4.312772495440173
1237,5.000000000000001
1238,4.825301564754064
1239,3.248962628604276
1240,5.000000000000001
1241,4.0
1242,4.0
1243,5.0
1244,3.8439549390680026
1245,3.8439549390680026
1246,4.711860164609925
1247,4.237468614740969
1248,4.237468614740969
1249,5.0
1250,5.0
1251,4.0
1252,4.662809900777604
1253,5.0
1254,5.0
1255,4.815102723029779
1256,4.798911310355868
1257,4.852324954301882
1258,4.852324954301882
1259,5.000000000000001
1260,3.9839954120948153
1261,3.9839954120948153
1262,4.999999999999999
1263,4.622166898399113
1264,4.999999999999999
1265,4.999999999999999
1266,5.0
1267,5.000000000000001
1268,5.000000000000001
1269,4.0
1270,5.0
1271,4.0
1272,3.395099043773357
1273,4.9836381353010015
1274,5.000000000000001
1275,5.0
1276,5.0
1277,4.077766931420987
1278,4.077766931420987
1279,4.98433375991107
1280,4.98433375991107
1281,4.610546279724619
1282,4.610546279724619
1283,1.0
1284,1.0
1285,4.883145694572603
1286,4.883145694572603
1287,4.759129074811237
1288,2.5
1289,4.113274306541808
1290,5.0
1291,5.0
1292,4.0
1293,4.0
1294,4.34962915768367
1295,4.0
1296,5.0
1297,4.735924179667543
1298,5.0
1299,4.919652542412157
1300,2.5
1301,5.0
1302,4.402918393341737
1303,4.90109606563747
1304,4.928404523267964
1305,4.6931180312388685
1306,4.608570671151223
1307,5.0
1308,5.0
1309,3.9662441112652203
1310,3.9662441112652203
1311,5.0
1312,5.0
1313,4.177380831221747
1314,5.000000000000001
1315,4.0
1316,4.999999999999999
1317,5.0
1318,5.0
1319,4.106491261772363
1320,4.900217308264899
1321,5.0
1322,4.999999999999999
1323,3.651629131544626
1324,3.651629131544626
1325,4.603769973417943
1326,4.0
1327,4.0
1328,5.0
1329,5.0
1330,4.446066063026875
1331,5.0
1332,5.0
1333,5.0
1334,4.281041059276416
1335,4.0
1336,4.0
1337,5.000000000000001
1338,4.9382592178861895
1339,5.0
1340,4.885691286663877
1341,3.564493784830526
1342,3.564493784830526
1343,3.8011132332486
1344,3.8011132332486
1345,5.0
1346,2.6875606611997127
1347,5.0
1348,4.999999999999999
1349,4.999999999999999
1350,4.428396171465192
1351,5.0
1352,4.304578744305292
1353,4.304578744305292
1354,2.5
1355,4.8938409820274655
1356,5.0
1357,4.78835553019745
1358,4.629779300347789
1359,4.629779300347789
1360,4.0
1361,5.000000000000001
1362,4.472319209029175
1363,4.618533418405487
1364,5.0
1365,4.760017445846631
1366,4.146667488347019
1367,4.0
1368,5.0
1369,5.0
1370,5.0
1371,5.0
1372,4.0
1373,4.0
1374,3.84177861629145
1375,4.350473691538348
1376,4.350473691538348
1377,4.636352201172755
1378,4.7396916597619665
1379,4.655664324411424
1380,4.013571653843311
1381,5.0
1382,5.0
1383,5.0
1384,5.0
1385,4.627305520447297
1386,4.627305520447297
1387,4.736012421021356
1388,3.0
1389,3.0
1390,5.0
1391,5.000000000000001
1392,5.0
1393,4.0
1394,5.0
1395,4.730311159921601
1396,4.343515518503604
1397,3.354783341121052
1398,3.354783341121052
1399,4.482312197212639
1400,5.0
1401,4.757460538885053
1402,4.999999999999999
1403,4.999999999999999
1404,3.4837196364488414
1405,4.050635235676748
1406,4.434141269237438
1407,4.59650748891685
1408,4.260849572614021
1409,4.260849572614021
1410,4.999999999999999
1411,4.609564114829842
1412,4.999999999999999
1413,3.4976073780014074
1414,5.0
1415,4.681798173853786
1416,5.0
1417,4.0
1418,5.0
1419,5.0
1420,5.0
1421,5.0
1422,5.0
1423,5.0
1424,3.3925774228865992
1425,4.770039723819244
1426,5.0
1427,5.0
1428,5.0
1429,3.5614974012485914
1430,3.5614974012485914
1431,5.0
1432,5.0
1433,5.0
1434,5.000000000000002
1435,2.5
1436,5.0
1437,4.0
1438,4.283863456704007
1439,4.283863456704007
1440,5.0
1441,4.781594046629296
1442,4.781594046629296
1443,4.200020080955543
1444,4.972317949985219
1445,5.0
1446,4.509158559777458
1447,5.0
1448,5.0
1449,4.0
1450,1.894039253974691
1451,5.0
1452,5.0
1453,4.254897073403544
1454,5.0
1455,2.7381380374718707
1456,2.7381380374718707
1457,4.695269473977158
1458,5.0
1459,5.000000000000001
1460,4.232390343233098
1461,4.0
1462,5.0
1463,4.604427782142772
1464,4.0
1465,4.502076397512534
1466,4.251068696012685
1467,4.7270751508153515
1468,4.4723201642671855
1469,4.2490386100830975
1470,4.638968665145096
1471,4.0
1472,4.653609408128078
1473,4.0
1474,4.041607903237359
1475,4.041607903237359
1476,4.423974139932623
1477,5.0
1478,3.861163861647298
1479,3.861163861647298
1480,3.7225795696321584
1481,3.7225795696321584
1482,4.3515387302923
1483,5.0
1484,3.2033020153970946
1485,5.0
1486,4.3550629970281
1487,4.207530073356107
1488,5.0
1489,5.0
1490,5.0
1491,4.999999999999999
1492,5.0
1493,5.000000000000001
1494,5.0
1495,4.8260344640981625
1496,4.498570263692352
1497,5.0
1498,4.0
1499,5.0
1500,4.999999999999999
1501,2.5
1502,4.431527271049043
1503,5.000000000000001
1504,4.747264406770276
1505,3.141756998361397
1506,5.0
1507,4.492596962133242
1508,4.550467766196537
1509,3.141756998361397
1510,3.6727349651282237
1511,3.6727349651282237
1512,4.69090577019124
1513,3.0
1514,5.0
1515,5.0
1516,4.269466207996939
1517,4.999999999999999
1518,4.726980223143924
1519,4.726980223143924
1520,4.657744748806393
1521,4.657744748806393
1522,2.5
1523,4.759674890010611
1524,4.454810946560749
1525,5.0
1526,4.4907439999076875
1527,5.0
1528,5.0
1529,4.0
1530,4.0
1531,4.0
1532,5.0
1533,4.396445032344369
1534,4.396445032344369
1535,4.599049038333197
1536,4.737811010681959
1537,4.876078853242082
1538,3.036641610330657
1539,3.036641610330657
1540,4.431025225646494
1541,4.486257539122663
1542,4.486257539122663
1543,5.000000000000001
1544,5.0
1545,4.0
1546,4.0
1547,5.0
1548,5.0
1549,4.380284986895983
1550,4.622897133574956
1551,4.530310259042786
1552,4.671593998332378
1553,4.514698562879012
1554,4.754038068422445
1555,5.0
1556,5.0
1557,4.519164300775361
1558,4.519164300775361
1559,5.0
1560,5.0
1561,5.0
1562,4.397060982786496
1563,5.0
1564,3.0
1565,3.0
1566,4.886341324881991
1567,4.762065084236053
1568,5.0
1569,3.779939259350369
1570,3.779939259350369
1571,5.0
1572,5.0
1573,5.0
1574,4.0
1575,3.828709183226193
1576,3.828709183226193
1577,5.0
1578,4.0
1579,4.5762712732614
1580,4.5762712732614
1581,4.396780365260076
1582,5.0
1583,4.175301938391948
1584,3.8025893622027285
1585,4.0
1586,5.0
1587,4.0
1588,4.082025504107042
1589,5.0
1590,5.0
1591,5.0
1592,4.0
1593,4.748835107812998
1594,4.748835107812998
1595,4.78248148889668
1596,4.78248148889668
1597,5.0
1598,4.0
1599,4.127972660305866
1600,4.127972660305866
1601,4.764835469564961
1602,5.0
1603,5.0
1604,5.0
1605,5.0
1606,5.0
1607,4.839094600497577
1608,4.839094600497577
1609,2.5
1610,4.2289809874409645
1611,4.313784594255561
1612,4.0
1613,4.0
1614,5.0
1615,3.2759890809159216
1616,3.2759890809159216
1617,4.613313141039315
1618,5.0
1619,4.306548911127827
1620,4.306548911127827
1621,4.950723622298917
1622,5.0
1623,5.0
1624,5.0
1625,4.319552591786594
1626,5.0
1627,5.0
1628,4.376235005061164
1629,2.5
1630,5.0
1631,5.0
1632,4.0
1633,5.000000000000001
1634,4.8404401183099015
1635,4.8404401183099015
1636,5.0
1637,4.054172633415821
1638,4.772953428197831
1639,4.734824333566458
1640,4.290905022890189
1641,4.290905022890189
1642,4.8476225950298275
1643,3.261906831390776
1644,3.261906831390776
1645,5.0
1646,5.0
1647,4.918257603966022
1648,4.880233360097716
1649,5.000000000000001
1650,5.000000000000001
1651,4.441072796143835
1652,5.0
1653,4.908037991882794
1654,4.908037991882794
1655,5.000000000000001
1656,5.0
1657,4.313539668950615
1658,3.928100586975918
1659,3.928100586975918
1660,5.000000000000001
1661,5.0
1662,5.0
1663,4.81800955502691
1664,4.0
1665,4.844084753767461
1666,4.121506776914607
1667,5.0
1668,4.454572293351809
1669,4.454572293351809
1670,5.0
1671,5.0
1672,5.0
1673,5.0
1674,4.545916475812168
1675,4.919823594395805
1676,4.919823594395805
1677,4.897264784406949
1678,4.949472342686319
1679,4.262823969114097
1680,4.0
1681,4.984669247413897
1682,5.0
1683,4.999999999999999
1684,5.0
1685,5.0
1686,4.644711961106831
1687,4.270430732011918
1688,5.0
1689,5.000000000000001
1690,5.0
1691,4.7014654325584635
1692,4.0
1693,5.0
1694,4.777111830232687
1695,4.777111830232687
1696,4.0870492163258385
1697,5.0
1698,5.0
1699,4.545273023386334
1700,4.53002317468275
1701,4.133693635426825
1702,4.133693635426825
1703,5.0
1704,4.291273056996341
1705,5.0
1706,4.0
1707,4.832719722981671
1708,5.0
1709,5.0
1710,4.471646491135397
1711,4.3762332766537035
1712,5.0
1713,4.471083121076955
1714,5.000000000000001
1715,5.000000000000001
1716,2.7186031637749473
1717,2.7186031637749473
1718,4.211174731198485
1719,4.211174731198485
1720,4.425769273101772
1721,3.5055342043474176
1722,3.5055342043474176
1723,5.0
1724,5.0
1725,4.0
1726,4.1328197327254665
1727,4.749995578943478
1728,4.847043791307234
1729,4.847043791307234
1730,5.0
1731,4.097815306849257
1732,4.75197071107369
1733,5.0
1734,4.426197878981298
1735,4.0
1736,4.612344214577749
1737,5.0
1738,5.0
1739,3.120160645264632
1740,5.0
1741,5.0
1742,4.206293728714049
1743,4.206293728714049
1744,5.0
1745,4.295960701903343
1746,5.0
1747,4.242864389177783
1748,4.874966613216935
1749,4.874966613216935
1750,4.0
1751,4.0
1752,4.762083177304469
1753,4.661540633149998
1754,3.4947731812519676
1755,3.4947731812519676
1756,4.999999999999999
1757,4.5973212060939055
1758,4.5973212060939055
1759,5.0
1760,4.0
1761,5.0
1762,4.821890409759914
1763,5.000000000000001
1764,4.158326619598295
1765,5.0
1766,3.47643950641784
1767,3.47643950641784
1768,5.0
1769,5.0
1770,5.000000000000001
1771,4.737033016194446
1772,5.0
1773,3.0643523474752787
1774,3.0643523474752787
1775,5.0
1776,4.676912797885481
1777,4.999999999999999
1778,5.0
1779,4.352443663354435
1780,5.0
1781,5.000000000000001
1782,4.900121868580982
1783,5.0
1784,4.999999999999999
1785,4.999999999999999
1786,4.999999999999999
1787,4.999999999999999
1788,4.431005456093747
1789,5.0
1790,3.9968437487401807
1791,3.9968437487401807
1792,5.0
1793,5.0
1794,5.0
1795,4.918756690472753
1796,4.0
1797,4.0
1798,5.0
1799,5.0
1800,4.323687495428428
1801,4.555857306045711
1802,4.555857306045711
1803,4.120621905574884
1804,5.000000000000001
1805,5.000000000000001
1806,3.7635829380398236
1807,3.7635829380398236
1808,5.0
1809,5.0
1810,5.0
1811,5.0
1812,5.0
1813,4.007802000229628
1814,5.0
1815,4.0
1816,4.0
1817,4.517321916689095
1818,4.420023080556804
1819,5.0
1820,5.0
1821,5.0
1822,5.0
1823,4.917610728098198
1824,4.999999999999999
1825,5.0
1826,4.791718258789269
1827,4.0
1828,2.5
1829,2.5
1830,4.999999999999999
1831,4.999999999999999
1832,4.199947059614094
1833,4.199947059614094
1834,4.128870671668971
1835,4.128870671668971
1836,4.120225045729556
1837,4.120225045729556
1838,5.000000000000001
1839,3.696941150818972
1840,3.696941150818972
1841,4.7343785858344
1842,5.0
1843,5.0
1844,4.337239083442038
1845,5.000000000000001
1846,3.230491329537311
1847,4.107125747689933
1848,4.107125747689933
1849,5.0
1850,4.956125358150817
1851,5.0
1852,5.0
1853,2.5
1854,4.999999999999999
1855,5.0
1856,4.0
1857,4.630393063717988
1858,4.999999999999999
1859,4.32830939202561
1860,4.32830939202561
1861,5.000000000000001
1862,5.0
1863,5.0
1864,5.0
1865,4.84085313054701
1866,4.311459982852273
1867,5.0
1868,5.0
1869,5.0
1870,5.0
1871,4.985171924656833
1872,4.999999999999999
1873,4.999999999999999
1874,4.620193287376288
1875,4.323088442378817
1876,4.8494700213765425
1877,5.0
1878,4.652033148607331
1879,5.0
1880,5.000000000000001
1881,4.0
1882,5.0
1883,4.8223771983047605
1884,4.8223771983047605
1885,5.0
1886,4.716479133137913
1887,5.0
1888,5.0
1889,4.546952441193995
1890,5.0
1891,4.0
1892,5.0
1893,5.000000000000001
1894,5.000000000000001
1895,5.0
1896,5.0
1897,4.312727383643858
1898,5.0
1899,4.728208886507237
1900,4.220439422448422
1901,4.220439422448422
1902,5.0
1903,4.672100471912522
1904,4.679759171103146
1905,3.485746945975704
1906,3.485746945975704
1907,4.35222957186271
1908,4.35222957186271
1909,4.7817407088802195
1910,4.018523959598111
1911,4.573897789397937
1912,4.573897789397937
1913,5.0
1914,4.25650145370297
1915,5.0
1916,1.0317098287628432
1917,3.710144692202647
1918,3.710144692202647
1919,4.112738338272154
1920,5.000000000000001
1921,5.0
1922,5.0
1923,5.000000000000001
1924,4.470340300554003
1925,5.000000000000001
1926,4.798623821559318
1927,4.715593896502768
1928,4.0
1929,5.0
1930,5.0
1931,5.000000000000001
1932,5.0
1933,4.693390378763579
1934,4.693390378763579
1935,5.0
1936,4.241345069336937
1937,4.999999999999999
1938,5.0
1939,4.323476431872867
1940,4.0
1941,4.773603220618948
1942,4.570192689370404
1943,4.570192689370404
1944,4.999999999999999
1945,5.0
1946,1.0605421536835868
1947,5.0
1948,4.0
1949,4.155832925373029
1950,4.155832925373029
1951,5.0
1952,4.0
1953,5.0
1954,5.000000000000001
1955,5.0
1956,5.0
1957,4.067404961763127
1958,4.196350386575093
1959,5.0
1960,4.515626068495286
1961,4.0
1962,4.804989622115797
1963,5.0
1964,5.0
1965,5.0
1966,5.0
1967,5.0
1968,5.0
1969,5.0
1970,3.32871578597028
1971,3.8957718465162148
1972,5.000000000000001
1973,4.282486474931078
1974,4.323301237462345
1975,4.457765383087185
1976,4.457765383087185
1977,5.0
1978,5.0
1979,4.2410054401440505
1980,4.157938577611119
1981,4.138174714429381
1982,4.0
1983,5.0
1984,4.578615740951719
1985,4.4057552774188675
1986,4.4057552774188675
1987,3.714657549993927
1988,5.000000000000001
1989,5.000000000000001
1990,5.000000000000001
1991,5.000000000000001
1992,5.000000000000001
1993,4.610658575481937
1994,4.0
1995,4.0
1996,5.0
1997,5.0
1998,4.369268068618319
1999,4.0
2000,5.0
2001,5.0
2002,5.0
2003,5.0
2004,4.2225934111192585
2005,4.0
2006,4.0
2007,5.0
2008,4.853559762453379
2009,5.0
2010,4.461286335698342
2011,4.0
2012,2.5
2013,5.000000000000001
2014,5.0
2015,5.0
2016,5.0
2017,4.0
2018,3.763475717749886
2019,3.763475717749886
2020,4.583623257945392
2021,5.0
2022,5.0
2023,4.533256960424619
2024,3.395099043773357
2025,3.395099043773357
2026,4.0
2027,5.0
2028,5.0
2029,4.593984482043851
2030,5.0
2031,5.0
2032,4.607068352060792
2033,4.607068352060792
2034,5.0
2035,4.478293425949029
2036,5.0
2037,4.999999999999999
2038,4.789468230197216
2039,5.0
2040,5.0
2041,4.006024168605603
2042,4.006024168605603
2043,4.828956036848975
2044,4.828956036848975
2045,2.5
2046,4.159751356662173
2047,4.558667581665298
2048,4.0
2049,5.0
2050,3.0982226628910525
2051,5.0
2052,3.1198243501411858
2053,3.1198243501411858
2054,5.000000000000001
2055,5.0
2056,4.367267464871907
2057,4.367267464871907
2058,5.0
2059,5.000000000000001
2060,5.0
2061,5.000000000000001
2062,4.394503608538394
2063,4.0
2064,4.813509951172403
2065,4.019654893802667
2066,5.0
2067,4.509761786181419
2068,2.5
2069,5.0
2070,5.0
2071,4.0
2072,5.0
2073,4.999999999999999
2074,4.999999999999999
2075,5.0
2076,5.0
2077,4.141756998361397
2078,5.0
2079,5.0
2080,5.0
2081,4.0
2082,3.574223504934885
2083,5.0
2084,5.0
2085,3.4776548459064016
2086,1.0
2087,1.0
2088,5.0
2089,5.0
2090,4.394295017870638
2091,4.244701632971096
2092,5.0
2093,5.0
2094,5.0
2095,5.0
2096,4.999999999999999
2097,5.0
2098,5.0
2099,4.075570005950173
2100,5.0
2101,5.0
2102,4.799688353298199
2103,5.0
2104,5.0
2105,5.0
2106,4.811925666384463
2107,5.0
2108,4.0
2109,5.0
2110,5.0
2111,4.386948565274177
2112,4.999999999999999
2113,4.999999999999999
2114,5.0
2115,4.302505912040089
2116,4.302505912040089
2117,4.738517409781197
2118,4.0
2119,4.234298272862632
2120,5.0
2121,4.999999999999999
2122,5.0
2123,5.0
2124,5.0
2125,5.0
2126,5.0
2127,5.0
2128,5.0
2129,5.0
2130,5.000000000000001
2131,4.533524843312216
2132,5.0
2133,4.0
2134,5.000000000000001
2135,5.0
2136,5.000000000000001
2137,4.830599964740275
2138,2.002611004667158
2139,4.0
2140,4.877451086052463
2141,5.0
2142,5.0
2143,4.093749347230202
2144,4.093749347230202
2145,4.509770914440784
2146,3.9365503354803764
2147,5.0
2148,4.999999999999999
2149,4.999999999999999
2150,5.0
2151,4.503015091383623
2152,4.785603155618955
2153,5.0
2154,5.0
2155,4.104276420387721
2156,5.000000000000001
2157,5.0
2158,5.0
2159,5.0
2160,4.327921727378681
2161,4.327921727378681
2162,5.0
2163,1.0
2164,4.999999999999999
2165,4.999999999999999
2166,5.0
2167,2.5
2168,4.0
2169,2.4769592932033238
2170,4.676073321359176
2171,5.0
2172,5.0
2173,5.0
2174,4.0
2175,5.0
2176,4.538340781326972
2177,5.0
2178,5.0
2179,4.169885305667109
2180,3.3276660259981954
2181,4.999999999999999
2182,4.672907330940575
2183,4.0
2184,3.921134289322941
2185,2.5
2186,5.0
2187,5.0
2188,4.2729659382615806
2189,5.000000000000001
2190,5.000000000000001
2191,4.84209845815428
2192,5.0
2193,3.02007771879669
2194,5.000000000000001
2195,2.5
2196,5.0
2197,4.0
2198,5.0
2199,4.0
2200,5.0
2201,5.0
2202,5.0
2203,4.0
2204,5.0
2205,4.0
2206,5.000000000000001
2207,4.18773524585488
2208,2.5
2209,5.0
2210,5.0
2211,5.0
2212,4.0
2213,4.0
2214,5.0
2215,5.000000000000001
2216,4.918756690472753
2217,5.0
2218,2.5
2219,5.0
2220,5.0
2221,5.0
2222,5.000000000000001
2223,5.0
2224,4.465284801214883
2225,4.0
2226,4.638799371725982
2227,4.0
2228,5.0
2229,5.0
2230,4.0
2231,4.80855994521101
2232,4.919652542412157
2233,5.000000000000001
2234,4.242718761391441
2235,4.242718761391441
2236,5.0
2237,4.999999999999999
2238,4.311255126044684
2239,4.311255126044684
2240,5.0
2241,5.0
2242,5.000000000000001
2243,5.0
2244,5.0
2245,5.0
2246,4.0
2247,5.0
2248,5.0
2249,5.0
2250,5.0
2251,2.0
2252,2.0
2253,1.0
2254,5.0
2255,4.710377422919407
2256,4.710377422919407
2257,5.0
2258,4.31066747782252
2259,4.896864778713869
2260,3.593843569337129
2261,4.608570671151223
2262,4.084664885581753
2263,4.804930514347896
2264,4.507689711451267
2265,4.507689711451267
2266,5.0
2267,5.0
2268,4.10715287781364
2269,5.0
2270,5.0
2271,5.000000000000001
2272,5.0
2273,5.0
2274,5.0
2275,5.0
2276,5.0
2277,5.000000000000001
2278,5.0
2279,4.798911130167479
2280,5.0
2281,5.0
2282,4.470436627252875
2283,5.0
2284,5.000000000000001
2285,5.000000000000001
2286,5.000000000000001
2287,5.0
2288,4.0
2289,4.0
2290,5.0
2291,4.164073268799607
2292,4.164073268799607
2293,5.0
2294,3.407450056238504
2295,5.000000000000001
2296,5.000000000000001
2297,4.563928986012814
2298,3.0
2299,5.0
2300,5.0
2301,4.504377968217651
2302,5.0
2303,4.973716976493503
2304,5.0
2305,5.000000000000001
2306,5.000000000000001
2307,4.161269351551374
2308,5.000000000000001
2309,3.0000000000000004
2310,2.5
2311,4.203962875417913
2312,4.203962875417913
2313,5.0
2314,5.0
2315,5.0
2316,5.0
2317,4.0
2318,4.0
2319,4.796454268945222
2320,3.0925767185882136
2321,3.0925767185882136
2322,5.0
2323,5.0
2324,2.5
2325,4.967137984397938
2326,2.5
2327,2.5
2328,4.999999999999999
2329,5.0
2330,4.194221354072214
2331,5.0
2332,2.6757439283659874
2333,2.5
2334,5.000000000000001
2335,4.0
2336,3.0
2337,4.999999999999999
2338,5.0
2339,4.543765578090937
2340,5.0
2341,5.0
2342,4.4480773104265765
2343,5.0
2344,5.0
2345,5.0
2346,4.534496575389684
2347,4.734194941477552
2348,5.0
2349,5.0
2350,4.6700585864233535
2351,4.6700585864233535
2352,5.0
2353,4.0
2354,4.0
2355,5.000000000000001
2356,5.0
2357,5.0
2358,4.126602320202168
2359,5.0
2360,4.999999999999999
2361,5.0
2362,5.000000000000001
2363,5.000000000000001
2364,3.3070326841909035
2365,4.7290110412732815
2366,3.739820416283315
2367,5.000000000000001
2368,5.0
2369,5.0
2370,5.000000000000001
2371,5.000000000000001
2372,2.5
2373,4.932873776317367
2374,4.522782045560272
2375,5.0
2376,5.0
2377,4.01504300457099
2378,4.01504300457099
2379,4.72792387094065
2380,5.0
2381,4.345601843538289
2382,4.999999999999999
2383,4.419242122303201
2384,5.0
2385,5.0
2386,4.0
2387,5.0
2388,4.999999999999999
2389,4.625487030912396
2390,5.0
2391,5.0
2392,5.0
2393,4.252276886943106
2394,2.2819974573321518
2395,2.2819974573321518
2396,4.694525479201444
2397,5.0
2398,5.0
2399,4.858243001638604
2400,5.0
2401,3.6891593047935056
2402,4.633030078152605
2403,3.0
2404,5.0
2405,4.0
2406,5.0
2407,5.0
2408,2.731471224931273
2409,2.731471224931273
2410,2.5
2411,4.881761220715237
2412,4.399378752103676
2413,4.087028470402162
2414,5.0
2415,5.0
2416,5.0
2417,5.0
2418,5.0
2419,4.56004216051351
2420,4.56004216051351
2421,5.0
2422,3.141756998361397
2423,5.0
2424,4.424553515185341
2425,3.061899173108186
2426,4.720536465604625
2427,3.5842036225892424
2428,5.000000000000001
2429,4.464656288820328
2430,3.0000000000000004
2431,5.0
2432,2.5
2433,5.0
2434,5.0
2435,5.000000000000001
2436,4.999999999999999
2437,2.5
2438,5.0
2439,4.999999999999999
2440,4.423241525577504
2441,5.0
2442,2.5
2443,5.0
2444,5.0
2445,4.562235461271586
2446,5.000000000000001
2447,5.0
2448,2.5
2449,4.999999999999999
2450,5.0
2451,4.0
2452,5.0
2453,5.0
2454,5.0
2455,5.0
2456,4.417168212586281
2457,4.0
2458,5.0
2459,4.291811778971364
2460,4.724452655989306
2461,5.0
2462,5.0
2463,4.577194690513831
2464,5.0
2465,5.0
2466,5.0
2467,5.0
2468,2.5
2469,4.0
2470,4.0
2471,5.0
2472,5.0
2473,5.0
2474,5.0
2475,2.5
2476,4.137994540457961
2477,5.0
2478,4.0
2479,4.0
2480,4.8772751979625655
2481,5.0
2482,5.0
2483,5.0
2484,5.0
2485,5.0
2486,5.0
2487,5.0
2488,5.0
2489,5.0
2490,5.0
2491,5.0
2492,5.0
2493,5.0
2494,4.663310786450292
2495,5.0
2496,5.0
2497,2.5
2498,5.0
2499,4.504134074534512
2500,4.999999999999999
2501,5.0
2502,5.0
2503,5.0
2504,5.0
2505,4.712116614575724
2506,4.576111688158438
2507,5.0
2508,5.0
2509,1.8090464229322027
2510,1.8090464229322027
2511,4.902107561010046
2512,5.0
2513,5.0
2514,5.0
2515,5.0
2516,5.0
2517,5.0
2518,5.0
2519,5.0
2520,5.0
2521,5.0
2522,5.0
2523,4.229640651662395
2524,4.229640651662395
2525,4.612970248723772
2526,4.0
2527,4.77878229003603
2528,5.0
2529,2.5
2530,5.000000000000001
2531,5.000000000000001
2532,5.0
2533,5.0
2534,5.0
2535,5.000000000000001
2536,3.0
2537,5.0
2538,4.999999999999999
2539,4.7260838334633215
2540,4.7260838334633215
2541,4.0
2542,4.0
2543,4.141756998361397
2544,5.0
2545,5.0
2546,5.0
2547,4.545916475812168
2548,5.0
2549,2.5
2550,4.0
2551,5.0
2552,5.0
2553,4.9074186959962764
2554,4.9074186959962764
2555,5.0
2556,5.0
2557,5.0
2558,5.0
2559,5.0
2560,3.0
2561,5.0
2562,5.0
2563,2.5
2564,5.0
2565,5.0
2566,5.0
2567,4.551922689573425
2568,4.0
2569,4.0
2570,4.999999999999999
2571,5.0
2572,4.0
2573,4.0
2574,5.0
2575,2.5
2576,5.0
2577,3.0
2578,4.0
2579,4.0
2580,5.0
2581,5.0
2582,4.4163767420546085
2583,5.0
2584,4.682431015662714
2585,4.452910350762847
2586,5.0
2587,5.0
2588,4.305278760511381
2589,5.0
2590,5.0
2591,5.0
2592,3.285850736875125
2593,3.285850736875125
2594,5.0
2595,4.0
2596,4.0
2597,5.0
2598,2.5
2599,5.0
2600,5.0
2601,5.0
2602,5.000000000000001
2603,5.0
2604,5.0
2605,5.0
2606,3.0
2607,4.0
2608,5.0
2609,5.0
2610,4.385609830204461
2611,5.000000000000001
2612,5.0
2613,5.0
2614,5.0
2615,5.0
2616,4.865564258378302
2617,5.0
2618,2.5
2619,2.5
2620,4.375733667972891
2621,4.732394065774102
2622,5.0
2623,4.0
2624,5.0
2625,4.16435789298514
2626,4.858243001638604
2627,4.3329805650668405
2628,4.3329805650668405
2629,5.0
2630,5.0
2631,5.0
2632,5.0
2633,4.530442179002821
2634,4.0
2635,5.0
2636,5.000000000000001
2637,1.3559643624957394
2638,5.0
2639,5.0
2640,2.5
2641,5.0
2642,2.5
2643,5.000000000000001
2644,2.5
2645,4.0
2646,5.0
2647,4.0
2648,4.0
2649,5.0
2650,5.0
2651,4.0
2652,4.0
2653,5.0
2654,5.0
2655,4.0
2656,5.000000000000001
2657,5.0
2658,5.0
2659,4.0
2660,5.000000000000001
2661,4.0
2662,5.0
2663,5.0
2664,5.0
2665,2.5
2666,4.0
2667,4.0
2668,2.5
2669,5.000000000000001
2670,5.0
2671,2.5
2672,5.0
2673,5.0
2674,5.0
2675,1.0
2676,1.0
2677,1.0
2678,5.0
2679,5.0
2680,4.0
2681,4.0
2682,5.0
2683,4.0
2684,5.0
2685,5.0
2686,4.0
2687,4.0
2688,5.0
2689,4.0
2690,5.0
2691,5.0
2692,5.0
2693,5.0
2694,5.0
2695,5.0
2696,5.0
2697,4.298568780919435
2698,5.0
2699,5.0
2700,5.0
2701,5.0
2702,5.0
2703,5.0
2704,5.0
2705,5.0
2706,4.0
2707,5.000000000000001
2708,5.000000000000001
2709,5.0
2710,5.0
2711,5.0
2712,4.0
2713,4.493636935484618
2714,5.0
2715,5.0
2716,4.999999999999999
2717,5.0
2718,4.0
2719,5.0
2720,4.0
2721,5.0
2722,5.0
2723,4.672843660426621
2724,5.000000000000001
2725,4.0
2726,5.0
2727,2.5
2728,5.0
2729,3.5712238946873125
2730,3.5712238946873125
2731,5.0
2732,1.0
2733,1.0
2734,4.999999999999999
2735,5.0
2736,2.5
2737,3.0
2738,3.0
2739,2.5
2740,2.5
2741,5.0
2742,5.0
2743,5.0
2744,5.000000000000001
2745,5.0
2746,3.687244628668184
2747,5.0
2748,5.000000000000001
2749,5.0
2750,2.5
2751,5.0
2752,2.5
2753,5.000000000000001
2754,5.0
2755,4.36089630745891
2756,4.0
2757,4.0
2758,5.0
2759,5.0
2760,5.000000000000001
2761,5.000000000000001
2762,5.0
2763,4.172737091762602
2764,4.0
2765,4.642018506520123
2766,4.0
2767,5.0
2768,5.0
2769,5.0
2770,5.0
2771,5.000000000000001
2772,5.0
2773,4.026956616004189
2774,4.026956616004189
2775,2.9999999999999996
2776,4.0
2777,5.0
2778,5.0
2779,2.5
2780,5.0
2781,5.0
2782,3.8032971700734097
2783,4.0
2784,5.0
2785,4.0
2786,5.0
2787,5.0
2788,5.0
2789,5.0
2790,4.0
2791,2.5
2792,5.0
2793,5.0
2794,5.0
2795,4.903304487828631
2796,5.0
2797,4.0
2798,5.0
2799,5.0
2800,5.0
2801,5.0
2802,4.120014768951674
2803,2.5
2804,4.506294338328149
2805,5.0
2806,4.0
2807,4.593037042647659
2808,5.0
2809,5.0
2810,5.0
2811,5.0
2812,2.5
2813,4.5428964975833654
2814,5.0
2815,2.5
2816,5.0
2817,5.0
2818,5.0
2819,5.0
2820,4.0
2821,5.0
2822,2.5
2823,4.0
2824,5.0
2825,5.0
2826,5.0
2827,5.0
2828,5.0
2829,4.0
2830,5.000000000000001
2831,2.5
2832,4.3894426038602115
2833,5.000000000000001
2834,5.000000000000001
2835,5.0
2836,5.0
2837,5.0
2838,4.0
2839,4.0
2840,5.0
2841,2.5
2842,5.0
2843,4.0
2844,5.0
2845,5.0
2846,5.0
2847,5.0
2848,2.5
2849,4.0
2850,5.0
2851,5.0
2852,2.5
2853,5.0
2854,2.5
2855,5.0
2856,5.0
2857,5.0
2858,5.0
2859,5.0
2860,5.0
2861,5.0
2862,5.0
2863,2.5
2864,2.0
2865,2.0
2866,5.0
2867,3.0
2868,5.0
2869,5.0
2870,5.000000000000001
2871,2.0
2872,5.0
2873,5.0
2874,5.0
2875,5.0
2876,4.0
2877,4.0
2878,5.0
2879,5.0
2880,2.5
2881,5.0
2882,4.0
2883,5.000000000000001
2884,5.0
2885,2.5
2886,5.0
2887,2.0
2888,2.0
2889,4.62064235123083
2890,5.0
2891,5.0
2892,5.0
2893,5.0
2894,2.5
2895,5.0
2896,5.0
2897,2.5
2898,5.000000000000001
2899,4.0
2900,4.0
2901,2.5
2902,2.5
2903,5.0
2904,4.0
2905,4.0
2906,4.0
2907,4.0
2908,2.5
2909,2.5
2910,2.5
2911,2.5
2912,2.5
2913,2.5
2914,2.5
2915,2.5
2916,2.5
2917,2.5
2918,2.5
2919,2.5
2920,2.5
2921,2.5
2922,2.5
2923,2.5
2924,2.5
2925,2.5
2926,2.5
2927,2.5
2928,2.5
2929,2.5
2930,2.5
2931,2.5
2932,2.5
2933,2.5
2934,2.5
2935,2.5
2936,2.5
2937,2.5
2938,2.5
2939,2.5
2940,2.5
2941,2.5
2942,2.5
2943,2.5
2944,2.5
2945,2.5
2946,2.5
2947,2.5
2948,2.5
2949,2.5
2950,2.5
2951,2.5
2952,2.5
2953,2.5
2954,2.5
2955,2.5
2956,2.5
2957,2.5
2958,2.5
2959,2.5
2960,2.5
2961,2.5
2962,2.5
2963,2.5
2964,2.5
2965,2.5
2966,2.5
2967,2.5
2968,2.5
2969,2.5
2970,2.5
2971,2.5
2972,2.5
2973,2.5
2974,2.5
2975,2.5
2976,2.5
2977,2.5
2978,2.5
2979,2.5
2980,2.5
2981,2.5
2982,2.5
2983,2.5
2984,2.5
2985,2.5
2986,2.5
2987,2.5
2988,2.5
2989,2.5
2990,2.5
2991,2.5
2992,2.5
2993,2.5
2994,2.5
2995,2.5
2996,2.5
2997,2.5
2998,2.5
2999,2.5
3000,2.5
3001,2.5
3002,2.5
3003,2.5
3004,2.5
3005,2.5
3006,2.5
3007,2.5
3008,2.5
3009,2.5
3010,2.5
3011,2.5
3012,2.5
3013,2.5
3014,2.5
3015,2.5
3016,2.5
3017,2.5
3018,2.5
3019,2.5
3020,2.5
3021,2.5
3022,2.5
3023,2.5
3024,2.5
3025,2.5
3026,2.5
3027,2.5
3028,2.5
3029,2.5
3030,2.5
3031,2.5
3032,2.5
3033,2.5
3034,2.5
3035,2.5
3036,2.5
3037,2.5
3038,2.5
3039,2.5
3040,2.5
3041,2.5
3042,2.5
3043,2.5
3044,2.5
3045,2.5
3046,2.5
3047,2.5
3048,2.5
3049,2.5
3050,2.5
3051,2.5
3052,2.5
3053,2.5
3054,2.5
3055,2.5
3056,2.5
3057,2.5
3058,2.5
3059,2.5
3060,2.5
3061,2.5
3062,2.5
3063,2.5
3064,2.5
3065,2.5
3066,2.5
3067,2.5
3068,2.5
3069,2.5
3070,2.5
3071,2.5
3072,2.5
3073,2.5
3074,2.5
3075,2.5
3076,2.5
3077,2.5
3078,2.5
3079,2.5
3080,2.5
3081,2.5
3082,2.5
3083,2.5
3084,2.5
3085,2.5
3086,2.5
3087,2.5
3088,2.5
3089,2.5
3090,2.5
3091,2.5
3092,2.5
3093,2.5
3094,2.5
3095,2.5
3096,2.5
3097,2.5
3098,2.5
3099,2.5
3100,2.5
3101,2.5
3102,2.5
3103,2.5
3104,2.5
3105,2.5
3106,2.5
3107,2.5
3108,2.5
3109,2.5
3110,2.5
3111,2.5
3112,2.5
3113,2.5
3114,2.5
3115,2.5
3116,2.5
3117,2.5
3118,2.5
3119,2.5
3120,2.5
3121,2.5
3122,2.5
3123,2.5
3124,2.5
3125,2.5
3126,2.5
3127,2.5
3128,2.5
3129,2.5
3130,2.5
3131,2.5
3132,2.5
3133,2.5
3134,2.5
3135,2.5
3136,2.5
3137,2.5
3138,2.5
3139,2.5
3140,2.5
3141,2.5
3142,2.5
3143,2.5
3144,2.5
3145,2.5
3146,2.5
3147,2.5
3148,2.5
3149,2.5
3150,2.5
3151,2.5
3152,2.5
3153,2.5
3154,2.5
3155,2.5
3156,2.5
3157,2.5
3158,2.5
3159,2.5
3160,2.5
3161,2.5
3162,2.5
3163,2.5
3164,2.5
3165,2.5
3166,2.5
3167,2.5
3168,2.5
3169,2.5
3170,2.5
3171,2.5
3172,2.5
3173,2.5
3174,2.5
3175,2.5
3176,2.5
3177,2.5
3178,2.5
3179,2.5
3180,2.5
3181,2.5
3182,2.5
3183,2.5
3184,2.5
3185,2.5
3186,2.5
3187,2.5
3188,2.5
3189,2.5
3190,2.5
3191,2.5
3192,2.5
3193,2.5
3194,2.5
3195,2.5
3196,2.5
3197,2.5
3198,2.5
3199,2.5
3200,2.5
3201,2.5
3202,2.5
3203,2.5
3204,2.5
3205,2.5
3206,2.5
3207,2.5
3208,2.5
3209,2.5
3210,2.5
3211,2.5
3212,2.5
3213,2.5
3214,2.5
3215,2.5
3216,2.5
3217,2.5
3218,2.5
3219,2.5
3220,2.5
3221,2.5
3222,2.5
3223,2.5
3224,2.5
3225,2.5
3226,2.5
3227,2.5
3228,2.5
3229,2.5
3230,2.5
3231,2.5
3232,2.5
3233,2.5
3234,2.5
3235,2.5
3236,2.5
3237,2.5
3238,2.5
3239,2.5
3240,2.5
3241,2.5
3242,2.5
3243,2.5
3244,2.5
3245,2.5
3246,2.5
3247,2.5
3248,2.5
3249,2.5
3250,2.5
3251,2.5
3252,2.5
3253,2.5
3254,2.5
3255,2.5
3256,2.5
3257,2.5
3258,2.5
3259,2.5
3260,2.5
3261,2.5
3262,2.5
3263,2.5
3264,2.5
3265,2.5
3266,2.5
3267,2.5
3268,2.5
3269,2.5
3270,2.5
3271,2.5
3272,2.5
3273,2.5
3274,2.5
3275,2.5
3276,2.5
3277,2.5
3278,2.5
3279,2.5
3280,2.5
3281,2.5
3282,2.5
3283,2.5
3284,2.5
3285,2.5
