,0
0,5.0
1,2.0
2,4.814090607793099
3,3.6208659159622263
4,3.6208659159622263
5,4.910750989226281
6,4.999999999999999
7,4.698969744139868
8,3.712248783596307
9,3.712248783596307
10,4.38327174044311
11,4.38327174044311
12,5.0
13,5.0
14,4.536784197225328
15,4.639973665140287
16,3.0
17,3.0
18,4.4279857143358825
19,4.4279857143358825
20,4.999999999999999
21,5.0
22,5.0
23,4.392146338044623
24,4.392146338044623
25,4.723140079114162
26,4.459043313834972
27,4.84294578257855
28,4.84294578257855
29,4.38391956180907
30,4.784713829163128
31,4.622283577234318
32,4.622283577234318
33,4.559078452327741
34,3.993547335156543
35,3.993547335156543
36,4.527374063309224
37,5.0
38,5.0
39,4.271786812147732
40,5.0
41,3.827640644531424
42,4.0
43,4.999999999999999
44,4.999999999999999
45,4.356512733477228
46,4.2661817657660555
47,4.858419033513249
48,5.000000000000001
49,3.9569035688424607
50,3.9569035688424607
51,2.7730892525286808
52,4.370645615337847
53,4.370645615337847
54,4.591673201837004
55,5.0
56,5.0
57,4.720906691938549
58,4.559791457728234
59,4.278158082960312
60,4.278158082960312
61,5.000000000000001
62,4.22834852597942
63,5.000000000000001
64,4.859000753561867
65,3.7065407015634095
66,3.862526848137358
67,3.8733945332411257
68,3.8733945332411257
69,4.0
70,4.0
71,4.973133372363058
72,4.749076638448012
73,3.7435872597578452
74,3.7435872597578452
75,4.0
76,4.0
77,4.9421025987358576
78,5.0
79,4.82369747071759
80,4.876415509401591
81,4.876415509401591
82,4.537730049808062
83,4.537730049808062
84,3.0000000000000004
85,4.4786336832739755
86,4.283719256424321
87,4.223835346648599
88,4.223835346648599
89,4.46555312189723
90,4.773373359449553
91,4.940840249134191
92,5.0
93,4.832865607045357
94,3.4785455560341445
95,3.4785455560341445
96,4.768064067005341
97,4.0
98,3.764613767175109
99,4.407191267929107
100,4.6513722995499975
101,4.6513722995499975
102,4.592427376340143
103,4.869279604775176
104,5.000000000000001
105,4.938178464304148
106,5.0
107,4.88130845480975
108,4.88130845480975
109,3.9804210533028246
110,4.4960176721665555
111,5.0
112,5.0
113,4.933584083656811
114,4.54136138212814
115,4.616726217971397
116,4.639860573778259
117,4.639860573778259
118,4.5457458647492945
119,4.5457458647492945
120,4.850800239364816
121,4.779088824211397
122,4.660390599353144
123,4.660390599353144
124,4.4945956203711
125,2.3829667367251304
126,2.3829667367251304
127,5.000000000000001
128,4.3551676838320175
129,4.3551676838320175
130,4.931304441523449
131,4.695712280581627
132,4.45816817774076
133,4.45816817774076
134,4.1450349196894365
135,4.1450349196894365
136,4.9644662006565055
137,5.000000000000001
138,5.0
139,4.214966080996359
140,4.214966080996359
141,4.697676355737513
142,5.0
143,5.0
144,4.494323044406911
145,4.494323044406911
146,4.67514833807108
147,3.4907028119784917
148,3.4907028119784917
149,3.841994433837174
150,3.841994433837174
151,5.0
152,5.0
153,4.0804405125243495
154,4.587829204823655
155,4.863217853799392
156,4.901850828983185
157,4.376965372886433
158,5.0
159,5.0
160,5.0
161,4.369490752680506
162,5.0
163,4.1187778488637985
164,4.1187778488637985
165,3.184405138258575
166,3.292468120423333
167,5.000000000000001
168,5.000000000000001
169,4.63399599101955
170,4.594950211151176
171,4.579477753125298
172,4.579477753125298
173,4.659798590364184
174,4.659798590364184
175,5.0
176,3.6660798550142175
177,3.6660798550142175
178,5.000000000000001
179,3.0565709590609833
180,3.0565709590609833
181,4.790176623311584
182,5.0
183,5.0
184,4.844012897596474
185,4.835604226691504
186,5.0
187,4.51686043933999
188,4.51686043933999
189,4.922738781668188
190,4.618275608830094
191,5.0
192,4.653542481444079
193,4.653542481444079
194,4.7247063203122925
195,4.7247063203122925
196,4.523031263432145
197,4.394667049273712
198,4.394667049273712
199,3.368125925123099
200,3.368125925123099
201,5.000000000000001
202,5.000000000000001
203,5.000000000000002
204,1.0
205,4.806671345809184
206,4.554484615070911
207,4.554484615070911
208,5.0
209,5.0
210,2.5
211,4.517675660388611
212,4.0
213,4.0
214,4.4676101023827535
215,2.264381197244335
216,2.264381197244335
217,2.0
218,2.0
219,4.379364624074522
220,4.379364624074522
221,4.150180111983536
222,4.150180111983536
223,4.579849308148391
224,4.579849308148391
225,3.755761016932287
226,4.0
227,4.314977735698191
228,4.314977735698191
229,4.941834338517422
230,4.0
231,3.876993705491059
232,4.469407200237417
233,4.566175264310095
234,4.244775475990012
235,4.942513420378929
236,4.942513420378929
237,4.137410071720954
238,4.847680238257087
239,4.405538466604089
240,5.0
241,4.3683780969777
242,4.3683780969777
243,4.449230749568718
244,4.689126816894554
245,3.0
246,4.406108453122692
247,4.406108453122692
248,4.497592780789086
249,4.497592780789086
250,4.999999999999999
251,4.903424872440509
252,4.760450986122205
253,4.760450986122205
254,5.0
255,4.0
256,4.8685523749360415
257,4.917814365937856
258,3.3244060223787724
259,3.3244060223787724
260,4.822231335930772
261,4.647080183911103
262,4.306334832978127
263,4.306334832978127
264,3.0000000000000004
265,3.0000000000000004
266,3.4840081310936974
267,3.4840081310936974
268,3.7330952046645236
269,4.5164421231136656
270,4.5164421231136656
271,4.221359976524502
272,4.221359976524502
273,4.710898061853348
274,3.7875560567242044
275,3.7875560567242044
276,4.773914197417631
277,4.880433416808589
278,4.71996574578766
279,5.0
280,4.0
281,4.0
282,3.690139985487084
283,4.764778760073125
284,5.0
285,4.249283298089032
286,4.330779714672777
287,4.577456808636276
288,4.74205746179912
289,4.172514557744367
290,3.8648055868532403
291,4.999999999999999
292,4.341243246167818
293,4.573393198360875
294,4.296255405058569
295,5.0
296,3.6124481181808643
297,3.6124481181808643
298,4.0
299,4.369877904028218
300,4.479334955036637
301,4.479334955036637
302,4.7430611675481105
303,4.87702074226063
304,3.686174890445271
305,4.137162426281032
306,4.137162426281032
307,3.7345343702964646
308,3.7345343702964646
309,5.0
310,4.699662798551397
311,5.0
312,5.0
313,4.01561028213111
314,4.2332604302680545
315,4.747600054361061
316,4.249982871562606
317,4.897115100588377
318,5.0
319,5.0
320,1.998368095857177
321,4.593649263555064
322,3.17946508762071
323,3.17946508762071
324,4.2340884393288185
325,3.6081295443477415
326,3.6081295443477415
327,4.100037876588658
328,5.0
329,5.0
330,4.0
331,5.000000000000001
332,4.3455377902200745
333,4.3455377902200745
334,5.0
335,5.0
336,4.368443250746061
337,4.368443250746061
338,4.717116179200477
339,3.759729663769074
340,3.759729663769074
341,4.6025557902372
342,5.0
343,4.387313860283734
344,5.0
345,4.548487185830399
346,4.548487185830399
347,4.582894573109741
348,5.0
349,5.0
350,4.21361133333624
351,4.479353775029257
352,4.479353775029257
353,3.636441720064949
354,3.636441720064949
355,4.592105374893092
356,4.0099375209522465
357,4.20862407405843
358,2.5
359,2.5
360,4.8075648882550235
361,3.022275523590765
362,3.022275523590765
363,4.632349107978917
364,4.632349107978917
365,4.8763023125952225
366,5.0
367,4.393211825625061
368,4.550765924515465
369,4.550765924515465
370,5.000000000000001
371,4.486697210282518
372,2.5
373,4.1668317233075625
374,4.457920228190535
375,3.72449634894661
376,3.72449634894661
377,5.0
378,3.1163194073418956
379,4.999999999999999
380,3.8031456314008047
381,4.999999999999999
382,4.90816016496772
383,5.0
384,5.0
385,3.726172727926538
386,3.726172727926538
387,4.229298107841107
388,4.229298107841107
389,5.000000000000001
390,4.225154013185481
391,4.8855086773688035
392,4.8855086773688035
393,5.000000000000001
394,5.0
395,4.526801209680024
396,3.6747302648559232
397,3.6747302648559232
398,4.4877900202879015
399,4.514559973161616
400,4.472016814463362
401,4.999999999999999
402,4.999999999999999
403,3.285398699118271
404,3.6016702883934655
405,3.6016702883934655
406,4.86709128933154
407,4.86709128933154
408,4.937560976687418
409,4.937560976687418
410,4.756384374741758
411,4.871460728514253
412,2.146588662624074
413,2.146588662624074
414,4.172735423862409
415,4.437705809790985
416,4.314679099920523
417,3.610178479591557
418,4.693607421381005
419,3.569299957898512
420,3.569299957898512
421,3.6691605648086845
422,3.6691605648086845
423,4.713687641600616
424,4.5753026263636025
425,3.257749936420292
426,4.909334281770708
427,4.909334281770708
428,3.9905523565260435
429,4.58348502335076
430,4.58348502335076
431,5.0
432,4.885911529333915
433,5.0
434,4.230784009771992
435,5.000000000000001
436,5.0
437,4.344888701452263
438,3.869652276625235
439,3.869652276625235
440,5.0
441,4.407276060132461
442,4.214018071513877
443,3.4878415731639114
444,3.4878415731639114
445,4.73150335297642
446,5.000000000000001
447,5.000000000000001
448,4.802745741155703
449,4.802745741155703
450,4.46977610966057
451,5.0
452,5.0
453,4.515023581251469
454,5.0
455,5.0
456,5.0
457,3.97825666926768
458,5.000000000000002
459,5.0
460,4.903508024211921
461,4.614922277184173
462,4.614922277184173
463,4.909935897746046
464,4.466493452153517
465,4.851860949466577
466,4.851860949466577
467,5.0
468,4.8431005908270475
469,4.8431005908270475
470,5.0
471,4.137923382877946
472,4.137923382877946
473,3.9535738795816067
474,3.824002756866328
475,5.0
476,4.7280428799150265
477,4.660755771180425
478,4.0
479,4.999999999999999
480,5.0
481,4.0
482,4.099165382670909
483,4.531584183495437
484,3.3080038318759937
485,3.3080038318759937
486,4.378419300002348
487,4.378419300002348
488,4.6395433587134445
489,3.551245527386396
490,4.768980656144724
491,4.382923283193512
492,4.184371081965016
493,4.184371081965016
494,4.5097848272216625
495,2.6675711024100437
496,2.6675711024100437
497,4.6152736283780635
498,5.000000000000001
499,4.790638620722174
500,4.483291217451595
501,4.865542101603306
502,5.0
503,5.0
504,4.312617884141813
505,4.312617884141813
506,4.903794648976078
507,4.798554685314171
508,5.0
509,4.836468141974466
510,4.836468141974466
511,4.483763562689872
512,3.5616795396764838
513,5.0
514,4.250519692580264
515,4.250519692580264
516,4.407933454996906
517,4.407933454996906
518,5.0
519,3.9232002214582735
520,3.9232002214582735
521,4.442108687298628
522,4.999999999999999
523,4.213976221632384
524,4.784120756758865
525,4.4587175873134495
526,4.4587175873134495
527,3.7761123509447425
528,4.439262300010359
529,3.9619316508618336
530,4.771990250662885
531,4.771990250662885
532,4.702728472785585
533,4.702728472785585
534,4.556979237529618
535,4.697195410712137
536,3.5461161406793495
537,3.5461161406793495
538,4.0
539,4.0
540,4.661535015197691
541,4.30207096474979
542,4.30207096474979
543,4.6978736694198
544,5.0
545,4.121100556081783
546,4.458275395678737
547,4.629174014027685
548,4.629174014027685
549,2.5
550,4.438395972729673
551,5.0
552,4.0093894615594365
553,4.644007893961325
554,2.8389358582613125
555,2.8389358582613125
556,4.091524849423643
557,4.638256960716105
558,4.638256960716105
559,5.0
560,3.6624439196699172
561,5.0
562,4.298241195481862
563,4.298241195481862
564,4.0
565,5.0
566,4.507397011943235
567,4.507397011943235
568,4.672609521310506
569,4.672609521310506
570,4.381771963625369
571,4.763014302065787
572,4.763014302065787
573,4.23016735670096
574,4.4892902783531055
575,4.4892902783531055
576,5.000000000000002
577,5.0
578,5.0
579,4.194182523372635
580,4.969134153635499
581,4.181095818918108
582,5.0
583,3.9104460402020367
584,3.9104460402020367
585,4.067288197219148
586,4.424803169365357
587,4.845556922061435
588,4.141211812447494
589,4.296367691815628
590,4.296367691815628
591,4.1031840298618585
592,4.537624245641548
593,5.000000000000001
594,4.0
595,4.999999999999999
596,4.999999999999999
597,4.4740550644557935
598,4.607332926755291
599,5.0
600,5.0
601,4.013795435921652
602,4.7331039168332065
603,3.919957740673436
604,3.919957740673436
605,4.376922390435088
606,4.376922390435088
607,3.975914755586332
608,5.0
609,4.0
610,4.0
611,5.0
612,5.0
613,4.088963137428887
614,4.897989736686434
615,5.0
616,3.9842174189419555
617,3.9842174189419555
618,4.8677532179682785
619,4.8677532179682785
620,3.5086789458144114
621,3.286095346796098
622,4.672988723014098
623,4.0
624,4.771838314545544
625,4.0
626,5.0
627,4.404562207448034
628,4.078724426230718
629,4.200822082639695
630,3.6107607625872458
631,3.6107607625872458
632,4.94051393000492
633,4.94051393000492
634,4.942269853815655
635,4.271237822653346
636,4.271237822653346
637,3.961219937889923
638,3.961219937889923
639,4.78421261590922
640,2.6931663573822697
641,2.6931663573822697
642,4.9178255047531865
643,3.4447153667653936
644,3.4447153667653936
645,4.262734914975906
646,4.179969088391422
647,4.865513486974828
648,1.0
649,1.0
650,4.756213842945129
651,4.923486853536638
652,3.9201468120152017
653,4.212408781020792
654,4.212408781020792
655,4.684433267613837
656,4.684433267613837
657,4.3977660251985675
658,4.3977660251985675
659,4.630087598768775
660,5.000000000000001
661,3.208097687145221
662,5.0
663,5.0
664,4.500537961991537
665,4.500537961991537
666,4.834601198789863
667,4.834601198789863
668,4.474460286946443
669,4.661397004649485
670,4.4527771181717855
671,3.4374458423372256
672,5.0
673,4.0
674,4.0
675,4.614713427777217
676,5.0
677,5.0
678,5.0
679,3.8673999703267303
680,4.9165038060268715
681,4.801877014139302
682,3.532288550488475
683,5.0
684,5.0
685,4.7785866507951695
686,3.5507659245154657
687,3.5507659245154657
688,2.9999999999999996
689,4.875282219047303
690,3.0787020520444894
691,3.0787020520444894
692,1.9883186090092775
693,3.6101354943629476
694,5.0
695,5.0
696,5.0
697,3.960157032119481
698,3.960157032119481
699,5.0
700,3.423837613808589
701,3.423837613808589
702,3.684213459495308
703,3.684213459495308
704,3.2354772119210455
705,3.2354772119210455
706,4.445685378355083
707,4.61384906870447
708,4.620137192655636
709,2.0
710,2.0
711,4.220302287372574
712,5.0
713,4.4981222138669334
714,4.4981222138669334
715,5.0
716,4.221464404797222
717,4.6900261781429124
718,4.6900261781429124
719,4.5821672059220715
720,2.693620437679717
721,2.693620437679717
722,4.432260219352285
723,4.432260219352285
724,4.157329065809381
725,5.000000000000001
726,5.0
727,4.901185474384646
728,4.145763232491352
729,3.277485082625165
730,4.706302629883705
731,4.706302629883705
732,2.870584554989363
733,4.785206877807202
734,4.331043852103884
735,4.422165874250093
736,4.422165874250093
737,4.959231469772812
738,4.959231469772812
739,4.0
740,3.0
741,3.0
742,4.318808289362769
743,4.280945058088377
744,4.0
745,4.0
746,3.876841677438209
747,5.0
748,5.0
749,1.6453986238154723
750,1.6453986238154723
751,4.26768335879364
752,4.357979277860484
753,4.50042866155885
754,4.50042866155885
755,4.605358001432776
756,4.247620810987197
757,4.247620810987197
758,3.878412024047448
759,3.878412024047448
760,4.461629408574517
761,4.372011686288904
762,5.0
763,5.0
764,5.0
765,4.113304274007092
766,4.113304274007092
767,4.8114625190569225
768,4.34350900312671
769,3.5961225733181665
770,4.228209150444569
771,5.0
772,5.0
773,3.0000000000000004
774,2.8453083108214896
775,2.8453083108214896
776,5.0
777,5.0
778,4.557084471944291
779,4.557084471944291
780,4.824298787055419
781,4.500590561337142
782,4.544461566601621
783,4.999999999999999
784,4.999999999999999
785,4.220509865086584
786,4.220509865086584
787,4.106633749663353
788,4.106633749663353
789,4.183215848331844
790,4.183215848331844
791,5.0
792,4.649178239485357
793,4.240059718278741
794,4.394815652427865
795,4.509450093982962
796,4.260148818861025
797,4.260148818861025
798,4.999999999999999
799,5.0
800,4.653169772532264
801,4.496931166699632
802,4.28586104437675
803,4.74170834507187
804,4.0
805,4.0
806,3.811870339915665
807,3.811870339915665
808,2.5
809,2.5
810,3.9378019404104405
811,3.9378019404104405
812,4.747052753503654
813,4.747052753503654
814,4.4414030968322065
815,4.857700818285336
816,4.240016047562751
817,4.240016047562751
818,5.0
819,4.535282600300446
820,4.5091720640325645
821,4.5091720640325645
822,3.532657232660175
823,3.532657232660175
824,4.4299604336596605
825,4.4299604336596605
826,4.937293240337466
827,4.6721890217792375
828,5.0
829,3.7905766287916958
830,5.0
831,4.38729700934743
832,4.02170625030745
833,3.989639102740595
834,3.989639102740595
835,4.918648501686843
836,3.9018488806715617
837,5.0
838,4.526581041032567
839,4.526581041032567
840,4.351380823927937
841,5.0
842,5.0
843,4.5868660236528
844,3.9767981579049163
845,3.9767981579049163
846,5.0
847,5.0
848,5.0
849,5.0
850,4.421822434118603
851,3.2478063721659325
852,4.689435083878862
853,4.689435083878862
854,4.246884181648835
855,4.403230714068196
856,4.403230714068196
857,4.293300613233753
858,4.953359351556654
859,4.24536168201787
860,4.24536168201787
861,3.860991928174251
862,3.860991928174251
863,4.302847031698163
864,4.302847031698163
865,3.692884531471609
866,3.9526469274652647
867,3.9526469274652647
868,4.859201992060783
869,5.0
870,4.295881849617038
871,4.295881849617038
872,5.0
873,4.795212548534018
874,5.0
875,5.0
876,4.136837860094151
877,4.136837860094151
878,3.5160990007123627
879,3.0
880,5.000000000000001
881,4.897573522600359
882,4.897573522600359
883,3.208624074058429
884,4.016731702536805
885,4.933616135196093
886,3.7023359006516836
887,3.8038387790963495
888,4.175202841859453
889,4.175202841859453
890,4.520382048620618
891,4.520382048620618
892,4.625757189138927
893,4.204898525644078
894,4.204898525644078
895,4.0
896,4.782115713534239
897,4.143783638977677
898,4.143783638977677
899,5.0
900,5.0
901,5.0
902,3.703014967597384
903,3.703014967597384
904,5.0
905,4.502984978090655
906,3.0
907,4.361905795591887
908,4.433023304711522
909,5.000000000000001
910,4.728687394671349
911,4.733273527503679
912,4.312253004442677
913,2.486366264266569
914,4.8011559841634215
915,4.8011559841634215
916,5.0
917,5.0
918,5.0
919,4.062890902524853
920,4.176293001035398
921,5.000000000000001
922,5.000000000000001
923,5.0
924,4.0
925,4.487352755315691
926,2.674694129384505
927,2.674694129384505
928,5.0
929,3.711890674542291
930,3.711890674542291
931,4.642575216863429
932,4.060806457375332
933,3.9801564150833455
934,3.9801564150833455
935,4.358982421257159
936,4.999999999999999
937,2.5
938,4.117257083759742
939,4.117257083759742
940,5.0
941,4.541901409000868
942,4.262459603593841
943,4.262459603593841
944,4.303337958462325
945,4.303337958462325
946,4.817364779360666
947,4.699282771123146
948,4.699282771123146
949,5.0
950,4.0
951,5.0
952,5.0
953,4.668690521971473
954,3.917987201511999
955,3.917987201511999
956,4.397020125508915
957,4.517855551040246
958,4.31346607608152
959,4.31346607608152
960,4.669545782307764
961,4.669545782307764
962,3.450483529039811
963,3.450483529039811
964,4.906264007889984
965,4.27998525343989
966,3.2785923985126715
967,5.0
968,5.0
969,4.6233469407183865
970,4.788267551853093
971,4.460156274968869
972,5.0
973,4.416327860395573
974,3.8834832458156923
975,3.8834832458156923
976,5.0
977,5.0
978,4.557687221207669
979,4.557687221207669
980,4.061498654483227
981,4.597661474564566
982,4.597661474564566
983,5.0
984,4.999999999999999
985,4.664411803860793
986,4.762840465637129
987,4.689881684210307
988,5.0
989,4.0
990,3.288384677309694
991,3.288384677309694
992,2.611700876692085
993,2.611700876692085
994,4.42018349354174
995,4.42018349354174
996,4.575800469261997
997,4.652944148454892
998,4.555849180199962
999,4.512027397475105
1000,4.512027397475105
1001,3.5548884343583236
1002,5.0
1003,5.0
1004,5.0
1005,5.0
1006,4.8844247700925845
1007,4.8844247700925845
1008,4.472069641900038
1009,4.277792733558709
1010,4.065072777022711
1011,5.000000000000001
1012,4.135140506104517
1013,4.759852732092055
1014,4.966417579723801
1015,3.0
1016,3.8238226145849556
1017,5.0
1018,4.466622771359653
1019,4.714943757888857
1020,4.714943757888857
1021,5.0
1022,5.0
1023,4.215803675360054
1024,4.215803675360054
1025,4.441435173433132
1026,4.202693427607441
1027,4.765045368176826
1028,4.765045368176826
1029,5.0
1030,2.9547214166136424
1031,2.9547214166136424
1032,4.876094626745079
1033,4.915031756646413
1034,4.915031756646413
1035,4.9214361229463455
1036,4.644154624817057
1037,5.000000000000001
1038,4.556658660761189
1039,4.98027295812908
1040,4.98027295812908
1041,4.356606020636657
1042,5.0
1043,3.2268034968836945
1044,3.2268034968836945
1045,4.361285664536217
1046,4.361285664536217
1047,4.74135398593091
1048,4.720179029127853
1049,3.9236679396707514
1050,4.826800608793235
1051,4.5617633955166905
1052,4.177599420770965
1053,4.177599420770965
1054,4.272682458943368
1055,4.272682458943368
1056,5.0
1057,4.437113720468939
1058,5.0
1059,4.670221287755251
1060,5.0
1061,4.494001072349539
1062,4.848380212144402
1063,4.848380212144402
1064,4.695829073633312
1065,4.332447135798027
1066,3.239930209946311
1067,4.811240909050712
1068,4.696104715854564
1069,5.0
1070,4.630093234119843
1071,4.630093234119843
1072,2.5
1073,4.76552238225025
1074,4.76552238225025
1075,4.0
1076,4.533426554820588
1077,4.533426554820588
1078,4.54837284691232
1079,4.48671343380179
1080,3.3434858631044553
1081,4.930492612951471
1082,4.930492612951471
1083,5.000000000000001
1084,5.0
1085,2.5
1086,4.357525132448908
1087,4.999999999999999
1088,4.586240463470952
1089,5.0
1090,4.7083489197958555
1091,4.7083489197958555
1092,3.89119614208864
1093,3.89119614208864
1094,4.498180418963906
1095,4.954086849010791
1096,4.999999999999999
1097,4.999999999999999
1098,4.7825763844904206
1099,5.0
1100,3.8173898938474746
1101,3.8173898938474746
1102,4.895361681452748
1103,4.619515709401985
1104,5.0
1105,4.32633253022576
1106,4.32633253022576
1107,5.0
1108,5.0
1109,5.000000000000001
1110,4.1647705745873616
1111,5.0
1112,4.3464693163654795
1113,4.3464693163654795
1114,1.0
1115,1.0
1116,3.0
1117,4.781681588124051
1118,4.661406082704503
1119,5.000000000000001
1120,5.0
1121,5.0
1122,4.999999999999999
1123,4.999999999999999
1124,5.0
1125,5.0
1126,4.613280930417986
1127,5.0
1128,3.5247931964923733
1129,4.0
1130,4.0
1131,3.616134762001777
1132,3.616134762001777
1133,5.000000000000001
1134,4.923524042529149
1135,5.000000000000001
1136,4.224516154637665
1137,4.999999999999999
1138,4.587686861426531
1139,4.900908255641525
1140,2.8083888242613244
1141,4.667278452756623
1142,4.353978137168109
1143,4.2103733896396625
1144,3.977186138712006
1145,3.977186138712006
1146,4.756261646932736
1147,5.0
1148,4.753037840196259
1149,4.624707034018401
1150,4.0
1151,4.5720494537417995
1152,3.7950355677449
1153,3.7950355677449
1154,5.0
1155,4.842559785473778
1156,5.0
1157,4.583418345634824
1158,5.0
1159,5.0
1160,5.0
1161,4.095504635832127
1162,3.865367008107589
1163,4.0888107227969375
1164,3.5315879416922242
1165,4.301333544765412
1166,4.301333544765412
1167,4.804447470237195
1168,4.763701299542251
1169,4.763701299542251
1170,2.5
1171,4.674855844478621
1172,4.798143392771168
1173,4.666523375030902
1174,4.666523375030902
1175,4.678812645726427
1176,4.933621721025672
1177,5.0
1178,5.0
1179,4.5192462579227515
1180,5.0
1181,4.826212387856938
1182,4.826212387856938
1183,4.0
1184,4.445619122923858
1185,4.542008987507821
1186,4.833431409231653
1187,4.276862092814127
1188,5.0
1189,5.0
1190,5.0
1191,4.668455583741341
1192,4.668455583741341
1193,5.0
1194,5.0
1195,4.388436976943167
1196,4.0320226432563375
1197,4.0320226432563375
1198,4.662798292905706
1199,4.310064022651738
1200,4.310064022651738
1201,4.393983880840101
1202,4.393983880840101
1203,5.0
1204,3.832186665168605
1205,3.832186665168605
1206,4.0
1207,2.1996466665838152
1208,2.1996466665838152
1209,5.0
1210,4.282195574767512
1211,4.282195574767512
1212,4.654407507685759
1213,5.0
1214,3.437572868065895
1215,3.437572868065895
1216,3.486082027803828
1217,3.486082027803828
1218,5.0
1219,4.0
1220,4.462107893248654
1221,4.389048069443038
1222,4.389048069443038
1223,2.5
1224,4.5070274305488365
1225,4.053290454128198
1226,3.646760080256441
1227,4.024614122877686
1228,4.024614122877686
1229,2.340550818510627
1230,2.340550818510627
1231,4.543726692260531
1232,4.200365638931747
1233,5.0
1234,4.999999999999999
1235,3.6333846998048616
1236,3.6333846998048616
1237,4.479760352035975
1238,4.479760352035975
1239,3.870926215865152
1240,4.9380181194400885
1241,5.0
1242,5.0
1243,4.660510176892736
1244,4.29473948247664
1245,4.881260070034403
1246,4.668015661208757
1247,4.382280466055985
1248,4.660572526764494
1249,5.0
1250,4.111981222637155
1251,4.238629640686314
1252,4.238629640686314
1253,3.653178934707345
1254,3.653178934707345
1255,4.101882520155585
1256,5.0
1257,4.661701654366618
1258,3.2971546930472626
1259,4.332673354363939
1260,3.8160078486457967
1261,3.9918079946354847
1262,5.000000000000001
1263,5.000000000000001
1264,4.538109659582133
1265,4.8742880774124515
1266,2.661524471671973
1267,4.405898001540547
1268,4.405898001540547
1269,4.851069406776019
1270,3.747084038052372
1271,5.000000000000001
1272,4.047220183408183
1273,4.047220183408183
1274,4.734823193210443
1275,4.591654235295914
1276,5.0
1277,4.536492167161571
1278,3.7385941492942436
1279,3.3535794537820203
1280,3.3535794537820203
1281,4.348751496959785
1282,4.430350486373538
1283,4.716499231873872
1284,4.203697717401873
1285,5.0
1286,5.0
1287,3.9265572535390914
1288,4.1561290997875755
1289,5.0
1290,4.259423822452307
1291,3.4895547977832897
1292,5.000000000000001
1293,4.0
1294,4.0
1295,3.3956616691608876
1296,3.3956616691608876
1297,4.0
1298,4.248391983217039
1299,4.248391983217039
1300,4.743113201258139
1301,4.360859827111784
1302,4.360859827111784
1303,5.0
1304,4.083752614551636
1305,4.0
1306,3.8430115896487376
1307,5.000000000000001
1308,5.000000000000001
1309,3.699264098085675
1310,4.611806788453533
1311,3.873714609984126
1312,3.873714609984126
1313,5.000000000000001
1314,4.513585878437926
1315,4.513585878437926
1316,4.42697847205249
1317,4.777991986714487
1318,5.0
1319,5.0
1320,4.0
1321,4.509248819559709
1322,4.999999999999999
1323,4.0
1324,5.0
1325,4.226152630269031
1326,4.881044849259543
1327,3.0
1328,4.389561242508443
1329,5.000000000000001
1330,5.000000000000001
1331,5.000000000000001
1332,3.511910469682135
1333,3.511910469682135
1334,1.0
1335,1.0
1336,3.5864730070017488
1337,3.5864730070017488
1338,4.634793119071448
1339,5.0
1340,4.009328889889556
1341,5.0
1342,5.0
1343,4.0
1344,4.0
1345,4.4990413071400335
1346,3.701894331992231
1347,5.0
1348,3.760659930304008
1349,5.0
1350,4.792942010118487
1351,5.0
1352,4.928514098378676
1353,4.808607048807904
1354,4.408298216801915
1355,5.0
1356,4.729119687725431
1357,4.4709478807772225
1358,5.0
1359,5.0
1360,5.0
1361,5.0
1362,4.302881239271769
1363,5.0
1364,4.611713247357911
1365,5.0
1366,4.4717768068001575
1367,4.141460659477829
1368,5.0
1369,5.0
1370,4.815174897749611
1371,4.366996117250704
1372,5.0
1373,5.0
1374,4.266575073998655
1375,4.266575073998655
1376,4.801479191926923
1377,1.0
1378,1.0
1379,5.000000000000001
1380,5.000000000000001
1381,5.0
1382,3.551287672655702
1383,5.0
1384,5.0
1385,3.58158192993967
1386,4.0
1387,4.0
1388,4.647604954419307
1389,4.865466707865891
1390,2.5
1391,4.433600440792943
1392,4.364140376988395
1393,4.364140376988395
1394,4.125087658088973
1395,4.125087658088973
1396,5.0
1397,3.5436512242254077
1398,5.000000000000001
1399,4.377913472393709
1400,5.0
1401,5.0
1402,4.240293887971892
1403,4.0
1404,3.8465293712101665
1405,3.8465293712101665
1406,5.0
1407,4.842557839157715
1408,4.999999999999999
1409,4.834192534936112
1410,4.102452726569541
1411,4.102452726569541
1412,4.0
1413,5.0
1414,4.451790214950167
1415,5.0
1416,4.864198765862859
1417,4.498093695291723
1418,3.8531591793197055
1419,5.000000000000001
1420,5.0
1421,3.886078331684714
1422,3.886078331684714
1423,3.970552268484993
1424,3.8034490103685434
1425,3.8034490103685434
1426,4.6620292976052475
1427,4.449097376844291
1428,4.463534405622189
1429,4.331989550267561
1430,4.165485854567254
1431,4.1106773322890415
1432,4.79070350561653
1433,5.0
1434,5.0
1435,5.0
1436,3.007633348921535
1437,3.007633348921535
1438,4.793079933653401
1439,2.9999999999999996
1440,2.9999999999999996
1441,5.0
1442,5.0
1443,4.0
1444,4.337369728120384
1445,5.0
1446,4.54494995229813
1447,4.697200166304763
1448,3.7739999712205288
1449,3.7739999712205288
1450,4.779794658346298
1451,5.0
1452,4.668263440233313
1453,5.0
1454,5.0
1455,4.3926438081347206
1456,4.257958107467574
1457,4.321214637179151
1458,4.796454313974304
1459,4.790608883620048
1460,4.236049636156619
1461,4.236049636156619
1462,4.999999999999999
1463,4.628844052929961
1464,4.0
1465,5.0
1466,3.6470703616725846
1467,4.2840640153218965
1468,5.000000000000001
1469,3.3135553397892137
1470,5.0
1471,5.0
1472,5.0
1473,5.0
1474,5.0
1475,4.0
1476,4.454326012863145
1477,4.240033564184135
1478,4.630636774231434
1479,4.630636774231434
1480,4.177232501779303
1481,3.0494020381510567
1482,3.0494020381510567
1483,4.389857310729755
1484,5.0
1485,5.0
1486,4.404355013684682
1487,4.404355013684682
1488,4.255205929403212
1489,4.323529485661042
1490,5.0
1491,4.907085507956258
1492,4.288885658292915
1493,4.517270128995738
1494,4.517270128995738
1495,5.0
1496,4.662022029272925
1497,4.662022029272925
1498,4.262081064257418
1499,4.387348547823791
1500,5.0
1501,3.8599450864032288
1502,5.0
1503,5.0
1504,4.0
1505,2.4220077358877603
1506,4.0
1507,2.0
1508,3.7236213172797115
1509,4.999999999999999
1510,3.248485515144002
1511,3.248485515144002
1512,4.999999999999999
1513,3.187783271613986
1514,4.413554901469889
1515,5.0
1516,3.8378934802145213
1517,3.5315879416922242
1518,5.0
1519,4.866663828591894
1520,4.970279274543418
1521,4.0
1522,4.339537200231707
1523,3.8515364117627056
1524,4.697360726425133
1525,4.365042562428393
1526,5.0
1527,4.736992184343747
1528,5.0
1529,3.8542999199738612
1530,4.721308732096923
1531,4.337369728120384
1532,5.0
1533,5.0
1534,3.9906796092657606
1535,4.260102409255766
1536,4.260102409255766
1537,4.0
1538,4.233432821453276
1539,4.233432821453276
1540,3.913427359786026
1541,3.913427359786026
1542,4.462832830954239
1543,5.0
1544,4.000924244045148
1545,5.000000000000001
1546,4.079960671755987
1547,4.622861997445569
1548,5.0
1549,5.0
1550,4.7735142852708785
1551,5.0
1552,5.0
1553,4.8050846001680725
1554,5.0
1555,4.914889360393047
1556,4.523390945947731
1557,5.0
1558,5.0
1559,4.999999999999999
1560,5.0
1561,4.701407747902574
1562,5.0
1563,4.182993515873715
1564,4.322920744663302
1565,5.0
1566,4.2684365917520735
1567,4.175090992468715
1568,4.624073281573095
1569,3.431385093097572
1570,4.504609353587708
1571,4.275221494859066
1572,2.0
1573,5.0
1574,5.0
1575,4.410650853403077
1576,5.0
1577,4.141821281437002
1578,4.141821281437002
1579,4.143618802683557
1580,4.143618802683557
1581,4.790016024829052
1582,2.5
1583,4.438856544392119
1584,4.10428331279972
1585,5.0
1586,4.4399291992357615
1587,5.0
1588,5.0
1589,4.2826175912596325
1590,4.0
1591,4.0
1592,4.0
1593,4.412204138644266
1594,3.6947271236303822
1595,3.6947271236303822
1596,4.876687792895269
1597,4.769350520549677
1598,4.789215710662395
1599,4.904768217250475
1600,4.286238138007792
1601,4.286238138007792
1602,4.073003716084713
1603,3.775386357995061
1604,4.3955236527802315
1605,4.3955236527802315
1606,5.0
1607,5.0
1608,4.0
1609,4.4296289487465295
1610,4.278461250690798
1611,4.595992947716131
1612,4.576038066367782
1613,3.7038880208198717
1614,4.072976775080556
1615,4.123871013235972
1616,4.0
1617,4.53246477578321
1618,5.0
1619,5.0
1620,4.737804068102866
1621,4.737804068102866
1622,4.543670516157824
1623,5.0
1624,5.0
1625,4.0414827088357725
1626,5.0
1627,3.0
1628,3.0
1629,4.399255574239652
1630,4.817829483175132
1631,4.901565604204135
1632,4.285802879186708
1633,4.285802879186708
1634,4.2475713993839515
1635,5.0
1636,5.0
1637,4.999999999999999
1638,4.731652353472931
1639,4.0
1640,4.17944608331811
1641,4.17944608331811
1642,3.7417765063792654
1643,4.0
1644,4.841281871175495
1645,4.841281871175495
1646,4.865484116675098
1647,4.246115097308657
1648,5.0
1649,3.542523622304985
1650,4.054893449799725
1651,5.0
1652,4.737763155516273
1653,4.0
1654,4.684807294773897
1655,5.0
1656,5.0
1657,5.0
1658,4.0
1659,4.336632944638475
1660,4.336632944638475
1661,5.0
1662,4.0
1663,3.9720598515390138
1664,3.9720598515390138
1665,4.0
1666,5.0
1667,5.0
1668,5.0
1669,5.0
1670,5.0
1671,4.252577079313571
1672,4.252577079313571
1673,5.0
1674,4.399344579167549
1675,4.455250722754899
1676,4.455250722754899
1677,4.0
1678,4.0
1679,4.0
1680,4.7317262445202415
1681,3.6315132077901806
1682,3.6315132077901806
1683,4.548221857883695
1684,5.0
1685,4.711562650033426
1686,5.0
1687,5.0
1688,5.0
1689,4.089016796155975
1690,4.575286933087948
1691,5.0
1692,3.8744263688917933
1693,5.0
1694,4.0
1695,5.000000000000001
1696,4.0
1697,4.310457117727827
1698,4.491247456209989
1699,4.491247456209989
1700,5.0
1701,4.085949928186715
1702,3.832023847825441
1703,3.6813109807668334
1704,4.16397906477622
1705,4.16397906477622
1706,4.702658125922606
1707,3.8023586985901505
1708,3.8023586985901505
1709,2.8574865526826088
1710,2.8574865526826088
1711,3.7600596356177283
1712,4.0
1713,4.958905461551669
1714,4.958905461551669
1715,3.594309386094526
1716,5.000000000000001
1717,5.000000000000001
1718,5.000000000000001
1719,5.0
1720,4.0
1721,4.26209720226265
1722,4.933966015944545
1723,2.7570732243497607
1724,2.7570732243497607
1725,5.0
1726,5.0
1727,5.0
1728,4.359511504479933
1729,4.583334058956234
1730,4.0
1731,4.1691300530106075
1732,4.6921302409702745
1733,5.0
1734,4.095956439763173
1735,4.095956439763173
1736,4.587072695762094
1737,5.0
1738,4.265793970846112
1739,1.0
1740,4.426313728427081
1741,4.601645778704344
1742,4.601645778704344
1743,4.819639956734697
1744,4.402739466178035
1745,4.777148320457642
1746,3.0
1747,4.0
1748,5.000000000000001
1749,5.0
1750,5.0
1751,4.182751088916214
1752,4.522438611611545
1753,4.0
1754,5.0
1755,3.293035750985496
1756,4.6858936707808
1757,4.0
1758,5.0
1759,5.000000000000001
1760,5.000000000000001
1761,4.107810430732872
1762,5.0
1763,5.0
1764,4.674870356783942
1765,4.0
1766,4.12035850339899
1767,4.12035850339899
1768,4.999999999999999
1769,4.778751016172845
1770,5.000000000000001
1771,4.0
1772,4.237261402577521
1773,4.999999999999999
1774,4.999999999999999
1775,4.403961073413587
1776,4.926855557376403
1777,4.818976125142692
1778,3.6789442572167688
1779,5.0
1780,5.0
1781,2.4234462157930676
1782,2.4234462157930676
1783,2.914962769167238
1784,2.914962769167238
1785,3.9486411132555976
1786,3.4526174793599655
1787,3.4526174793599655
1788,5.0
1789,5.0
1790,5.000000000000001
1791,5.0
1792,4.192201933664121
1793,5.000000000000001
1794,4.0
1795,4.0
1796,5.0
1797,4.457920228190535
1798,4.323282416330508
1799,4.101571347210594
1800,5.0
1801,4.368994118893422
1802,3.9096401728538237
1803,4.753616743924479
1804,4.753616743924479
1805,5.0
1806,5.0
1807,2.9156953807383883
1808,2.9156953807383883
1809,4.0
1810,4.555464663042779
1811,4.425906985722988
1812,4.42542887380584
1813,4.892535715300903
1814,4.892535715300903
1815,4.0
1816,4.0
1817,4.801852624124726
1818,4.278385686695514
1819,3.90582984687212
1820,3.90582984687212
1821,4.887441297013526
1822,4.433535438772177
1823,4.433535438772177
1824,5.0
1825,4.0
1826,5.0
1827,4.0
1828,5.0
1829,4.0
1830,5.000000000000001
1831,3.6860446378107588
1832,3.6860446378107588
1833,4.299303036248696
1834,4.931412439939956
1835,4.931412439939956
1836,5.000000000000001
1837,3.5768311964413537
1838,5.0
1839,2.988781384294929
1840,2.988781384294929
1841,4.280929720998297
1842,4.465104045398032
1843,4.558866656125007
1844,5.0
1845,4.0
1846,5.0
1847,5.000000000000001
1848,4.697296024332834
1849,5.0
1850,4.850186207427729
1851,3.529052486132931
1852,5.0
1853,5.0
1854,4.688358142582645
1855,4.619662034801151
1856,3.1307572941563255
1857,5.0
1858,4.319513769693879
1859,4.319513769693879
1860,5.0
1861,5.0
1862,4.673137918845573
1863,4.309095765633899
1864,4.0
1865,4.0
1866,5.0
1867,5.0
1868,4.247981607813526
1869,4.247981607813526
1870,2.7280161421564033
1871,5.000000000000001
1872,5.000000000000001
1873,3.6224892099185975
1874,3.6224892099185975
1875,2.5
1876,5.0
1877,5.0
1878,5.0
1879,2.5
1880,1.7659534143821163
1881,4.876034327461189
1882,5.000000000000001
1883,4.0
1884,4.0
1885,4.063145297211181
1886,4.0
1887,3.0
1888,4.999999999999999
1889,5.0
1890,5.0
1891,4.568888871106033
1892,5.0
1893,5.000000000000001
1894,4.8481112198511
1895,4.0
1896,5.0
1897,5.0
1898,4.999999999999999
1899,4.999999999999999
1900,4.4140613702819795
1901,4.4140613702819795
1902,4.454105379874977
1903,3.9903596056965465
1904,3.9903596056965465
1905,4.0
1906,4.0
1907,4.999999999999999
1908,4.340166058029092
1909,4.340166058029092
1910,4.761420039308571
1911,2.0
1912,2.0
1913,4.037019315429311
1914,5.0
1915,3.781787019371023
1916,4.729263432165632
1917,4.729263432165632
1918,4.999999999999999
1919,4.61576976050558
1920,5.0
1921,5.0
1922,5.0
1923,4.790013891297395
1924,5.0
1925,4.0
1926,4.740452341898361
1927,4.267409876051286
1928,4.341042732264231
1929,4.341042732264231
1930,5.0
1931,5.0
1932,5.0
1933,5.0
1934,4.072643274246423
1935,4.386334489844702
1936,5.0
1937,5.0
1938,4.999999999999999
1939,4.999999999999999
1940,4.307925125566959
1941,5.0
1942,5.0
1943,4.6907412036833325
1944,4.228701602266397
1945,4.265793970846112
1946,4.364330837192649
1947,4.594128642248351
1948,5.0
1949,3.0
1950,4.747674706133359
1951,4.968971666600875
1952,4.968971666600875
1953,4.693842875023881
1954,4.8675878382606355
1955,5.0
1956,5.0
1957,4.640453728253929
1958,3.2691714102166483
1959,3.248517398434991
1960,5.0
1961,4.410191235372105
1962,4.999999999999999
1963,5.0
1964,5.000000000000001
1965,5.0
1966,4.999999999999999
1967,3.1771139033818825
1968,4.422821659029296
1969,4.422821659029296
1970,3.176819113453168
1971,5.0
1972,3.8703085707443394
1973,3.523934637881658
1974,3.523934637881658
1975,4.0
1976,4.0
1977,3.3372560868703705
1978,4.614282827753261
1979,4.614282827753261
1980,5.0
1981,4.777008860258794
1982,4.143593277942645
1983,4.217711234134376
1984,1.693957311022223
1985,3.2872730953949483
1986,3.2872730953949483
1987,4.517136881924419
1988,5.000000000000001
1989,4.547925939736037
1990,5.0
1991,2.5
1992,4.0
1993,5.0
1994,4.1699353368783285
1995,4.563775349029594
1996,4.0
1997,5.0
1998,5.0
1999,5.0
2000,5.0
2001,4.173504110045545
2002,4.173504110045545
2003,4.469378689691246
2004,4.469378689691246
2005,4.0
2006,4.1882288351905705
2007,4.443169416588117
2008,5.0
2009,5.0
2010,4.0
2011,4.518324765962846
2012,3.3059936366141796
2013,3.3059936366141796
2014,4.520820703549698
2015,5.0
2016,3.503848958750974
2017,4.713304207772319
2018,4.0
2019,4.766975002540222
2020,4.766975002540222
2021,5.0
2022,4.0
2023,5.0
2024,4.653692937573074
2025,2.5
2026,4.464288934814464
2027,4.5716423754763476
2028,4.269769278328576
2029,3.3073189788524804
2030,3.9986465081885747
2031,4.649191181050055
2032,4.0
2033,4.187300017993002
2034,4.880084503639408
2035,5.0
2036,5.0
2037,5.0
2038,4.753552109017285
2039,4.999999999999999
2040,5.0
2041,5.000000000000001
2042,4.360630492779445
2043,3.7524658025044846
2044,5.0
2045,3.562963366257437
2046,4.436648799617586
2047,4.653010186494696
2048,3.853629886313546
2049,3.853629886313546
2050,1.0
2051,1.0
2052,4.487972602524894
2053,3.9313784681562365
2054,4.054398185671062
2055,4.0
2056,5.0
2057,5.0
2058,4.115352090539384
2059,4.115352090539384
2060,3.354465003558604
2061,4.7961599309912195
2062,4.7961599309912195
2063,5.0
2064,4.222132977113545
2065,5.0
2066,5.0
2067,4.0
2068,4.0
2069,5.0
2070,4.534273037601481
2071,3.0000000000000004
2072,3.0000000000000004
2073,4.37276095782176
2074,5.0
2075,5.000000000000001
2076,4.0
2077,4.395738515795053
2078,4.0
2079,4.0
2080,5.0
2081,4.7104670476509005
2082,4.448760296420919
2083,3.829753541225272
2084,4.723877239824136
2085,4.746373660017827
2086,4.0
2087,5.0
2088,4.68508153447218
2089,5.0
2090,5.0
2091,2.5
2092,4.5175828848047255
2093,5.0
2094,4.399815638782911
2095,5.0
2096,4.0
2097,4.0
2098,5.0
2099,5.000000000000001
2100,5.0
2101,4.346226635584349
2102,4.965326232535124
2103,4.441157725644548
2104,4.681610449410107
2105,4.681610449410107
2106,5.000000000000001
2107,4.287716304701302
2108,5.0
2109,5.0
2110,4.776544401298635
2111,5.0
2112,5.0
2113,4.059463054053534
2114,4.059463054053534
2115,4.0
2116,4.0
2117,4.0
2118,4.0
2119,4.0
2120,4.0
2121,3.4112107891442514
2122,2.5
2123,3.9889219987606777
2124,3.9889219987606777
2125,4.6045965998787635
2126,4.999999999999999
2127,4.740005018840325
2128,4.740005018840325
2129,4.0
2130,5.000000000000001
2131,5.0
2132,5.0
2133,4.2695781442880945
2134,3.0
2135,4.1833178393453645
2136,5.0
2137,4.0553641003029615
2138,5.0
2139,5.0
2140,5.0
2141,3.7490874221335604
2142,4.747600054361061
2143,5.0
2144,5.0
2145,5.0
2146,5.0
2147,3.431385093097572
2148,5.0
2149,5.0
2150,5.0
2151,3.0
2152,4.155646490231363
2153,5.0
2154,5.0
2155,3.404835079356951
2156,1.0
2157,1.0
2158,5.0
2159,5.0
2160,4.220209189344667
2161,4.251102080494087
2162,5.0
2163,5.0
2164,5.0
2165,5.0
2166,4.580214149927325
2167,5.0
2168,5.0
2169,4.0
2170,5.0
2171,4.0
2172,5.0
2173,5.0
2174,4.7354638421496045
2175,5.0
2176,4.451415647477107
2177,2.5
2178,4.0
2179,5.0
2180,4.278904389367187
2181,3.3656963235866306
2182,4.58451558235958
2183,4.58451558235958
2184,5.0
2185,4.599083346162853
2186,4.599083346162853
2187,3.99466692133581
2188,4.0
2189,4.0
2190,5.0
2191,5.0
2192,5.0
2193,4.581400082083165
2194,1.0
2195,5.0
2196,5.000000000000001
2197,5.0
2198,5.0
2199,4.999999999999999
2200,4.741059979234445
2201,5.000000000000001
2202,4.0
2203,4.0
2204,5.0
2205,5.0
2206,1.6918697177827051
2207,4.603047664164077
2208,4.848276153160044
2209,5.000000000000001
2210,5.0
2211,5.0
2212,4.128444847136145
2213,4.128444847136145
2214,3.9145882090502964
2215,3.0
2216,5.0
2217,5.0
2218,5.0
2219,2.5
2220,4.28418320555389
2221,4.2922834664230844
2222,5.0
2223,4.650598973734453
2224,4.565935674844151
2225,4.647527608784495
2226,5.0
2227,5.0
2228,5.0
2229,4.466779156515745
2230,4.466779156515745
2231,5.0
2232,1.0
2233,5.0
2234,5.0
2235,5.0
2236,5.0
2237,4.0
2238,3.558129266340417
2239,4.419130619307855
2240,5.0
2241,5.0
2242,5.0
2243,5.0
2244,5.0
2245,4.517363113899733
2246,5.0
2247,5.000000000000001
2248,4.550612308797267
2249,3.270802237683743
2250,4.641135341214387
2251,3.6338335680480762
2252,4.0
2253,3.0
2254,5.0
2255,5.0
2256,5.0
2257,4.246115097308657
2258,4.999999999999999
2259,4.999999999999999
2260,4.569153083941189
2261,5.0
2262,2.6920730705098643
2263,4.385834171966436
2264,5.0
2265,5.000000000000001
2266,5.0
2267,4.0
2268,4.0
2269,5.0
2270,5.0
2271,5.0
2272,3.841721456265691
2273,5.0
2274,3.0
2275,5.0
2276,4.089881224240993
2277,5.0
2278,5.0
2279,5.0
2280,5.0
2281,4.0
2282,4.0
2283,5.0
2284,5.0
2285,4.374382082244226
2286,5.0
2287,5.0
2288,5.000000000000001
2289,5.0
2290,5.0
2291,4.999999999999999
2292,5.0
2293,5.000000000000001
2294,4.720906691938549
2295,2.5
2296,3.817737813107033
2297,4.216515265551106
2298,5.000000000000001
2299,5.0
2300,4.0
2301,4.1686987438818495
2302,4.792942010118487
2303,3.0
2304,3.719278935911366
2305,3.719278935911366
2306,2.5
2307,5.0
2308,5.0
2309,5.0
2310,5.0
2311,5.0
2312,2.5
2313,2.5
2314,4.0
2315,5.0
2316,3.0
2317,3.403105574542895
2318,5.0
2319,2.0
2320,2.0
2321,1.0
2322,5.0
2323,4.441339006245162
2324,4.441339006245162
2325,4.0
2326,4.535006212573289
2327,3.572789624578455
2328,4.4709478807772225
2329,4.350044847716347
2330,4.017975884685511
2331,4.017975884685511
2332,4.704946791594274
2333,4.087111583423866
2334,4.087111583423866
2335,3.013228519861525
2336,5.0
2337,5.0
2338,4.56828731607765
2339,5.0
2340,4.0
2341,4.750967365523255
2342,5.0
2343,5.0
2344,5.0
2345,5.0
2346,5.000000000000001
2347,4.371079541980853
2348,2.5
2349,4.927735663237572
2350,5.0
2351,5.0
2352,4.176011383398697
2353,5.0
2354,5.0
2355,4.999999999999999
2356,4.999999999999999
2357,4.0
2358,4.0
2359,4.0
2360,4.360189608706692
2361,4.040537134088483
2362,4.040537134088483
2363,4.387542495084277
2364,2.8611120131416006
2365,4.523279062972619
2366,4.999999999999999
2367,4.999999999999999
2368,4.777703597163508
2369,3.0
2370,5.0
2371,5.0
2372,4.891669997381416
2373,2.5
2374,4.384418648076555
2375,4.0
2376,5.0
2377,5.0
2378,5.0
2379,4.09878771671983
2380,4.647604954419307
2381,5.0
2382,3.0
2383,5.0
2384,4.293967102498367
2385,4.293967102498367
2386,5.0
2387,4.706051723062257
2388,4.886206612492187
2389,5.0
2390,4.0
2391,4.0
2392,4.457176954081321
2393,3.682383496974207
2394,3.682383496974207
2395,5.0
2396,5.0
2397,5.0
2398,4.138522350357887
2399,5.0
2400,5.0
2401,4.4879824372337085
2402,4.698507725157483
2403,4.0
2404,5.0
2405,2.371967810613545
2406,5.0
2407,5.0
2408,3.431385093097572
2409,2.5
2410,5.0
2411,5.0
2412,4.668414158701845
2413,5.0
2414,5.0
2415,4.482560823478664
2416,3.0
2417,3.0
2418,5.0
2419,4.774708769705667
2420,4.143752382791801
2421,5.0
2422,5.0
2423,5.0
2424,5.0
2425,4.60333249174893
2426,4.0
2427,3.0
2428,5.0
2429,3.0
2430,3.0
2431,4.20862407405843
2432,5.0
2433,5.0
2434,4.730343190387223
2435,4.405324859388817
2436,4.405324859388817
2437,3.08048717669006
2438,4.8380536990081815
2439,3.635619645698471
2440,4.274305112556836
2441,5.0
2442,5.0
2443,5.0
2444,5.0
2445,5.0
2446,4.720638981319254
2447,4.602685601352307
2448,5.0
2449,5.0
2450,3.556140206555359
2451,3.556140206555359
2452,4.178763906783871
2453,3.9799263765124704
2454,5.0
2455,3.982603357738188
2456,4.0
2457,4.0
2458,4.0
2459,5.0
2460,5.0
2461,4.0
2462,4.0
2463,5.0
2464,4.4776427280790125
2465,3.557462723629067
2466,3.557462723629067
2467,4.30696780994339
2468,4.0
2469,2.5
2470,4.486327400051831
2471,4.0
2472,3.9661650946168274
2473,5.0
2474,3.0
2475,5.0
2476,5.0
2477,4.311709422130366
2478,1.7970391748308614
2479,3.7878091317267835
2480,3.7878091317267835
2481,5.0
2482,4.654046568777762
2483,4.332687169666516
2484,4.328990513682586
2485,5.0
2486,5.0
2487,5.0
2488,5.0
2489,5.0
2490,4.405830048429034
2491,4.405830048429034
2492,5.0
2493,3.431385093097572
2494,2.5
2495,5.000000000000001
2496,4.0
2497,4.37069588726775
2498,3.0000000000000004
2499,5.0
2500,2.5
2501,3.0
2502,5.0
2503,5.0
2504,4.0
2505,4.999999999999999
2506,5.0
2507,5.0
2508,5.0
2509,4.537508854970907
2510,5.0
2511,3.3670745261074146
2512,5.0
2513,5.0
2514,5.0
2515,5.0
2516,4.71023309180394
2517,5.0
2518,4.8428881966560215
2519,5.0
2520,4.0
2521,4.0
2522,2.5
2523,2.5
2524,4.0
2525,4.2101996448241135
2526,4.605358001432776
2527,4.0
2528,5.000000000000001
2529,3.4537770923034037
2530,3.956768572771391
2531,5.0
2532,5.0
2533,4.94093237749547
2534,5.0
2535,4.258540915884737
2536,5.0
2537,4.0
2538,1.7407326864344341
2539,4.0
2540,4.538815880448559
2541,2.5
2542,4.199050599718053
2543,4.199050599718053
2544,5.0
2545,3.6315132077901806
2546,5.0
2547,4.0
2548,2.5
2549,3.230534689579282
2550,5.0
2551,5.0
2552,5.0
2553,5.0
2554,5.0
2555,3.0
2556,4.0
2557,4.0
2558,5.0
2559,5.0
2560,5.0
2561,5.0
2562,5.0
2563,4.826673626032196
2564,5.0
2565,5.0
2566,4.437138569694953
2567,4.735214950403689
2568,5.000000000000001
2569,5.0
2570,5.0
2571,2.5
2572,4.7179401179873475
2573,4.105850410644112
2574,5.0
2575,4.747600054361061
2576,3.267809909620094
2577,3.267809909620094
2578,4.344813042200532
2579,5.0
2580,5.0
2581,3.6333846998048616
2582,5.0
2583,5.0
2584,5.0
2585,5.0
2586,4.52316113557901
2587,4.311998674314518
2588,5.0
2589,4.0
2590,4.765780942376606
2591,4.765780942376606
2592,4.390178394277159
2593,4.0
2594,4.590798832862792
2595,4.0
2596,4.0
2597,5.0
2598,5.0
2599,5.0
2600,4.948743960760077
2601,4.948743960760077
2602,4.999999999999999
2603,2.5315879416922242
2604,4.0
2605,5.0
2606,3.4856503033104964
2607,3.4856503033104964
2608,4.0
2609,4.0
2610,3.2941552792927165
2611,5.0
2612,5.0
2613,4.0
2614,4.316420985544852
2615,5.000000000000001
2616,5.0
2617,3.0000000000000004
2618,5.0
2619,5.0
2620,4.352789238958463
2621,4.352789238958463
2622,4.999999999999999
2623,1.0
2624,5.0
2625,5.0
2626,5.000000000000001
2627,2.0
2628,5.0
2629,5.0
2630,5.0
2631,2.2774555064171342
2632,5.0
2633,5.0
2634,4.034878353042671
2635,2.5
2636,2.5
2637,4.402333668215964
2638,4.0
2639,4.0
2640,4.0
2641,4.026626214422543
2642,5.0
2643,2.0
2644,2.0
2645,2.0
2646,4.0
2647,4.0
2648,5.0
2649,5.000000000000001
2650,5.0
2651,5.0
2652,4.249045102054638
2653,5.0
2654,5.0
2655,3.6333840227011622
2656,2.5
2657,5.000000000000001
2658,4.399466570787332
2659,3.0
2660,3.0
2661,5.0
2662,5.0
2663,4.0
2664,4.0
2665,5.0
2666,5.0
2667,5.0
2668,5.0
2669,5.0
2670,5.0
2671,4.625349234777441
2672,5.0
2673,2.0
2674,3.0
2675,3.0
2676,5.0
2677,5.0
2678,4.0
2679,5.0
2680,2.5
2681,5.0
2682,5.0
2683,4.122224271936364
2684,4.650835381253159
2685,2.5
2686,5.0
2687,5.0
2688,4.369370547263242
2689,4.717854590820175
2690,4.682290097847825
2691,4.550455836397443
2692,4.0
2693,4.7041353032577735
2694,4.0
2695,3.7150502648978154
2696,3.7150502648978154
2697,5.0
2698,5.0
2699,5.0
2700,5.0
2701,2.5
2702,4.491612304838147
2703,5.0
2704,1.9860383491106253
2705,5.0
2706,5.0
2707,5.0
2708,5.000000000000001
2709,2.5
2710,5.000000000000001
2711,5.0
2712,4.0
2713,5.0
2714,4.0
2715,4.0
2716,5.0
2717,5.0
2718,4.378761154186569
2719,4.0
2720,5.0
2721,5.0
2722,4.0
2723,4.618267147460018
2724,5.0
2725,4.0
2726,4.668873823535997
2727,4.0
2728,5.0
2729,4.0
2730,5.0
2731,5.0
2732,5.0
2733,5.0
2734,3.0
2735,4.0
2736,5.0
2737,2.5
2738,5.0
2739,5.0
2740,4.702027140579292
2741,5.0
2742,5.0
2743,1.0
2744,1.0
2745,1.0
2746,2.5
2747,1.0
2748,4.0
2749,4.0
2750,5.0
2751,4.183135752386685
2752,2.5
2753,2.5
2754,4.0
2755,4.0
2756,4.57317342014402
2757,5.0
2758,5.0
2759,5.0
2760,5.0
2761,5.0
2762,5.0
2763,2.5
2764,2.5
2765,5.0
2766,4.2249247936148455
2767,5.0
2768,5.0
2769,5.0
2770,5.0
2771,5.0
2772,5.0
2773,2.5
2774,5.0
2775,2.5
2776,5.0
2777,5.0
2778,5.0
2779,4.0
2780,4.0
2781,5.0
2782,5.0
2783,4.0
2784,5.0
2785,5.0
2786,4.0
2787,5.0
2788,4.0
2789,5.0
2790,5.0
2791,4.0
2792,5.0
2793,4.0
2794,5.0
2795,5.0
2796,5.0
2797,1.0
2798,1.0
2799,5.0
2800,1.0
2801,1.0
2802,5.0
2803,4.085508946875377
2804,5.0
2805,3.0
2806,3.0
2807,5.0
2808,2.5
2809,5.0
2810,5.0
2811,2.5
2812,5.0
2813,1.0
2814,4.444385097046366
2815,5.0
2816,5.0
2817,5.0
2818,5.0
2819,5.0
2820,2.5
2821,5.0
2822,2.5
2823,4.239012095717044
2824,4.0
2825,4.0
2826,4.0
2827,4.0
2828,5.0
2829,5.0
2830,5.0
2831,4.509888613707149
2832,4.0
2833,4.253756194957856
2834,4.0
2835,5.0
2836,5.0
2837,5.0
2838,5.0
2839,5.0
2840,4.0
2841,4.40624346713354
2842,4.40624346713354
2843,3.0
2844,4.0
2845,5.0
2846,5.0
2847,5.0
2848,2.0
2849,5.0
2850,3.4909528896791326
2851,4.0
2852,5.0
2853,4.0
2854,5.0
2855,4.0
2856,5.0
2857,5.0
2858,2.5
2859,5.0
2860,5.0
2861,5.0
2862,5.0
2863,2.629749580181616
2864,4.22698364904493
2865,3.7739999712205288
2866,5.0
2867,5.0
2868,5.0
2869,4.632965677617527
2870,5.0
2871,3.544067839396315
2872,5.0
2873,4.0
2874,3.701894331992231
2875,5.0
2876,5.0
2877,5.0
2878,2.5
2879,5.0
2880,3.490242953996545
2881,5.0
2882,5.0
2883,5.0
2884,5.0
2885,5.0
2886,5.0
2887,4.0
2888,5.0
2889,5.0
2890,4.0
2891,5.0
2892,5.0
2893,5.0
2894,5.0
2895,5.0
2896,4.0
2897,5.0
2898,2.5
2899,2.457360937771462
2900,5.0
2901,5.0
2902,5.0
2903,5.0
2904,5.0
2905,2.5
2906,2.5
2907,5.0
2908,4.0
2909,5.0
2910,4.0
2911,5.0
2912,2.5
2913,4.0
2914,5.0
2915,5.0
2916,4.0
2917,4.0
2918,5.0
2919,5.0
2920,5.0
2921,5.0
2922,5.0
2923,2.5
2924,5.0
2925,4.0
2926,5.0
2927,5.000000000000001
2928,5.0
2929,5.0
2930,5.0
2931,2.0
2932,2.0
2933,5.0
2934,4.999999999999999
2935,5.0
2936,5.0
2937,5.0
2938,2.0
2939,4.0
2940,5.0
2941,5.0
2942,5.0
2943,5.0
2944,4.0
2945,5.0
2946,5.0
2947,5.0
2948,4.999999999999999
2949,4.0
2950,5.0
2951,5.0
2952,4.0
2953,5.0
2954,2.0
2955,2.0
2956,4.626465498111156
2957,5.0
2958,2.5
2959,2.5
2960,4.0
2961,5.0
2962,5.0
2963,5.0
2964,5.0
2965,5.0
2966,2.5
2967,4.0
2968,5.0
2969,5.0
2970,2.5
2971,4.0
2972,4.0
2973,4.0
2974,4.0
2975,2.5
2976,2.5
2977,2.5
2978,2.5
2979,2.5
2980,2.5
2981,2.5
2982,2.5
2983,2.5
2984,2.5
2985,2.5
2986,2.5
2987,2.5
2988,2.5
2989,2.5
2990,2.5
2991,2.5
2992,2.5
2993,2.5
2994,2.5
2995,2.5
2996,2.5
2997,2.5
2998,2.5
2999,2.5
3000,2.5
3001,2.5
3002,2.5
3003,2.5
3004,2.5
3005,2.5
3006,2.5
3007,2.5
3008,2.5
3009,2.5
3010,2.5
3011,2.5
3012,2.5
3013,2.5
3014,2.5
3015,2.5
3016,2.5
3017,2.5
3018,2.5
3019,2.5
3020,2.5
3021,2.5
3022,2.5
3023,2.5
3024,2.5
3025,2.5
3026,2.5
3027,2.5
3028,2.5
3029,2.5
3030,2.5
3031,2.5
3032,2.5
3033,2.5
3034,2.5
3035,2.5
3036,2.5
3037,2.5
3038,2.5
3039,2.5
3040,2.5
3041,2.5
3042,2.5
3043,2.5
3044,2.5
3045,2.5
3046,2.5
3047,2.5
3048,2.5
3049,2.5
3050,2.5
3051,2.5
3052,2.5
3053,2.5
3054,2.5
3055,2.5
3056,2.5
3057,2.5
3058,2.5
3059,2.5
3060,2.5
3061,2.5
3062,2.5
3063,2.5
3064,2.5
3065,2.5
3066,2.5
3067,2.5
3068,2.5
3069,2.5
3070,2.5
3071,2.5
3072,2.5
3073,2.5
3074,2.5
3075,2.5
3076,2.5
3077,2.5
3078,2.5
3079,2.5
3080,2.5
3081,2.5
3082,2.5
3083,2.5
3084,2.5
3085,2.5
3086,2.5
3087,2.5
3088,2.5
3089,2.5
3090,2.5
3091,2.5
3092,2.5
3093,2.5
3094,2.5
3095,2.5
3096,2.5
3097,2.5
3098,2.5
3099,2.5
3100,2.5
3101,2.5
3102,2.5
3103,2.5
3104,2.5
3105,2.5
3106,2.5
3107,2.5
3108,2.5
3109,2.5
3110,2.5
3111,2.5
3112,2.5
3113,2.5
3114,2.5
3115,2.5
3116,2.5
3117,2.5
3118,2.5
3119,2.5
3120,2.5
3121,2.5
3122,2.5
3123,2.5
3124,2.5
3125,2.5
3126,2.5
3127,2.5
3128,2.5
3129,2.5
3130,2.5
3131,2.5
3132,2.5
3133,2.5
3134,2.5
3135,2.5
3136,2.5
3137,2.5
3138,2.5
3139,2.5
3140,2.5
3141,2.5
3142,2.5
3143,2.5
3144,2.5
3145,2.5
3146,2.5
3147,2.5
3148,2.5
3149,2.5
3150,2.5
3151,2.5
3152,2.5
3153,2.5
3154,2.5
3155,2.5
3156,2.5
3157,2.5
3158,2.5
3159,2.5
3160,2.5
3161,2.5
3162,2.5
3163,2.5
3164,2.5
3165,2.5
3166,2.5
3167,2.5
3168,2.5
3169,2.5
3170,2.5
3171,2.5
3172,2.5
3173,2.5
3174,2.5
3175,2.5
3176,2.5
3177,2.5
3178,2.5
3179,2.5
3180,2.5
3181,2.5
3182,2.5
3183,2.5
3184,2.5
3185,2.5
3186,2.5
3187,2.5
3188,2.5
3189,2.5
3190,2.5
3191,2.5
3192,2.5
3193,2.5
3194,2.5
3195,2.5
3196,2.5
3197,2.5
3198,2.5
3199,2.5
3200,2.5
3201,2.5
3202,2.5
3203,2.5
3204,2.5
3205,2.5
3206,2.5
3207,2.5
3208,2.5
3209,2.5
3210,2.5
3211,2.5
3212,2.5
3213,2.5
3214,2.5
3215,2.5
3216,2.5
3217,2.5
3218,2.5
3219,2.5
3220,2.5
3221,2.5
3222,2.5
3223,2.5
3224,2.5
3225,2.5
3226,2.5
3227,2.5
3228,2.5
3229,2.5
3230,2.5
3231,2.5
3232,2.5
3233,2.5
3234,2.5
3235,2.5
3236,2.5
3237,2.5
3238,2.5
3239,2.5
3240,2.5
3241,2.5
3242,2.5
3243,2.5
3244,2.5
3245,2.5
3246,2.5
3247,2.5
3248,2.5
3249,2.5
3250,2.5
3251,2.5
3252,2.5
3253,2.5
3254,2.5
3255,2.5
3256,2.5
3257,2.5
3258,2.5
3259,2.5
3260,2.5
3261,2.5
3262,2.5
3263,2.5
3264,2.5
3265,2.5
3266,2.5
3267,2.5
3268,2.5
3269,2.5
3270,2.5
3271,2.5
3272,2.5
3273,2.5
3274,2.5
3275,2.5
3276,2.5
3277,2.5
3278,2.5
3279,2.5
3280,2.5
3281,2.5
3282,2.5
3283,2.5
3284,2.5
3285,2.5
3286,2.5
3287,2.5
3288,2.5
3289,2.5
3290,2.5
3291,2.5
3292,2.5
3293,2.5
3294,2.5
3295,2.5
3296,2.5
3297,2.5
3298,2.5
3299,2.5
3300,2.5
3301,2.5
3302,2.5
3303,2.5
3304,2.5
3305,2.5
3306,2.5
3307,2.5
3308,2.5
3309,2.5
3310,2.5
3311,2.5
3312,2.5
3313,2.5
3314,2.5
3315,2.5
3316,2.5
3317,2.5
3318,2.5
3319,2.5
3320,2.5
3321,2.5
3322,2.5
3323,2.5
3324,2.5
3325,2.5
3326,2.5
3327,2.5
3328,2.5
3329,2.5
3330,2.5
3331,2.5
3332,2.5
3333,2.5
3334,2.5
3335,2.5
3336,2.5
3337,2.5
3338,2.5
3339,2.5
3340,2.5
3341,2.5
3342,2.5
3343,2.5
3344,2.5
3345,2.5
3346,2.5
3347,2.5
3348,2.5
3349,2.5
3350,2.5
3351,2.5
3352,2.5
