,0
0,5.0
1,5.0
2,5.0
3,5.0
4,4.0
5,4.0
6,5.0
7,5.0
8,5.0
9,5.0
10,4.0
11,5.0
12,5.0
13,5.0
14,5.0
15,5.0
16,5.0
17,5.0
18,5.0
19,5.0
20,5.0
21,5.0
22,5.0
23,4.0
24,5.0
25,5.0
26,5.0
27,5.0
28,5.0
29,5.0
30,4.0
31,5.0
32,5.0
33,5.0
34,4.0
35,5.0
36,4.0
37,4.0
38,5.0
39,5.0
40,5.0
41,5.0
42,5.0
43,4.0
44,4.0
45,5.0
46,5.0
47,4.0
48,5.0
49,5.0
50,5.0
51,4.0
52,4.0
53,5.0
54,5.0
55,5.0
56,5.0
57,5.0
58,5.0
59,5.0
60,5.0
61,5.0
62,5.0
63,5.0
64,5.0
65,5.0
66,5.0
67,5.0
68,5.0
69,5.0
70,5.0
71,5.0
72,5.0
73,5.0
74,4.0
75,4.0
76,5.0
77,5.0
78,5.0
79,3.0
80,3.0
81,5.0
82,5.0
83,5.0
84,5.0
85,5.0
86,5.0
87,5.0
88,4.0
89,5.0
90,5.0
91,3.0
92,3.0
93,5.0
94,5.0
95,4.0
96,5.0
97,5.0
98,5.0
99,5.0
100,5.0
101,4.0
102,4.0
103,5.0
104,5.0
105,5.0
106,5.0
107,5.0
108,5.0
109,5.0
110,5.0
111,5.0
112,4.0
113,5.0
114,5.0
115,5.0
116,5.0
117,5.0
118,5.0
119,5.0
120,5.0
121,5.0
122,5.0
123,5.0
124,4.0
125,4.0
126,5.0
127,5.0
128,5.0
129,4.0
130,4.0
131,5.0
132,5.0
133,5.0
134,5.0
135,5.0
136,5.0
137,5.0
138,5.0
139,5.0
140,5.0
141,5.0
142,5.0
143,5.0
144,5.0
145,5.0
146,5.0
147,5.0
148,5.0
149,5.0
150,5.0
151,5.0
152,5.0
153,5.0
154,4.0
155,4.0
156,5.0
157,3.0
158,3.0
159,4.0
160,4.0
161,5.0
162,5.0
163,4.0
164,5.0
165,5.0
166,5.0
167,4.0
168,5.0
169,5.0
170,5.0
171,5.0
172,5.0
173,4.0
174,5.0
175,5.0
176,5.0
177,4.0
178,5.0
179,4.0
180,4.0
181,5.0
182,4.0
183,4.0
184,5.0
185,3.0
186,3.0
187,5.0
188,5.0
189,5.0
190,5.0
191,5.0
192,4.0
193,5.0
194,5.0
195,5.0
196,5.0
197,5.0
198,5.0
199,5.0
200,4.0
201,5.0
202,5.0
203,5.0
204,5.0
205,5.0
206,5.0
207,5.0
208,4.0
209,4.0
210,5.0
211,5.0
212,5.0
213,5.0
214,5.0
215,5.0
216,4.0
217,5.0
218,5.0
219,5.0
220,5.0
221,5.0
222,5.0
223,5.0
224,4.0
225,4.0
226,3.0
227,5.0
228,5.0
229,5.0
230,5.0
231,5.0
232,5.0
233,4.0
234,4.0
235,5.0
236,5.0
237,5.0
238,4.0
239,4.0
240,4.0
241,5.0
242,4.0
243,5.0
244,4.0
245,5.0
246,5.0
247,5.0
248,5.0
249,4.0
250,5.0
251,5.0
252,5.0
253,5.0
254,5.0
255,5.0
256,5.0
257,5.0
258,2.0
259,5.0
260,5.0
261,5.0
262,5.0
263,5.0
264,5.0
265,5.0
266,5.0
267,5.0
268,4.0
269,5.0
270,5.0
271,5.0
272,5.0
273,5.0
274,5.0
275,4.0
276,4.0
277,3.0
278,3.0
279,4.0
280,4.0
281,5.0
282,5.0
283,5.0
284,5.0
285,5.0
286,5.0
287,5.0
288,3.0
289,3.0
290,5.0
291,5.0
292,5.0
293,5.0
294,4.0
295,4.0
296,5.0
297,5.0
298,5.0
299,5.0
300,5.0
301,4.0
302,4.0
303,5.0
304,5.0
305,5.0
306,5.0
307,5.0
308,5.0
309,5.0
310,4.0
311,5.0
312,4.0
313,4.0
314,5.0
315,5.0
316,5.0
317,5.0
318,5.0
319,5.0
320,5.0
321,5.0
322,5.0
323,5.0
324,5.0
325,5.0
326,5.0
327,5.0
328,5.0
329,5.0
330,5.0
331,3.0
332,5.0
333,5.0
334,5.0
335,3.0
336,4.0
337,4.0
338,4.0
339,5.0
340,4.0
341,4.0
342,4.0
343,5.0
344,5.0
345,5.0
346,5.0
347,4.0
348,4.0
349,5.0
350,4.0
351,4.0
352,5.0
353,5.0
354,4.0
355,4.0
356,5.0
357,5.0
358,5.0
359,4.0
360,5.0
361,5.0
362,5.0
363,5.0
364,5.0
365,5.0
366,4.0
367,5.0
368,5.0
369,5.0
370,5.0
371,5.0
372,4.0
373,4.0
374,5.0
375,5.0
376,4.0
377,5.0
378,5.0
379,5.0
380,5.0
381,5.0
382,4.0
383,4.0
384,5.0
385,5.0
386,5.0
387,5.0
388,4.0
389,5.0
390,5.0
391,5.0
392,5.0
393,5.0
394,5.0
395,5.0
396,5.0
397,5.0
398,4.0
399,5.0
400,5.0
401,4.0
402,5.0
403,5.0
404,5.0
405,5.0
406,5.0
407,5.0
408,5.0
409,5.0
410,5.0
411,5.0
412,5.0
413,5.0
414,5.0
415,4.0
416,4.0
417,5.0
418,4.0
419,5.0
420,5.0
421,4.0
422,5.0
423,5.0
424,5.0
425,5.0
426,5.0
427,3.0
428,3.0
429,5.0
430,5.0
431,5.0
432,5.0
433,5.0
434,5.0
435,1.0
436,1.0
437,4.0
438,4.0
439,4.0
440,5.0
441,5.0
442,4.0
443,4.0
444,3.0
445,3.0
446,5.0
447,5.0
448,5.0
449,5.0
450,5.0
451,5.0
452,5.0
453,5.0
454,5.0
455,5.0
456,5.0
457,5.0
458,5.0
459,5.0
460,5.0
461,3.0
462,3.0
463,5.0
464,5.0
465,4.0
466,4.0
467,5.0
468,5.0
469,5.0
470,4.0
471,5.0
472,5.0
473,5.0
474,5.0
475,4.0
476,5.0
477,5.0
478,4.0
479,5.0
480,4.0
481,5.0
482,5.0
483,5.0
484,5.0
485,5.0
486,5.0
487,5.0
488,5.0
489,5.0
490,5.0
491,5.0
492,5.0
493,5.0
494,5.0
495,5.0
496,5.0
497,5.0
498,5.0
499,5.0
500,5.0
501,5.0
502,5.0
503,5.0
504,4.0
505,5.0
506,5.0
507,4.0
508,5.0
509,5.0
510,5.0
511,5.0
512,5.0
513,5.0
514,5.0
515,4.0
516,4.0
517,5.0
518,4.0
519,5.0
520,4.0
521,5.0
522,5.0
523,5.0
524,5.0
525,5.0
526,5.0
527,5.0
528,5.0
529,5.0
530,5.0
531,5.0
532,5.0
533,1.0
534,1.0
535,5.0
536,5.0
537,5.0
538,5.0
539,5.0
540,5.0
541,5.0
542,5.0
543,5.0
544,5.0
545,5.0
546,5.0
547,5.0
548,4.0
549,4.0
550,5.0
551,5.0
552,5.0
553,4.0
554,4.0
555,4.0
556,5.0
557,5.0
558,5.0
559,5.0
560,5.0
561,5.0
562,5.0
563,5.0
564,3.0
565,3.0
566,4.0
567,4.0
568,5.0
569,5.0
570,4.0
571,4.0
572,5.0
573,4.0
574,5.0
575,5.0
576,5.0
577,5.0
578,5.0
579,3.0
580,5.0
581,4.0
582,5.0
583,5.0
584,5.0
585,5.0
586,5.0
587,5.0
588,5.0
589,5.0
590,5.0
591,4.0
592,4.0
593,5.0
594,4.0
595,4.0
596,5.0
597,5.0
598,5.0
599,5.0
600,5.0
601,5.0
602,5.0
603,4.0
604,4.0
605,5.0
606,5.0
607,5.0
608,5.0
609,4.0
610,4.0
611,5.0
612,5.0
613,3.0
614,5.0
615,4.0
616,4.0
617,4.0
618,4.0
619,5.0
620,5.0
621,5.0
622,5.0
623,3.0
624,5.0
625,5.0
626,5.0
627,4.0
628,5.0
629,5.0
630,5.0
631,4.0
632,5.0
633,5.0
634,5.0
635,5.0
636,5.0
637,5.0
638,5.0
639,5.0
640,5.0
641,5.0
642,4.0
643,5.0
644,4.0
645,4.0
646,5.0
647,5.0
648,5.0
649,5.0
650,5.0
651,5.0
652,5.0
653,5.0
654,5.0
655,5.0
656,4.0
657,4.0
658,4.0
659,5.0
660,4.0
661,5.0
662,5.0
663,4.0
664,5.0
665,5.0
666,5.0
667,4.0
668,4.0
669,5.0
670,4.0
671,4.0
672,3.0
673,3.0
674,5.0
675,5.0
676,5.0
677,5.0
678,5.0
679,5.0
680,4.0
681,5.0
682,5.0
683,5.0
684,5.0
685,5.0
686,5.0
687,4.0
688,5.0
689,5.0
690,5.0
691,5.0
692,5.0
693,5.0
694,4.0
695,5.0
696,5.0
697,5.0
698,5.0
699,5.0
700,5.0
701,5.0
702,5.0
703,5.0
704,4.0
705,5.0
706,5.0
707,5.0
708,5.0
709,5.0
710,4.0
711,4.0
712,5.0
713,4.0
714,5.0
715,5.0
716,4.0
717,5.0
718,5.0
719,5.0
720,4.0
721,4.0
722,5.0
723,2.0
724,2.0
725,3.0
726,5.0
727,4.0
728,4.0
729,4.0
730,4.0
731,4.0
732,5.0
733,4.0
734,4.0
735,3.0
736,3.0
737,5.0
738,5.0
739,4.0
740,5.0
741,5.0
742,5.0
743,5.0
744,4.0
745,5.0
746,5.0
747,5.0
748,5.0
749,5.0
750,4.0
751,4.0
752,5.0
753,5.0
754,5.0
755,4.0
756,4.0
757,4.0
758,4.0
759,5.0
760,5.0
761,4.0
762,5.0
763,5.0
764,4.0
765,5.0
766,5.0
767,5.0
768,5.0
769,5.0
770,5.0
771,5.0
772,5.0
773,5.0
774,5.0
775,5.0
776,5.0
777,5.0
778,4.0
779,5.0
780,3.0
781,3.0
782,5.0
783,5.0
784,5.0
785,5.0
786,5.0
787,5.0
788,4.0
789,4.0
790,5.0
791,5.0
792,5.0
793,5.0
794,5.0
795,5.0
796,5.0
797,5.0
798,5.0
799,5.0
800,5.0
801,5.0
802,5.0
803,5.0
804,5.0
805,4.0
806,4.0
807,5.0
808,4.0
809,5.0
810,4.0
811,4.0
812,5.0
813,5.0
814,5.0
815,4.0
816,4.0
817,3.0
818,3.0
819,3.0
820,5.0
821,5.0
822,5.0
823,5.0
824,5.0
825,5.0
826,5.0
827,5.0
828,5.0
829,4.0
830,4.0
831,5.0
832,5.0
833,5.0
834,5.0
835,5.0
836,5.0
837,4.0
838,5.0
839,5.0
840,5.0
841,5.0
842,5.0
843,5.0
844,5.0
845,5.0
846,5.0
847,5.0
848,3.0
849,3.0
850,5.0
851,5.0
852,5.0
853,5.0
854,5.0
855,5.0
856,5.0
857,4.0
858,4.0
859,5.0
860,5.0
861,5.0
862,4.0
863,4.0
864,4.0
865,4.0
866,5.0
867,5.0
868,5.0
869,5.0
870,5.0
871,5.0
872,5.0
873,5.0
874,5.0
875,3.0
876,5.0
877,5.0
878,5.0
879,5.0
880,5.0
881,5.0
882,5.0
883,5.0
884,5.0
885,5.0
886,5.0
887,4.0
888,4.0
889,5.0
890,5.0
891,5.0
892,5.0
893,5.0
894,3.0
895,5.0
896,5.0
897,5.0
898,5.0
899,5.0
900,5.0
901,5.0
902,4.0
903,4.0
904,5.0
905,5.0
906,4.0
907,4.0
908,5.0
909,5.0
910,5.0
911,5.0
912,5.0
913,5.0
914,5.0
915,5.0
916,5.0
917,5.0
918,5.0
919,4.0
920,4.0
921,4.0
922,4.0
923,5.0
924,5.0
925,5.0
926,5.0
927,5.0
928,4.0
929,4.0
930,4.0
931,4.0
932,4.0
933,4.0
934,4.0
935,5.0
936,5.0
937,5.0
938,4.0
939,5.0
940,5.0
941,5.0
942,5.0
943,5.0
944,5.0
945,5.0
946,5.0
947,5.0
948,5.0
949,5.0
950,5.0
951,5.0
952,5.0
953,5.0
954,5.0
955,5.0
956,5.0
957,5.0
958,5.0
959,5.0
960,5.0
961,5.0
962,5.0
963,3.0
964,5.0
965,5.0
966,4.0
967,4.0
968,5.0
969,4.0
970,5.0
971,4.0
972,1.0
973,1.0
974,5.0
975,4.0
976,4.0
977,4.0
978,4.0
979,4.0
980,4.0
981,5.0
982,5.0
983,5.0
984,5.0
985,5.0
986,5.0
987,5.0
988,4.0
989,4.0
990,5.0
991,5.0
992,5.0
993,5.0
994,5.0
995,5.0
996,5.0
997,5.0
998,5.0
999,5.0
1000,5.0
1001,5.0
1002,5.0
1003,4.0
1004,5.0
1005,5.0
1006,5.0
1007,5.0
1008,3.0
1009,3.0
1010,5.0
1011,4.0
1012,5.0
1013,5.0
1014,5.0
1015,5.0
1016,5.0
1017,5.0
1018,5.0
1019,5.0
1020,5.0
1021,5.0
1022,5.0
1023,5.0
1024,5.0
1025,5.0
1026,4.0
1027,5.0
1028,5.0
1029,5.0
1030,5.0
1031,5.0
1032,4.0
1033,5.0
1034,5.0
1035,5.0
1036,5.0
1037,5.0
1038,5.0
1039,5.0
1040,5.0
1041,5.0
1042,5.0
1043,5.0
1044,5.0
1045,4.0
1046,5.0
1047,5.0
1048,5.0
1049,5.0
1050,4.0
1051,5.0
1052,5.0
1053,5.0
1054,5.0
1055,5.0
1056,5.0
1057,5.0
1058,5.0
1059,5.0
1060,5.0
1061,5.0
1062,5.0
1063,5.0
1064,5.0
1065,4.0
1066,5.0
1067,5.0
1068,5.0
1069,5.0
1070,5.0
1071,4.0
1072,4.0
1073,5.0
1074,5.0
1075,5.0
1076,5.0
1077,5.0
1078,4.0
1079,5.0
1080,4.0
1081,4.0
1082,5.0
1083,4.0
1084,4.0
1085,5.0
1086,5.0
1087,5.0
1088,5.0
1089,5.0
1090,5.0
1091,5.0
1092,5.0
1093,5.0
1094,5.0
1095,5.0
1096,5.0
1097,5.0
1098,5.0
1099,5.0
1100,4.0
1101,5.0
1102,5.0
1103,5.0
1104,5.0
1105,5.0
1106,5.0
1107,5.0
1108,4.0
1109,4.0
1110,5.0
1111,5.0
1112,5.0
1113,5.0
1114,3.0
1115,5.0
1116,5.0
1117,5.0
1118,5.0
1119,3.0
1120,4.0
1121,5.0
1122,5.0
1123,5.0
1124,5.0
1125,5.0
1126,5.0
1127,4.0
1128,4.0
1129,5.0
1130,5.0
1131,5.0
1132,4.0
1133,4.0
1134,4.0
1135,4.0
1136,4.0
1137,3.0
1138,5.0
1139,5.0
1140,5.0
1141,5.0
1142,5.0
1143,5.0
1144,5.0
1145,5.0
1146,5.0
1147,5.0
1148,5.0
1149,5.0
1150,5.0
1151,5.0
1152,5.0
1153,5.0
1154,5.0
1155,5.0
1156,5.0
1157,5.0
1158,5.0
1159,5.0
1160,5.0
1161,4.0
1162,5.0
1163,5.0
1164,5.0
1165,5.0
1166,5.0
1167,5.0
1168,5.0
1169,5.0
1170,5.0
1171,4.0
1172,4.0
1173,1.0
1174,1.0
1175,3.0
1176,5.0
1177,5.0
1178,5.0
1179,4.0
1180,4.0
1181,5.0
1182,5.0
1183,5.0
1184,5.0
1185,5.0
1186,5.0
1187,5.0
1188,5.0
1189,4.0
1190,4.0
1191,4.0
1192,4.0
1193,4.0
1194,5.0
1195,5.0
1196,5.0
1197,5.0
1198,5.0
1199,5.0
1200,4.0
1201,5.0
1202,5.0
1203,5.0
1204,5.0
1205,5.0
1206,5.0
1207,5.0
1208,5.0
1209,5.0
1210,5.0
1211,4.0
1212,5.0
1213,5.0
1214,5.0
1215,5.0
1216,5.0
1217,5.0
1218,5.0
1219,5.0
1220,5.0
1221,5.0
1222,5.0
1223,5.0
1224,4.0
1225,5.0
1226,4.0
1227,5.0
1228,5.0
1229,5.0
1230,5.0
1231,5.0
1232,5.0
1233,5.0
1234,5.0
1235,5.0
1236,5.0
1237,5.0
1238,5.0
1239,4.0
1240,5.0
1241,5.0
1242,5.0
1243,5.0
1244,5.0
1245,5.0
1246,5.0
1247,5.0
1248,5.0
1249,5.0
1250,5.0
1251,4.0
1252,5.0
1253,5.0
1254,5.0
1255,5.0
1256,5.0
1257,5.0
1258,5.0
1259,5.0
1260,5.0
1261,5.0
1262,3.0
1263,5.0
1264,5.0
1265,5.0
1266,5.0
1267,5.0
1268,4.0
1269,4.0
1270,5.0
1271,3.0
1272,3.0
1273,5.0
1274,4.0
1275,4.0
1276,5.0
1277,4.0
1278,4.0
1279,5.0
1280,5.0
1281,5.0
1282,5.0
1283,4.0
1284,4.0
1285,5.0
1286,3.0
1287,3.0
1288,5.0
1289,5.0
1290,5.0
1291,5.0
1292,5.0
1293,5.0
1294,5.0
1295,5.0
1296,5.0
1297,5.0
1298,4.0
1299,4.0
1300,5.0
1301,5.0
1302,5.0
1303,5.0
1304,5.0
1305,4.0
1306,4.0
1307,5.0
1308,5.0
1309,5.0
1310,5.0
1311,5.0
1312,5.0
1313,5.0
1314,5.0
1315,5.0
1316,5.0
1317,5.0
1318,4.0
1319,5.0
1320,5.0
1321,5.0
1322,5.0
1323,5.0
1324,5.0
1325,5.0
1326,5.0
1327,5.0
1328,4.0
1329,5.0
1330,5.0
1331,5.0
1332,1.0
1333,1.0
1334,5.0
1335,5.0
1336,5.0
1337,4.0
1338,4.0
1339,5.0
1340,4.0
1341,4.0
1342,5.0
1343,5.0
1344,5.0
1345,5.0
1346,5.0
1347,5.0
1348,5.0
1349,5.0
1350,5.0
1351,5.0
1352,5.0
1353,5.0
1354,5.0
1355,4.0
1356,5.0
1357,5.0
1358,3.0
1359,3.0
1360,5.0
1361,5.0
1362,5.0
1363,5.0
1364,3.0
1365,5.0
1366,4.0
1367,4.0
1368,4.0
1369,4.0
1370,5.0
1371,5.0
1372,5.0
1373,5.0
1374,5.0
1375,5.0
1376,5.0
1377,5.0
1378,4.0
1379,4.0
1380,5.0
1381,5.0
1382,4.0
1383,5.0
1384,5.0
1385,5.0
1386,4.0
1387,5.0
1388,5.0
1389,5.0
1390,4.0
1391,5.0
1392,5.0
1393,5.0
1394,5.0
1395,5.0
1396,5.0
1397,5.0
1398,4.0
1399,5.0
1400,5.0
1401,5.0
1402,5.0
1403,5.0
1404,5.0
1405,5.0
1406,5.0
1407,5.0
1408,5.0
1409,5.0
1410,5.0
1411,1.0
1412,1.0
1413,5.0
1414,5.0
1415,5.0
1416,5.0
1417,5.0
1418,5.0
1419,5.0
1420,4.0
1421,4.0
1422,5.0
1423,4.0
1424,5.0
1425,4.0
1426,5.0
1427,5.0
1428,5.0
1429,5.0
1430,5.0
1431,5.0
1432,4.0
1433,5.0
1434,4.0
1435,5.0
1436,5.0
1437,4.0
1438,4.0
1439,5.0
1440,5.0
1441,5.0
1442,5.0
1443,5.0
1444,5.0
1445,5.0
1446,5.0
1447,5.0
1448,5.0
1449,5.0
1450,5.0
1451,5.0
1452,4.0
1453,4.0
1454,5.0
1455,5.0
1456,5.0
1457,5.0
1458,5.0
1459,5.0
1460,5.0
1461,5.0
1462,3.0
1463,4.0
1464,4.0
1465,4.0
1466,5.0
1467,5.0
1468,5.0
1469,5.0
1470,3.0
1471,3.0
1472,5.0
1473,5.0
1474,5.0
1475,5.0
1476,5.0
1477,5.0
1478,5.0
1479,5.0
1480,5.0
1481,4.0
1482,5.0
1483,5.0
1484,5.0
1485,5.0
1486,5.0
1487,5.0
1488,3.0
1489,3.0
1490,4.0
1491,5.0
1492,5.0
1493,5.0
1494,5.0
1495,5.0
1496,5.0
1497,5.0
1498,5.0
1499,5.0
1500,5.0
1501,5.0
1502,4.0
1503,4.0
1504,4.0
1505,5.0
1506,5.0
1507,5.0
1508,5.0
1509,5.0
1510,5.0
1511,5.0
1512,5.0
1513,5.0
1514,5.0
1515,5.0
1516,5.0
1517,5.0
1518,5.0
1519,5.0
1520,5.0
1521,5.0
1522,5.0
1523,5.0
1524,5.0
1525,5.0
1526,5.0
1527,5.0
1528,5.0
1529,5.0
1530,5.0
1531,5.0
1532,4.0
1533,4.0
1534,4.0
1535,4.0
1536,4.0
1537,4.0
1538,5.0
1539,4.0
1540,5.0
1541,5.0
1542,4.0
1543,4.0
1544,5.0
1545,5.0
1546,5.0
1547,5.0
1548,4.0
1549,5.0
1550,4.0
1551,5.0
1552,4.0
1553,3.0
1554,3.0
1555,5.0
1556,5.0
1557,5.0
1558,5.0
1559,4.0
1560,5.0
1561,5.0
1562,5.0
1563,5.0
1564,4.0
1565,4.0
1566,5.0
1567,5.0
1568,4.0
1569,5.0
1570,5.0
1571,5.0
1572,5.0
1573,5.0
1574,5.0
1575,5.0
1576,4.0
1577,4.0
1578,4.0
1579,5.0
1580,5.0
1581,5.0
1582,5.0
1583,5.0
1584,5.0
1585,5.0
1586,5.0
1587,5.0
1588,4.0
1589,4.0
1590,5.0
1591,4.0
1592,5.0
1593,5.0
1594,5.0
1595,5.0
1596,4.0
1597,4.0
1598,5.0
1599,5.0
1600,5.0
1601,5.0
1602,5.0
1603,5.0
1604,4.0
1605,5.0
1606,5.0
1607,5.0
1608,4.0
1609,5.0
1610,5.0
1611,5.0
1612,4.0
1613,5.0
1614,5.0
1615,4.0
1616,4.0
1617,5.0
1618,5.0
1619,5.0
1620,4.0
1621,5.0
1622,5.0
1623,5.0
1624,5.0
1625,4.0
1626,5.0
1627,5.0
1628,5.0
1629,5.0
1630,4.0
1631,5.0
1632,5.0
1633,4.0
1634,5.0
1635,5.0
1636,5.0
1637,5.0
1638,5.0
1639,4.0
1640,5.0
1641,3.0
1642,5.0
1643,5.0
1644,5.0
1645,5.0
1646,5.0
1647,4.0
1648,5.0
1649,4.0
1650,4.0
1651,5.0
1652,5.0
1653,5.0
1654,5.0
1655,5.0
1656,5.0
1657,5.0
1658,5.0
1659,5.0
1660,5.0
1661,5.0
1662,4.0
1663,4.0
1664,5.0
1665,5.0
1666,4.0
1667,5.0
1668,5.0
1669,5.0
1670,5.0
1671,5.0
1672,5.0
1673,5.0
1674,5.0
1675,5.0
1676,4.0
1677,4.0
1678,5.0
1679,5.0
1680,5.0
1681,4.0
1682,5.0
1683,5.0
1684,4.0
1685,5.0
1686,5.0
1687,4.0
1688,5.0
1689,4.0
1690,4.0
1691,5.0
1692,5.0
1693,5.0
1694,4.0
1695,5.0
1696,5.0
1697,5.0
1698,5.0
1699,4.0
1700,4.0
1701,5.0
1702,5.0
1703,5.0
1704,5.0
1705,5.0
1706,5.0
1707,1.0
1708,1.0
1709,4.0
1710,5.0
1711,5.0
1712,5.0
1713,4.0
1714,5.0
1715,5.0
1716,4.0
1717,4.0
1718,5.0
1719,5.0
1720,5.0
1721,5.0
1722,5.0
1723,5.0
1724,5.0
1725,5.0
1726,5.0
1727,5.0
1728,5.0
1729,5.0
1730,5.0
1731,4.0
1732,5.0
1733,5.0
1734,4.0
1735,4.0
1736,5.0
1737,5.0
1738,4.0
1739,5.0
1740,5.0
1741,5.0
1742,4.0
1743,5.0
1744,5.0
1745,5.0
1746,5.0
1747,5.0
1748,5.0
1749,5.0
1750,5.0
1751,5.0
1752,5.0
1753,4.0
1754,4.0
1755,5.0
1756,5.0
1757,5.0
1758,5.0
1759,5.0
1760,5.0
1761,5.0
1762,5.0
1763,4.0
1764,3.0
1765,3.0
1766,4.0
1767,5.0
1768,5.0
1769,5.0
1770,5.0
1771,5.0
1772,5.0
1773,5.0
1774,5.0
1775,5.0
1776,5.0
1777,5.0
1778,5.0
1779,5.0
1780,5.0
1781,4.0
1782,5.0
1783,3.0
1784,4.0
1785,5.0
1786,5.0
1787,5.0
1788,4.0
1789,5.0
1790,3.0
1791,3.0
1792,3.0
1793,5.0
1794,4.0
1795,4.0
1796,5.0
1797,5.0
1798,5.0
1799,4.0
1800,5.0
1801,5.0
1802,4.0
1803,5.0
1804,5.0
1805,5.0
1806,5.0
1807,5.0
1808,4.0
1809,3.0
1810,3.0
1811,5.0
1812,5.0
1813,5.0
1814,5.0
1815,4.0
1816,5.0
1817,5.0
1818,5.0
1819,5.0
1820,4.0
1821,4.0
1822,5.0
1823,5.0
1824,5.0
1825,5.0
1826,5.0
1827,5.0
1828,5.0
1829,5.0
1830,4.0
1831,5.0
1832,5.0
1833,4.0
1834,5.0
1835,5.0
1836,5.0
1837,5.0
1838,5.0
1839,4.0
1840,4.0
1841,5.0
1842,5.0
1843,5.0
1844,4.0
1845,5.0
1846,5.0
1847,5.0
1848,5.0
1849,5.0
1850,5.0
1851,5.0
1852,4.0
1853,5.0
1854,5.0
1855,5.0
1856,5.0
1857,5.0
1858,5.0
1859,5.0
1860,5.0
1861,5.0
1862,5.0
1863,5.0
1864,5.0
1865,5.0
1866,5.0
1867,1.0
1868,1.0
1869,5.0
1870,5.0
1871,5.0
1872,2.0
1873,2.0
1874,5.0
1875,5.0
1876,5.0
1877,5.0
1878,5.0
1879,5.0
1880,4.0
1881,4.0
1882,5.0
1883,5.0
1884,5.0
1885,5.0
1886,5.0
1887,5.0
1888,5.0
1889,5.0
1890,5.0
1891,4.0
1892,5.0
1893,5.0
1894,4.0
1895,4.0
1896,5.0
1897,5.0
1898,5.0
1899,4.0
1900,5.0
1901,5.0
1902,5.0
1903,5.0
1904,5.0
1905,5.0
1906,4.0
1907,4.0
1908,5.0
1909,5.0
1910,5.0
1911,5.0
1912,5.0
1913,5.0
1914,5.0
1915,5.0
1916,5.0
1917,5.0
1918,4.0
1919,4.0
1920,5.0
1921,5.0
1922,5.0
1923,5.0
1924,5.0
1925,5.0
1926,4.0
1927,4.0
1928,5.0
1929,4.0
1930,5.0
1931,5.0
1932,4.0
1933,5.0
1934,5.0
1935,5.0
1936,5.0
1937,4.0
1938,5.0
1939,5.0
1940,5.0
1941,5.0
1942,5.0
1943,5.0
1944,5.0
1945,5.0
1946,5.0
1947,5.0
1948,5.0
1949,4.0
1950,4.0
1951,5.0
1952,5.0
1953,5.0
1954,4.0
1955,4.0
1956,4.0
1957,4.0
1958,4.0
1959,4.0
1960,4.0
1961,4.0
1962,5.0
1963,5.0
1964,5.0
1965,5.0
1966,5.0
1967,5.0
1968,5.0
1969,5.0
1970,5.0
1971,5.0
1972,4.0
1973,5.0
1974,4.0
1975,5.0
1976,5.0
1977,5.0
1978,5.0
1979,5.0
1980,5.0
1981,5.0
1982,5.0
1983,5.0
1984,5.0
1985,5.0
1986,5.0
1987,5.0
1988,5.0
1989,4.0
1990,4.0
1991,5.0
1992,5.0
1993,5.0
1994,5.0
1995,5.0
1996,5.0
1997,5.0
1998,5.0
1999,5.0
2000,5.0
2001,5.0
2002,5.0
2003,5.0
2004,4.0
2005,5.0
2006,5.0
2007,5.0
2008,5.0
2009,4.0
2010,4.0
2011,4.0
2012,4.0
2013,4.0
2014,5.0
2015,5.0
2016,5.0
2017,5.0
2018,5.0
2019,5.0
2020,5.0
2021,5.0
2022,5.0
2023,5.0
2024,5.0
2025,5.0
2026,5.0
2027,5.0
2028,4.0
2029,4.0
2030,5.0
2031,5.0
2032,5.0
2033,5.0
2034,4.0
2035,5.0
2036,5.0
2037,5.0
2038,5.0
2039,5.0
2040,5.0
2041,4.0
2042,5.0
2043,4.0
2044,5.0
2045,5.0
2046,5.0
2047,5.0
2048,5.0
2049,4.0
2050,5.0
2051,4.0
2052,4.0
2053,4.0
2054,5.0
2055,5.0
2056,4.0
2057,5.0
2058,5.0
2059,5.0
2060,5.0
2061,5.0
2062,5.0
2063,5.0
2064,5.0
2065,4.0
2066,5.0
2067,5.0
2068,5.0
2069,1.0
2070,3.0
2071,3.0
2072,5.0
2073,5.0
2074,5.0
2075,4.0
2076,5.0
2077,4.0
2078,5.0
2079,5.0
2080,5.0
2081,5.0
2082,5.0
2083,5.0
2084,5.0
2085,5.0
2086,5.0
2087,5.0
2088,5.0
2089,5.0
2090,5.0
2091,4.0
2092,5.0
2093,4.0
2094,5.0
2095,5.0
2096,5.0
2097,5.0
2098,5.0
2099,4.0
2100,5.0
2101,3.0
2102,5.0
2103,5.0
2104,4.0
2105,4.0
2106,5.0
2107,5.0
2108,5.0
2109,5.0
2110,5.0
2111,4.0
2112,5.0
2113,5.0
2114,4.0
2115,5.0
2116,5.0
2117,5.0
2118,5.0
2119,5.0
2120,4.0
2121,4.0
2122,5.0
2123,5.0
2124,5.0
2125,5.0
2126,5.0
2127,5.0
2128,5.0
2129,5.0
2130,3.0
2131,3.0
2132,5.0
2133,5.0
2134,5.0
2135,4.0
2136,4.0
2137,4.0
2138,5.0
2139,5.0
2140,5.0
2141,5.0
2142,5.0
2143,5.0
2144,5.0
2145,5.0
2146,5.0
2147,5.0
2148,5.0
2149,5.0
2150,3.0
2151,3.0
2152,5.0
2153,5.0
2154,3.0
2155,3.0
2156,5.0
2157,5.0
2158,5.0
2159,5.0
2160,4.0
2161,5.0
2162,4.0
2163,5.0
2164,5.0
2165,5.0
2166,4.0
2167,5.0
2168,5.0
2169,5.0
2170,5.0
2171,5.0
2172,5.0
2173,5.0
2174,5.0
2175,5.0
2176,5.0
2177,5.0
2178,5.0
2179,5.0
2180,5.0
2181,5.0
2182,3.0
2183,3.0
2184,5.0
2185,4.0
2186,5.0
2187,5.0
2188,5.0
2189,5.0
2190,5.0
2191,5.0
2192,4.0
2193,5.0
2194,5.0
2195,5.0
2196,5.0
2197,5.0
2198,4.0
2199,4.0
2200,5.0
2201,5.0
2202,5.0
2203,4.0
2204,5.0
2205,4.0
2206,4.0
2207,5.0
2208,4.0
2209,4.0
2210,5.0
2211,5.0
2212,4.0
2213,4.0
2214,4.0
2215,5.0
2216,5.0
2217,4.0
2218,5.0
2219,4.0
2220,5.0
2221,5.0
2222,5.0
2223,4.0
2224,5.0
2225,5.0
2226,5.0
2227,4.0
2228,4.0
2229,5.0
2230,5.0
2231,5.0
2232,5.0
2233,5.0
2234,5.0
2235,4.0
2236,1.0
2237,5.0
2238,5.0
2239,5.0
2240,5.0
2241,5.0
2242,5.0
2243,5.0
2244,4.0
2245,3.0
2246,5.0
2247,5.0
2248,4.0
2249,5.0
2250,4.0
2251,5.0
2252,5.0
2253,5.0
2254,5.0
2255,5.0
2256,5.0
2257,5.0
2258,5.0
2259,5.0
2260,5.0
2261,5.0
2262,3.0
2263,5.0
2264,5.0
2265,5.0
2266,5.0
2267,5.0
2268,4.0
2269,5.0
2270,5.0
2271,4.0
2272,5.0
2273,4.0
2274,5.0
2275,5.0
2276,5.0
2277,5.0
2278,5.0
2279,5.0
2280,5.0
2281,5.0
2282,5.0
2283,5.0
2284,5.0
2285,5.0
2286,5.0
2287,4.0
2288,5.0
2289,5.0
2290,5.0
2291,5.0
2292,5.0
2293,3.0
2294,5.0
2295,5.0
2296,4.0
2297,5.0
2298,5.0
2299,5.0
2300,5.0
2301,5.0
2302,5.0
2303,5.0
2304,5.0
2305,5.0
2306,3.0
2307,3.0
2308,5.0
2309,5.0
2310,5.0
2311,5.0
2312,4.0
2313,4.0
2314,5.0
2315,5.0
2316,5.0
2317,5.0
2318,5.0
2319,5.0
2320,5.0
2321,5.0
2322,5.0
2323,4.0
2324,4.0
2325,5.0
2326,5.0
2327,4.0
2328,4.0
2329,5.0
2330,5.0
2331,4.0
2332,3.0
2333,5.0
2334,5.0
2335,4.0
2336,5.0
2337,4.0
2338,4.0
2339,3.0
2340,5.0
2341,5.0
2342,5.0
2343,4.0
2344,5.0
2345,5.0
2346,4.0
2347,5.0
2348,4.0
2349,5.0
2350,5.0
2351,5.0
2352,5.0
2353,3.0
2354,4.0
2355,5.0
2356,5.0
2357,5.0
2358,5.0
2359,5.0
2360,4.0
2361,5.0
2362,5.0
2363,5.0
2364,5.0
2365,4.0
2366,4.0
2367,4.0
2368,4.0
2369,5.0
2370,5.0
2371,5.0
2372,5.0
2373,5.0
2374,5.0
2375,5.0
2376,5.0
2377,5.0
2378,4.0
2379,5.0
2380,5.0
2381,4.0
2382,5.0
2383,5.0
2384,5.0
2385,5.0
2386,5.0
2387,5.0
2388,5.0
2389,5.0
2390,5.0
2391,4.0
2392,5.0
2393,5.0
2394,5.0
2395,5.0
2396,5.0
2397,4.0
2398,5.0
2399,5.0
2400,5.0
2401,5.0
2402,4.0
2403,4.0
2404,5.0
2405,5.0
2406,5.0
2407,5.0
2408,5.0
2409,5.0
2410,5.0
2411,5.0
2412,5.0
2413,5.0
2414,5.0
2415,4.0
2416,5.0
2417,5.0
2418,5.0
2419,5.0
2420,4.0
2421,4.0
2422,5.0
2423,5.0
2424,5.0
2425,4.0
2426,4.0
2427,3.0
2428,5.0
2429,5.0
2430,5.0
2431,5.0
2432,5.0
2433,5.0
2434,5.0
2435,5.0
2436,5.0
2437,5.0
2438,5.0
2439,5.0
2440,5.0
2441,5.0
2442,5.0
2443,5.0
2444,4.0
2445,5.0
2446,5.0
2447,4.0
2448,4.0
2449,5.0
2450,5.0
2451,5.0
2452,5.0
2453,5.0
2454,4.0
2455,5.0
2456,5.0
2457,5.0
2458,4.0
2459,5.0
2460,5.0
2461,5.0
2462,5.0
2463,5.0
2464,5.0
2465,4.0
2466,5.0
2467,5.0
2468,5.0
2469,5.0
2470,5.0
2471,5.0
2472,5.0
2473,5.0
2474,5.0
2475,5.0
2476,4.0
2477,5.0
2478,5.0
2479,1.0
2480,1.0
2481,5.0
2482,5.0
2483,5.0
2484,4.0
2485,5.0
2486,5.0
2487,5.0
2488,4.0
2489,5.0
2490,5.0
2491,5.0
2492,5.0
2493,5.0
2494,4.0
2495,3.0
2496,5.0
2497,5.0
2498,5.0
2499,5.0
2500,5.0
2501,5.0
2502,5.0
2503,5.0
2504,5.0
2505,4.0
2506,5.0
2507,4.0
2508,5.0
2509,5.0
2510,5.0
2511,5.0
2512,5.0
2513,5.0
2514,5.0
2515,2.0
2516,2.0
2517,5.0
2518,5.0
2519,5.0
2520,5.0
2521,4.0
2522,4.0
2523,4.0
2524,5.0
2525,5.0
2526,5.0
2527,5.0
2528,5.0
2529,5.0
2530,5.0
2531,5.0
2532,5.0
2533,4.0
2534,5.0
2535,5.0
2536,5.0
2537,5.0
2538,5.0
2539,5.0
2540,5.0
2541,5.0
2542,5.0
2543,5.0
2544,4.0
2545,5.0
2546,5.0
2547,5.0
2548,5.0
2549,4.0
2550,5.0
2551,5.0
2552,5.0
2553,5.0
2554,5.0
2555,4.0
2556,5.0
2557,5.0
2558,5.0
2559,4.0
2560,5.0
2561,5.0
2562,5.0
2563,5.0
2564,5.0
2565,5.0
2566,4.0
2567,4.0
2568,4.0
2569,5.0
2570,5.0
2571,5.0
2572,5.0
2573,5.0
2574,5.0
2575,5.0
2576,5.0
2577,5.0
2578,5.0
2579,5.0
2580,5.0
2581,4.0
2582,5.0
2583,5.0
2584,4.0
2585,5.0
2586,4.0
2587,5.0
2588,4.0
2589,3.0
2590,5.0
2591,5.0
2592,4.0
2593,4.0
2594,5.0
2595,5.0
2596,4.0
2597,5.0
2598,5.0
2599,4.0
2600,4.0
2601,5.0
2602,5.0
2603,5.0
2604,5.0
2605,5.0
2606,5.0
2607,5.0
2608,5.0
2609,4.0
2610,4.0
2611,5.0
2612,5.0
2613,4.0
2614,5.0
2615,5.0
2616,4.0
2617,5.0
2618,4.0
2619,5.0
2620,5.0
2621,5.0
2622,4.0
2623,5.0
2624,5.0
2625,5.0
2626,5.0
2627,5.0
2628,4.0
2629,1.0
2630,5.0
2631,5.0
2632,5.0
2633,5.0
2634,5.0
2635,5.0
2636,5.0
2637,5.0
2638,5.0
2639,4.0
2640,4.0
2641,5.0
2642,5.0
2643,5.0
2644,5.0
2645,5.0
2646,5.0
2647,5.0
2648,5.0
2649,5.0
2650,5.0
2651,5.0
2652,5.0
2653,5.0
2654,5.0
2655,4.0
2656,4.0
2657,5.0
2658,5.0
2659,5.0
2660,5.0
2661,5.0
2662,5.0
2663,5.0
2664,4.0
2665,4.0
2666,5.0
2667,5.0
2668,4.0
2669,4.0
2670,4.0
2671,5.0
2672,5.0
2673,4.0
2674,5.0
2675,5.0
2676,4.0
2677,4.0
2678,5.0
2679,5.0
2680,5.0
2681,5.0
2682,5.0
2683,5.0
2684,5.0
2685,4.0
2686,5.0
2687,4.0
2688,4.0
2689,5.0
2690,5.0
2691,5.0
2692,4.0
2693,5.0
2694,5.0
2695,5.0
2696,5.0
2697,5.0
2698,5.0
2699,5.0
2700,5.0
2701,4.0
2702,4.0
2703,5.0
2704,5.0
2705,5.0
2706,4.0
2707,5.0
2708,5.0
2709,5.0
2710,4.0
2711,5.0
2712,5.0
2713,5.0
2714,5.0
2715,5.0
2716,5.0
2717,4.0
2718,5.0
2719,5.0
2720,5.0
2721,5.0
2722,4.0
2723,5.0
2724,5.0
2725,5.0
2726,5.0
2727,5.0
2728,4.0
2729,4.0
2730,4.0
2731,5.0
2732,4.0
2733,4.0
2734,5.0
2735,4.0
2736,4.0
2737,5.0
2738,5.0
2739,4.0
2740,4.0
2741,5.0
2742,5.0
2743,5.0
2744,5.0
2745,5.0
2746,5.0
2747,5.0
2748,4.0
2749,5.0
2750,5.0
2751,5.0
2752,5.0
2753,5.0
2754,3.0
2755,5.0
2756,4.0
2757,4.0
2758,5.0
2759,5.0
2760,5.0
2761,5.0
2762,5.0
2763,5.0
2764,4.0
2765,5.0
2766,4.0
2767,5.0
2768,5.0
2769,5.0
2770,5.0
2771,5.0
2772,4.0
2773,5.0
2774,5.0
2775,5.0
2776,5.0
2777,5.0
2778,5.0
2779,5.0
2780,5.0
2781,5.0
2782,5.0
2783,4.0
2784,5.0
2785,4.0
2786,5.0
2787,5.0
2788,4.0
2789,5.0
2790,5.0
2791,5.0
2792,5.0
2793,5.0
2794,5.0
2795,5.0
2796,1.0
2797,5.0
2798,5.0
2799,5.0
2800,5.0
2801,5.0
2802,5.0
2803,5.0
2804,4.0
2805,5.0
2806,4.0
2807,4.0
2808,5.0
2809,5.0
2810,5.0
2811,3.0
2812,4.0
2813,5.0
2814,5.0
2815,5.0
2816,5.0
2817,5.0
2818,5.0
2819,4.0
2820,5.0
2821,4.0
2822,5.0
2823,5.0
2824,4.0
2825,5.0
2826,4.0
2827,4.0
2828,5.0
2829,5.0
2830,5.0
2831,5.0
2832,5.0
2833,5.0
2834,5.0
2835,5.0
2836,5.0
2837,5.0
2838,4.0
2839,5.0
2840,5.0
2841,5.0
2842,5.0
2843,5.0
2844,5.0
2845,5.0
2846,5.0
2847,5.0
2848,5.0
2849,5.0
2850,5.0
2851,5.0
2852,5.0
2853,4.0
2854,4.0
2855,5.0
2856,5.0
2857,5.0
2858,5.0
2859,5.0
2860,4.0
2861,5.0
2862,5.0
2863,5.0
2864,5.0
2865,5.0
2866,5.0
2867,5.0
2868,5.0
2869,5.0
2870,5.0
2871,4.0
2872,5.0
2873,5.0
2874,5.0
2875,5.0
2876,5.0
2877,4.0
2878,5.0
2879,5.0
2880,5.0
2881,5.0
2882,5.0
2883,5.0
2884,4.0
2885,5.0
2886,5.0
2887,5.0
2888,5.0
2889,5.0
2890,5.0
2891,5.0
2892,5.0
2893,5.0
2894,5.0
2895,5.0
2896,3.0
2897,3.0
2898,4.0
2899,5.0
2900,5.0
2901,5.0
2902,5.0
2903,5.0
2904,5.0
2905,4.0
2906,4.0
2907,5.0
2908,5.0
2909,5.0
2910,5.0
2911,5.0
2912,5.0
2913,4.0
2914,5.0
2915,5.0
2916,5.0
2917,5.0
2918,5.0
2919,5.0
2920,5.0
2921,5.0
2922,5.0
2923,5.0
2924,5.0
2925,4.0
2926,5.0
2927,5.0
2928,5.0
2929,5.0
2930,5.0
2931,5.0
2932,5.0
2933,5.0
2934,4.0
2935,4.0
2936,5.0
2937,5.0
2938,5.0
2939,5.0
2940,5.0
2941,5.0
2942,4.0
2943,4.0
2944,5.0
2945,5.0
2946,5.0
2947,5.0
2948,5.0
2949,4.0
2950,5.0
2951,5.0
2952,4.0
2953,5.0
2954,5.0
2955,5.0
2956,5.0
2957,5.0
2958,5.0
2959,5.0
2960,5.0
2961,5.0
2962,5.0
2963,5.0
2964,5.0
2965,3.0
2966,4.0
2967,5.0
2968,5.0
2969,5.0
2970,4.0
2971,4.0
2972,5.0
2973,5.0
2974,5.0
2975,4.0
2976,5.0
2977,5.0
2978,5.0
2979,5.0
2980,5.0
2981,5.0
2982,4.0
2983,5.0
2984,5.0
2985,5.0
2986,5.0
2987,5.0
2988,5.0
2989,5.0
2990,5.0
2991,5.0
2992,5.0
2993,5.0
2994,5.0
2995,5.0
2996,5.0
2997,4.0
2998,4.0
2999,5.0
3000,5.0
3001,5.0
3002,5.0
3003,5.0
3004,5.0
3005,5.0
3006,5.0
3007,5.0
3008,5.0
3009,5.0
3010,5.0
3011,5.0
3012,3.0
3013,5.0
3014,5.0
3015,5.0
3016,5.0
3017,4.0
3018,5.0
3019,4.0
3020,5.0
3021,5.0
3022,5.0
3023,5.0
3024,5.0
3025,5.0
3026,5.0
3027,4.0
3028,5.0
3029,5.0
3030,5.0
3031,5.0
3032,5.0
3033,5.0
3034,5.0
3035,4.0
3036,5.0
3037,4.0
3038,4.0
3039,5.0
3040,5.0
3041,4.0
3042,5.0
3043,4.0
3044,4.0
3045,4.0
3046,5.0
3047,5.0
3048,5.0
3049,5.0
3050,4.0
3051,5.0
3052,5.0
3053,4.0
3054,5.0
3055,5.0
3056,3.0
3057,5.0
3058,5.0
3059,5.0
3060,5.0
3061,4.0
3062,4.0
3063,4.0
3064,3.0
3065,5.0
3066,5.0
3067,5.0
3068,5.0
3069,5.0
3070,4.0
3071,4.0
3072,5.0
3073,5.0
3074,5.0
3075,5.0
3076,5.0
3077,5.0
3078,5.0
3079,5.0
3080,5.0
3081,5.0
3082,5.0
3083,5.0
3084,5.0
3085,5.0
3086,5.0
3087,5.0
3088,5.0
3089,5.0
3090,5.0
3091,5.0
3092,5.0
3093,5.0
3094,5.0
3095,5.0
3096,5.0
3097,5.0
3098,5.0
3099,5.0
3100,4.0
3101,5.0
3102,5.0
3103,5.0
3104,5.0
3105,5.0
3106,4.0
3107,5.0
3108,5.0
3109,5.0
3110,4.0
3111,5.0
3112,5.0
3113,5.0
3114,5.0
3115,5.0
3116,5.0
3117,5.0
3118,5.0
3119,5.0
3120,5.0
3121,5.0
3122,5.0
3123,5.0
3124,5.0
3125,5.0
3126,5.0
3127,5.0
3128,5.0
3129,5.0
3130,4.0
3131,5.0
3132,1.0
3133,5.0
3134,5.0
3135,5.0
3136,5.0
3137,5.0
3138,5.0
3139,5.0
3140,5.0
3141,5.0
3142,5.0
3143,5.0
3144,5.0
3145,5.0
3146,5.0
3147,5.0
3148,5.0
3149,5.0
3150,5.0
3151,5.0
3152,5.0
3153,4.0
3154,5.0
3155,5.0
3156,5.0
3157,5.0
3158,5.0
3159,5.0
3160,5.0
3161,5.0
3162,5.0
3163,5.0
3164,5.0
3165,5.0
3166,5.0
3167,5.0
3168,5.0
3169,5.0
3170,5.0
3171,5.0
3172,5.0
3173,5.0
3174,5.0
3175,5.0
3176,5.0
3177,5.0
3178,5.0
3179,5.0
3180,5.0
3181,5.0
3182,5.0
3183,5.0
3184,5.0
3185,5.0
3186,5.0
3187,5.0
3188,5.0
3189,5.0
3190,5.0
3191,5.0
3192,5.0
3193,5.0
3194,5.0
3195,5.0
3196,5.0
3197,5.0
3198,5.0
3199,5.0
3200,5.0
3201,4.0
3202,5.0
3203,5.0
3204,5.0
3205,5.0
3206,5.0
3207,5.0
3208,5.0
3209,5.0
3210,5.0
3211,5.0
3212,5.0
3213,5.0
3214,5.0
3215,5.0
3216,5.0
3217,5.0
3218,5.0
3219,4.0
3220,5.0
3221,5.0
3222,5.0
3223,5.0
3224,5.0
3225,5.0
3226,5.0
3227,5.0
3228,5.0
3229,5.0
3230,5.0
3231,5.0
3232,5.0
3233,5.0
3234,5.0
3235,5.0
3236,5.0
3237,5.0
3238,5.0
3239,5.0
3240,4.0
3241,4.0
3242,5.0
3243,5.0
3244,5.0
3245,5.0
3246,5.0
3247,4.0
3248,4.0
3249,5.0
3250,5.0
3251,5.0
3252,5.0
3253,5.0
3254,5.0
3255,5.0
3256,5.0
3257,5.0
3258,5.0
3259,5.0
3260,5.0
3261,5.0
3262,4.0
3263,5.0
3264,5.0
3265,5.0
3266,5.0
3267,5.0
3268,5.0
3269,5.0
3270,5.0
3271,5.0
3272,5.0
3273,5.0
3274,5.0
3275,5.0
3276,5.0
3277,5.0
3278,5.0
3279,5.0
3280,5.0
3281,4.0
3282,5.0
3283,5.0
3284,5.0
3285,5.0
3286,4.0
3287,5.0
3288,5.0
3289,5.0
3290,5.0
3291,5.0
3292,5.0
3293,5.0
3294,5.0
3295,5.0
3296,5.0
3297,5.0
3298,4.0
3299,5.0
3300,5.0
3301,5.0
3302,5.0
3303,5.0
3304,5.0
3305,5.0
3306,5.0
3307,5.0
3308,5.0
3309,5.0
3310,5.0
3311,5.0
3312,5.0
3313,4.0
3314,5.0
3315,5.0
3316,5.0
3317,5.0
3318,5.0
3319,5.0
3320,5.0
3321,5.0
3322,5.0
3323,5.0
3324,5.0
3325,5.0
3326,5.0
3327,5.0
3328,5.0
3329,5.0
3330,5.0
3331,5.0
3332,5.0
3333,5.0
3334,5.0
3335,5.0
3336,5.0
3337,5.0
3338,5.0
3339,5.0
3340,5.0
3341,5.0
3342,5.0
3343,5.0
3344,5.0
3345,5.0
3346,5.0
3347,5.0
3348,5.0
3349,5.0
3350,5.0
3351,5.0
3352,5.0
3353,5.0
3354,5.0
3355,4.0
3356,5.0
3357,5.0
3358,5.0
3359,5.0
3360,5.0
3361,5.0
3362,4.0
3363,5.0
3364,5.0
3365,5.0
3366,5.0
3367,5.0
3368,5.0
3369,5.0
3370,5.0
3371,5.0
3372,5.0
3373,5.0
3374,5.0
3375,5.0
3376,5.0
3377,5.0
3378,5.0
3379,5.0
3380,5.0
3381,5.0
3382,5.0
3383,5.0
3384,5.0
3385,5.0
3386,5.0
3387,5.0
3388,5.0
3389,5.0
3390,5.0
3391,5.0
3392,5.0
3393,5.0
3394,5.0
3395,5.0
3396,5.0
3397,5.0
3398,5.0
3399,5.0
3400,5.0
3401,5.0
3402,5.0
3403,5.0
3404,5.0
3405,4.0
3406,5.0
3407,5.0
3408,5.0
3409,5.0
3410,5.0
3411,5.0
3412,5.0
3413,5.0
3414,5.0
3415,4.0
3416,5.0
3417,5.0
3418,5.0
3419,5.0
3420,5.0
3421,5.0
3422,5.0
3423,5.0
3424,4.0
3425,5.0
3426,5.0
3427,5.0
3428,5.0
3429,5.0
3430,5.0
3431,5.0
3432,5.0
3433,5.0
3434,5.0
3435,5.0
3436,5.0
3437,5.0
3438,5.0
3439,5.0
3440,5.0
3441,5.0
3442,5.0
