,0
0,4.153533639339578
1,4.910979608260389
2,3.039720946649557
3,5.000000000000002
4,3.6273210332269548
5,3.6273210332269548
6,4.905778848650796
7,4.863276127960963
8,4.36386168381674
9,4.36386168381674
10,3.8014054954246714
11,4.230622038006761
12,4.230622038006761
13,4.29005320548575
14,4.29005320548575
15,5.0
16,5.0
17,3.840509727546972
18,4.636646023467075
19,3.3946084159891092
20,3.3946084159891092
21,4.6398119764721715
22,4.6398119764721715
23,5.0
24,5.0
25,4.508420757205505
26,2.5
27,3.4841932552710713
28,3.4841932552710713
29,4.694345981190494
30,4.010020455924217
31,4.471101483176078
32,4.471101483176078
33,4.345597785682396
34,3.960433185888432
35,4.034660136050085
36,4.271739605031219
37,4.271739605031219
38,4.954444015203229
39,5.0
40,5.0
41,3.504707033575827
42,5.0
43,3.734969614200482
44,4.0
45,5.0
46,4.715378119979812
47,3.7310021128260225
48,4.420333220242879
49,4.46445882338065
50,4.340455264944089
51,3.925460737224313
52,3.925460737224313
53,2.0
54,3.9849606965718225
55,3.9849606965718225
56,4.44839891840003
57,4.44839891840003
58,4.006617121148345
59,2.80616611650772
60,2.5
61,4.0
62,4.0
63,3.888144625541086
64,3.888144625541086
65,4.370518064505951
66,3.9896748841791334
67,4.1910062182714345
68,4.1910062182714345
69,4.43105859066125
70,4.1077276599115615
71,4.832202023559403
72,3.2901993082155974
73,4.920060433641351
74,3.146681991952169
75,3.146681991952169
76,2.5
77,2.5
78,4.33356746558203
79,3.0
80,3.0
81,4.0
82,4.0
83,4.61068764254477
84,5.0
85,4.561731076764027
86,4.467400180173052
87,4.467400180173052
88,3.0
89,4.5330004717473
90,4.642985839096058
91,3.58771628491137
92,3.58771628491137
93,4.014081347479437
94,3.7554160772000182
95,4.2155142988633445
96,4.6389450520554165
97,4.568985497843988
98,2.40657395106759
99,2.40657395106759
100,5.0
101,4.0
102,4.333145877550749
103,4.304116350530867
104,4.559285219983672
105,4.559285219983672
106,4.190152809374651
107,4.577117457172399
108,4.577117457172399
109,4.806644065490408
110,4.62758586607621
111,5.0
112,4.6738612856121975
113,4.999999999999999
114,3.6519837576471863
115,4.769705208486176
116,4.769705208486176
117,4.15103163105269
118,4.918030587410386
119,4.918030587410386
120,4.290019071924084
121,2.5
122,5.0
123,4.367468222171382
124,4.492943515823609
125,4.380964043345593
126,4.5439815475830025
127,4.5439815475830025
128,4.43023193500133
129,4.474119872471094
130,4.474119872471094
131,4.25947378128888
132,4.0
133,4.327515748630256
134,4.327515748630256
135,3.214758876981676
136,3.214758876981676
137,4.862785148021161
138,4.6347310621816336
139,4.6347310621816336
140,4.38362876078543
141,4.509356254142975
142,4.78612181997895
143,4.78612181997895
144,2.611319671223828
145,2.611319671223828
146,4.774308759931127
147,5.000000000000001
148,5.0
149,3.8238188116467056
150,3.8238188116467056
151,4.292555993691867
152,1.0
153,1.0
154,4.442090575485552
155,4.442090575485552
156,4.910025142590857
157,3.096023682018503
158,3.096023682018503
159,3.0
160,3.0
161,2.5
162,2.5
163,3.873153343161844
164,4.727047937891091
165,4.6537332817081625
166,4.719339182666281
167,3.1976229918717456
168,2.5
169,4.3884654401173275
170,4.436874229622812
171,3.470089270219825
172,3.470089270219825
173,3.9310067310128747
174,2.675396643893212
175,5.0
176,5.0
177,4.0
178,4.431008993754017
179,4.0
180,4.0
181,2.5
182,3.27964087644928
183,3.27964087644928
184,4.962480744304643
185,2.0731350424749118
186,2.0731350424749118
187,4.511490497150685
188,5.0
189,5.0
190,4.327581325400179
191,4.899735557774275
192,2.5
193,3.0
194,3.0
195,5.0
196,2.4747737830119187
197,2.4747737830119187
198,4.366861276135806
199,4.1228721352042
200,4.49367367292298
201,4.761097102168518
202,4.761097102168518
203,4.875074626825353
204,4.875074626825353
205,4.2211304196305175
206,4.568249462240718
207,4.568249462240718
208,3.503441752556817
209,3.503441752556817
210,4.056584917177565
211,4.056584917177565
212,5.0
213,5.0
214,4.696937173286352
215,2.5
216,4.0
217,3.8978509265363797
218,3.8978509265363797
219,4.999999999999999
220,4.999999999999999
221,2.5
222,5.0
223,4.43129436724574
224,4.0
225,4.0
226,2.7890129216601545
227,4.512854340089996
228,4.512854340089996
229,2.5
230,2.5
231,4.5107192762331385
232,4.5107192762331385
233,4.141180419042513
234,4.141180419042513
235,4.823896214375496
236,4.823896214375496
237,4.157831076646673
238,3.3626657763077197
239,3.154315137269012
240,3.154315137269012
241,4.57759316178139
242,2.5
243,1.3344713646230109
244,4.285672853387349
245,4.479867868098475
246,4.0
247,4.715400994171608
248,4.715400994171608
249,3.590857120845588
250,4.252739136432701
251,4.181124253603406
252,5.0
253,4.339603005882511
254,4.186952758067354
255,4.186952758067354
256,4.522550348077727
257,4.928522931999894
258,2.0
259,3.9081320384697804
260,3.9081320384697804
261,4.819861236905932
262,4.819861236905932
263,5.0
264,4.475515120620349
265,4.052339108820846
266,4.052339108820846
267,4.211968286127306
268,2.5
269,4.520883905095616
270,4.019198684188051
271,2.388805789327529
272,2.388805789327529
273,4.821506723511827
274,4.433734069368424
275,3.6119063230151105
276,3.6119063230151105
277,3.0
278,3.0
279,1.7166133654648377
280,1.7166133654648377
281,5.0
282,4.363123996253829
283,4.363123996253829
284,3.243253041579689
285,3.243253041579689
286,4.453889820091249
287,3.2990474063147834
288,3.483854549547208
289,3.483854549547208
290,4.608182947288407
291,4.630963283579744
292,4.569083159434251
293,4.0
294,4.0
295,4.0
296,3.373355363748243
297,4.791280396310876
298,4.669762260874905
299,4.8215575514854905
300,2.5
301,3.5336221194362443
302,4.177524554009857
303,4.301889935123869
304,4.190109324969306
305,3.6715919068598057
306,5.0
307,5.0
308,3.325901171495233
309,4.22882257950633
310,4.26294495591046
311,5.0
312,3.0000000000000004
313,3.0000000000000004
314,2.5
315,4.404268186104607
316,4.07198387313678
317,4.07198387313678
318,4.5024663373040275
319,4.880870876840125
320,3.05513160367426
321,4.4020033826281155
322,4.4020033826281155
323,3.9984211870353477
324,3.9984211870353477
325,5.000000000000001
326,4.424365094432095
327,4.127080706496319
328,4.127080706496319
329,3.7750315277808704
330,4.248122606510745
331,3.0
332,4.275043682320316
333,4.956988283213732
334,4.956988283213732
335,2.267592426616535
336,4.693255169653067
337,3.8145183986499225
338,3.8145183986499225
339,3.363679804149206
340,3.759272325030684
341,3.759272325030684
342,3.673547516626919
343,4.999999999999999
344,4.999999999999999
345,2.5
346,5.0
347,3.3458523103141995
348,3.3458523103141995
349,5.0
350,3.9877582284258293
351,3.9877582284258293
352,5.0
353,5.0
354,4.0
355,4.0
356,4.932592701245199
357,4.0
358,4.0
359,4.336330327410373
360,5.0
361,4.576996333474578
362,4.999999999999999
363,4.047750020648979
364,4.047750020648979
365,4.579909715056881
366,2.5
367,5.0
368,4.093703319196303
369,3.342721769209138
370,3.342721769209138
371,4.63442783802547
372,3.5368157840677505
373,3.5368157840677505
374,4.334503575845014
375,4.577807836290883
376,4.0
377,2.5
378,2.5
379,4.816568551994328
380,4.816568551994328
381,5.0
382,2.0
383,2.0
384,4.636811595437807
385,4.636811595437807
386,4.843520716608574
387,5.0
388,4.1979000128244905
389,5.0
390,5.0
391,5.0
392,4.297315001425005
393,5.0
394,4.3216033684779855
395,4.341660573798402
396,3.5166427449497633
397,3.5166427449497633
398,4.348188094578269
399,3.3454135390386
400,5.0
401,3.6080977956220925
402,4.906234389016144
403,4.718313725799518
404,5.0
405,5.0
406,4.001274994993511
407,4.001274994993511
408,4.473248423799234
409,4.473248423799234
410,4.708183116267757
411,3.6460061346857517
412,4.738096724006092
413,4.738096724006092
414,4.910731572710397
415,3.075241634918721
416,3.075241634918721
417,5.0
418,4.1830613463115895
419,4.0
420,4.0
421,3.277758685272877
422,4.0879915017115565
423,4.3534117790165086
424,5.0
425,5.0
426,3.8430503070463713
427,3.295620877314141
428,3.295620877314141
429,4.824687304875671
430,4.824687304875671
431,5.0
432,5.0
433,4.188241620187149
434,4.318929576173806
435,2.5
436,2.5
437,4.0
438,4.092530815912328
439,3.9609932090667814
440,3.7673208095094206
441,4.71205981674842
442,4.0
443,4.0
444,3.0258787358329413
445,3.0258787358329413
446,4.3675187142474945
447,4.912805658440883
448,2.095313871274236
449,4.709468709190785
450,4.709468709190785
451,4.045110337945608
452,4.3154275431068525
453,4.3154275431068525
454,4.641511047901327
455,4.67241341801712
456,5.0
457,4.0
458,4.518372089174253
459,4.685735511238785
460,4.305175675453981
461,4.1625827694610065
462,4.1625827694610065
463,4.499444589726989
464,4.279865620507742
465,1.6802281255639242
466,1.6802281255639242
467,4.0
468,3.8443221951088558
469,3.8443221951088558
470,4.147515095339148
471,5.0
472,5.0
473,4.787514395418159
474,4.787514395418159
475,3.048428498459025
476,5.0
477,5.0
478,3.3324991973783313
479,4.714521433294392
480,4.0
481,5.0
482,3.2566001440887495
483,5.000000000000001
484,4.515333146371241
485,4.684026175958934
486,5.0
487,4.693956074761658
488,4.693956074761658
489,4.667818663763812
490,4.708245608033795
491,2.5784982949346227
492,2.5784982949346227
493,5.0
494,4.6985322596995465
495,4.6985322596995465
496,4.345753127328252
497,3.7388976625153783
498,3.7388976625153783
499,4.274149529932476
500,2.0
501,4.999999999999999
502,4.4719380459313065
503,4.544117714080908
504,4.0
505,5.0
506,5.0
507,2.5
508,3.0
509,5.0
510,3.0924821989173314
511,3.0924821989173314
512,5.000000000000001
513,4.106450810192111
514,4.106450810192111
515,4.094159380276373
516,4.094159380276373
517,4.999999999999999
518,4.0
519,4.972179193244124
520,4.039789927955984
521,3.9444940265085813
522,3.9444940265085813
523,4.323013371151798
524,3.0
525,3.0
526,4.7968952127805595
527,5.0
528,4.702608059109644
529,4.354359150998826
530,4.744886599237488
531,4.3834519261808405
532,4.0
533,1.0
534,1.0
535,4.860017582278169
536,3.943545427124263
537,5.0
538,4.24187040478251
539,4.24187040478251
540,4.22619425215007
541,3.6068142042427325
542,5.000000000000001
543,3.3914649627481213
544,3.3914649627481213
545,4.488528787338119
546,4.488528787338119
547,4.575624598337894
548,1.0
549,1.0
550,4.475175130910873
551,4.089578349958737
552,4.619910363408194
553,4.468563237284379
554,4.468563237284379
555,3.4251133731695504
556,3.9833502599460213
557,4.81667022638986
558,3.8233137025945774
559,3.8233137025945774
560,4.392530924513877
561,4.392530924513877
562,3.1785902080272215
563,3.7780063056643556
564,3.263669720414785
565,3.263669720414785
566,4.0
567,4.0
568,4.627069098819006
569,4.3747176351568955
570,3.7201969875722565
571,3.7201969875722565
572,3.52243562517531
573,4.0
574,5.0
575,4.260410466673544
576,4.1060132678889065
577,4.1060132678889065
578,3.875759208402724
579,3.0
580,3.428908955457938
581,3.859138312454368
582,4.526428375464869
583,3.4848072366086202
584,4.410932353476794
585,1.0662736035863183
586,1.0662736035863183
587,3.983246075107084
588,4.539868495358915
589,4.539868495358915
590,5.0
591,3.7908226261321194
592,3.6955894456036327
593,4.435862917186564
594,4.406132170002464
595,4.406132170002464
596,4.143147378583407
597,4.999999999999999
598,4.849620282148009
599,4.849620282148009
600,4.508250962230572
601,4.508250962230572
602,3.642902809862462
603,4.234484028661223
604,4.234484028661223
605,3.8793098463233346
606,4.396452852126294
607,4.396452852126294
608,4.955475054136027
609,2.5
610,2.5
611,3.980613238922923
612,4.796545062281182
613,3.0000000000000004
614,5.0
615,3.9084579967902746
616,3.9084579967902746
617,2.6288901075952267
618,4.420499598479918
619,4.870332049523828
620,4.623637935409711
621,4.509482197455628
622,4.509482197455628
623,1.7367596264464622
624,4.080107799576906
625,4.999999999999999
626,4.42869996530577
627,4.0
628,4.7846210906433395
629,5.0
630,5.0
631,3.3386710349079816
632,3.3458950029096592
633,5.0
634,4.322094756071679
635,5.0
636,2.9999999999999996
637,4.735193450390219
638,4.137772017196578
639,4.137772017196578
640,4.756676317187074
641,4.756676317187074
642,3.6194686240680927
643,5.0
644,3.7263426042149126
645,3.7263426042149126
646,4.999999999999999
647,3.0
648,5.0
649,3.7027124130692126
650,4.61140006125272
651,4.0
652,4.0
653,4.339325761951399
654,4.339325761951399
655,4.0
656,4.0
657,3.9763128446171616
658,2.5
659,4.0
660,2.5
661,4.962182732542222
662,4.797074444193865
663,4.302583333370064
664,4.186383341417226
665,3.638434301704368
666,3.638434301704368
667,4.0
668,4.0
669,4.72161045081275
670,4.364915701848435
671,4.364915701848435
672,2.4182001496718786
673,2.4182001496718786
674,4.675526461136315
675,2.5
676,2.5
677,4.822793707698592
678,3.998679416187372
679,3.998679416187372
680,3.9806587564569904
681,3.653298557279149
682,4.728575542420414
683,1.0
684,1.0
685,4.486903493194108
686,5.000000000000001
687,4.353130642598659
688,3.301231005796995
689,3.301231005796995
690,4.228630373282263
691,4.228630373282263
692,4.736412311992671
693,4.5966425324623055
694,2.2329040470996433
695,5.0
696,5.0
697,4.408271414470584
698,4.408271414470584
699,4.194782082268784
700,4.194782082268784
701,4.785914957476926
702,2.9999999999999996
703,3.0986307840178555
704,4.052431952712838
705,5.0
706,3.7796506392528184
707,3.7796506392528184
708,4.309050450572791
709,4.0
710,1.5941397342099557
711,1.5941397342099557
712,5.0
713,3.819626066926085
714,4.120220566817032
715,5.0
716,2.8711398656115166
717,4.0
718,4.0
719,5.000000000000001
720,4.0
721,4.0
722,2.5
723,2.5
724,2.5
725,3.2465023194051428
726,5.000000000000001
727,4.231650049805992
728,4.231650049805992
729,2.5
730,3.7302650905564123
731,3.7302650905564123
732,4.341340220875844
733,2.4463936550971894
734,2.4463936550971894
735,3.131113190395828
736,3.131113190395828
737,4.312153808666137
738,4.312153808666137
739,4.314499721619973
740,4.135236313487216
741,4.905800840892441
742,2.0
743,2.0
744,4.807518735019693
745,2.5
746,4.507795584389816
747,4.507795584389816
748,4.629674739268829
749,3.997084323041565
750,4.65112164849297
751,4.65112164849297
752,4.7001149436343646
753,2.0
754,2.0
755,3.757964187360037
756,3.757964187360037
757,1.888454503938273
758,1.888454503938273
759,3.2835525820900524
760,4.722105466045143
761,4.0
762,4.460328684070622
763,4.623574427275247
764,3.691799323882611
765,1.7776115786550588
766,5.0
767,5.0
768,3.039720946649557
769,4.769128652910945
770,5.0
771,4.306908447139398
772,4.306908447139398
773,5.0
774,5.0
775,2.5
776,2.5
777,2.5
778,4.475441636245714
779,4.022132925628821
780,3.0
781,3.0
782,4.546528523059107
783,4.501529621284324
784,4.501529621284324
785,5.0
786,1.0
787,1.0
788,3.5180180722546823
789,4.0
790,4.597215477177728
791,4.597215477177728
792,4.787166523572206
793,4.265729386840442
794,5.0
795,5.0
796,4.1111985984843775
797,4.1111985984843775
798,4.838768648784108
799,4.037114598099874
800,5.0
801,5.0
802,2.5
803,2.7503732033959456
804,2.7503732033959456
805,3.4354512170698057
806,3.4354512170698057
807,5.0
808,3.4403695099987193
809,2.0
810,3.7835792622837854
811,3.7835792622837854
812,4.27656764797463
813,4.616452023549822
814,2.5
815,4.139079026572765
816,4.139079026572765
817,3.0
818,2.3050457525644497
819,2.3050457525644497
820,5.0
821,5.0
822,4.962709988945803
823,4.962709988945803
824,4.554768934717284
825,4.833277225892989
826,4.495072339844228
827,5.0
828,5.0
829,2.5
830,2.5
831,4.191088499565067
832,4.191088499565067
833,4.240095056105454
834,4.240095056105454
835,4.070019712072253
836,2.9999999999999996
837,3.9140463842487807
838,5.0
839,4.677527301835104
840,5.0
841,5.0
842,4.500787743401799
843,5.0
844,3.0
845,4.658106935391417
846,1.0
847,1.0
848,3.0
849,3.0
850,2.5
851,2.5
852,4.3353971668724505
853,4.3353971668724505
854,5.0
855,5.0
856,4.210411350546803
857,4.156362632407677
858,4.156362632407677
859,5.0
860,3.9345799852131376
861,4.193192398321901
862,4.4634324787625435
863,4.4634324787625435
864,3.8055902696005366
865,3.8055902696005366
866,4.384253797436711
867,4.530972822564781
868,4.530972822564781
869,3.950170145202823
870,4.0
871,5.0
872,3.7944244665100344
873,5.000000000000001
874,3.4666562237034038
875,3.8814598752768057
876,4.105870807548082
877,4.105870807548082
878,5.0
879,3.444225733549843
880,4.345367748482187
881,4.123030328904405
882,4.123030328904405
883,4.30912552655837
884,4.2706093072278
885,4.2706093072278
886,4.685845498331937
887,3.0
888,3.0
889,4.725663910281889
890,2.5
891,5.0
892,5.0
893,4.444926732930259
894,1.7776115786550588
895,4.366311241602234
896,4.366311241602234
897,3.295391636168124
898,3.9308179265943095
899,3.9308179265943095
900,2.9551309885257235
901,4.933825495967889
902,3.6872531535037893
903,3.6872531535037893
904,4.159553961062491
905,4.159553961062491
906,4.072096567466484
907,4.072096567466484
908,5.0
909,3.416185941880814
910,3.416185941880814
911,4.4935255640661165
912,5.0
913,4.162736238418373
914,4.162736238418373
915,5.0
916,4.5366673131736395
917,5.0
918,5.0
919,4.589575090191713
920,4.589575090191713
921,3.6725086297755345
922,3.3465736488831856
923,5.0
924,4.536194934818613
925,4.536194934818613
926,4.168644948535036
927,4.043864353507673
928,4.364723370939461
929,3.4901787543880243
930,3.462852179279273
931,4.130920085337178
932,4.130920085337178
933,4.0
934,4.0
935,4.0177184019879935
936,4.999999999999999
937,4.999999999999999
938,3.096618879020331
939,5.0
940,5.0
941,5.0
942,4.643393933455618
943,2.9274504425358048
944,2.9274504425358048
945,4.502753324515178
946,4.0
947,2.0
948,4.856285283572887
949,4.365410912912304
950,4.365410912912304
951,4.709659500934833
952,5.0
953,2.926895631459509
954,4.072441913270778
955,4.137097863749341
956,2.118301143555859
957,4.507761787846087
958,4.507761787846087
959,5.0
960,2.5
961,2.5
962,3.0
963,3.0
964,5.0
965,5.0
966,3.434112198671572
967,3.434112198671572
968,4.943431274993064
969,4.0
970,4.47944478257946
971,3.8206490565446742
972,1.0
973,1.0
974,4.674066988184463
975,3.424492665096908
976,3.424492665096908
977,2.4009906797470544
978,3.7753987612640625
979,2.9387193350714433
980,2.9387193350714433
981,4.725224066331759
982,4.644561288298121
983,2.5
984,3.5330490373682553
985,3.5330490373682553
986,5.0
987,4.947772493788567
988,4.075123139556907
989,4.075123139556907
990,4.10113353721244
991,4.10113353721244
992,4.5391883434737625
993,4.6991377405602295
994,4.6991377405602295
995,5.0
996,2.5
997,2.5
998,2.5
999,4.565705945362405
1000,3.5981836784587142
1001,3.5981836784587142
1002,4.626273093988066
1003,4.095164795674755
1004,3.988837598764838
1005,3.988837598764838
1006,4.5619056538572105
1007,4.5619056538572105
1008,3.697064986132764
1009,3.697064986132764
1010,4.108452639298987
1011,4.037182513065656
1012,2.7979673605420308
1013,4.268637721208929
1014,3.749878265300858
1015,5.0
1016,4.738320806670369
1017,3.567589485864773
1018,2.5
1019,5.0
1020,3.8425812359717204
1021,3.8425812359717204
1022,4.808141730675809
1023,2.5
1024,5.0
1025,5.0
1026,2.5
1027,4.4517530110629275
1028,4.4517530110629275
1029,4.999999999999999
1030,4.707802896999128
1031,4.0
1032,3.8891196870495826
1033,4.999999999999999
1034,4.907395204539428
1035,5.0
1036,2.5
1037,3.4357168297217164
1038,3.4357168297217164
1039,2.9202551958752623
1040,2.9202551958752623
1041,4.537241107163605
1042,4.029764865810786
1043,4.029764865810786
1044,4.311855557805957
1045,4.376631001950377
1046,4.457288414670911
1047,3.5887250414041745
1048,4.385883845754751
1049,4.385883845754751
1050,4.21271361374283
1051,5.0
1052,2.5
1053,2.5
1054,4.72984728167919
1055,4.687211356364374
1056,4.687211356364374
1057,4.020413106656294
1058,4.366861276135806
1059,3.9752555902536524
1060,5.0
1061,4.688548534852044
1062,4.808189250153796
1063,4.0425550354660444
1064,4.6336507923197345
1065,3.0000000000000004
1066,4.495432343126822
1067,4.495432343126822
1068,3.5492701672801377
1069,5.0
1070,3.2334197415768786
1071,4.150558130581345
1072,4.150558130581345
1073,5.0
1074,5.0
1075,5.0
1076,3.750624392723354
1077,3.750624392723354
1078,4.30484847995275
1079,3.5823351428015084
1080,4.380233665567683
1081,4.380233665567683
1082,5.0
1083,1.7362950668216703
1084,1.7362950668216703
1085,4.6960736899924145
1086,4.573683163659685
1087,4.573683163659685
1088,4.707278564130212
1089,4.333055711574732
1090,4.85740117388512
1091,3.5084751989738807
1092,4.7155904395644885
1093,4.7155904395644885
1094,5.0
1095,5.0
1096,1.0
1097,1.0
1098,4.009241251695168
1099,4.009241251695168
1100,2.5
1101,4.751421312901729
1102,4.697037743020791
1103,3.4641152216840747
1104,4.430637567480546
1105,4.656787110817526
1106,3.2871177484869087
1107,3.2871177484869087
1108,3.8774624520055943
1109,3.8774624520055943
1110,4.405116708645009
1111,5.0
1112,4.8538870590510665
1113,5.0
1114,4.303236024872531
1115,4.405516659539542
1116,4.405516659539542
1117,4.549729372117871
1118,4.280406518589986
1119,2.9999999999999996
1120,4.7208184237916715
1121,4.0
1122,5.0
1123,4.292402398838929
1124,4.292402398838929
1125,3.1699960693056366
1126,3.1699960693056366
1127,2.5370659317231707
1128,2.5370659317231707
1129,5.0
1130,3.900293593196501
1131,3.900293593196501
1132,4.0
1133,4.326340890539291
1134,4.326340890539291
1135,4.601432423857317
1136,4.144196914357814
1137,2.1234908580735077
1138,5.0
1139,5.0
1140,4.264472960157937
1141,2.5
1142,3.0
1143,4.73081347885247
1144,4.756227261136147
1145,5.0
1146,5.0
1147,4.836663652511569
1148,5.000000000000001
1149,5.000000000000001
1150,4.856129825250128
1151,4.856129825250128
1152,4.808662801036211
1153,4.087459204317348
1154,4.968997729280789
1155,4.968997729280789
1156,4.5738944688463405
1157,5.0
1158,4.756785747230123
1159,4.756785747230123
1160,4.82016797945556
1161,3.796593528451273
1162,4.224155594851708
1163,4.513461331250099
1164,4.513461331250099
1165,5.0
1166,5.0
1167,5.0
1168,2.8559931166077344
1169,4.359830152531378
1170,5.0
1171,4.141787979486466
1172,4.141787979486466
1173,2.5
1174,2.5
1175,2.5
1176,1.692988304459376
1177,1.692988304459376
1178,4.560029324394292
1179,4.053923158141616
1180,4.643724173444607
1181,4.523364707452748
1182,4.523364707452748
1183,4.964383582940051
1184,4.964383582940051
1185,5.000000000000001
1186,5.0
1187,2.0
1188,5.000000000000001
1189,2.8678892949062282
1190,4.0
1191,4.0
1192,3.1887239198762987
1193,3.1887239198762987
1194,4.725250850017258
1195,4.776701357936086
1196,2.5
1197,4.0
1198,4.100487683605132
1199,4.844293133915214
1200,4.384230305580443
1201,4.065347294349299
1202,3.4766823252347656
1203,3.659688957095097
1204,3.2362046670291593
1205,5.0
1206,4.188826310290833
1207,4.188826310290833
1208,4.8917053916714535
1209,4.697911643357378
1210,4.709402721873466
1211,3.500610510723585
1212,2.5
1213,4.646937677940856
1214,2.0
1215,2.0
1216,5.0
1217,4.476647328841596
1218,4.870877677539416
1219,5.0
1220,5.0
1221,3.0
1222,5.0
1223,4.155340232528297
1224,4.156757325165384
1225,3.833617164493166
1226,3.3465736488831856
1227,3.019038423361085
1228,3.019038423361085
1229,4.478181701325834
1230,4.467024633885453
1231,4.467024633885453
1232,5.0
1233,3.9407697557113615
1234,4.755109745153805
1235,4.617147876274993
1236,4.617147876274993
1237,4.277362595305772
1238,5.0
1239,2.0
1240,5.0
1241,4.372931102110209
1242,5.0
1243,5.0
1244,5.0
1245,5.0
1246,4.651774059306052
1247,4.651774059306052
1248,4.295468278663098
1249,4.411435952775857
1250,4.705646194162902
1251,3.860188459392162
1252,4.653575745897501
1253,3.7056200523067258
1254,4.999999999999999
1255,4.999999999999999
1256,5.0
1257,3.266319386401794
1258,3.266319386401794
1259,2.5
1260,5.0
1261,5.0
1262,3.2280068779021396
1263,2.5527846394040585
1264,2.5527846394040585
1265,4.4541529062789555
1266,4.02374368152161
1267,4.02374368152161
1268,4.276349189210122
1269,4.276349189210122
1270,5.0
1271,3.6725380887919536
1272,3.6725380887919536
1273,4.0
1274,1.5502859118369798
1275,1.5502859118369798
1276,5.0
1277,4.03376058642751
1278,4.03376058642751
1279,4.903039688093488
1280,4.2847129435145295
1281,2.1693701880226417
1282,2.1693701880226417
1283,3.508270951470821
1284,3.508270951470821
1285,5.0
1286,3.7842434758331804
1287,3.7842434758331804
1288,4.0
1289,2.2804922178658087
1290,4.458770029293754
1291,4.458770029293754
1292,4.412571273391375
1293,4.107448323347556
1294,3.97467585456957
1295,4.300700394444904
1296,4.2724112718268605
1297,4.2724112718268605
1298,3.414920470352339
1299,3.414920470352339
1300,4.8657002789938675
1301,4.704608363831876
1302,5.0
1303,3.485217019532682
1304,3.485217019532682
1305,4.1813097676768844
1306,4.1813097676768844
1307,3.871577163011422
1308,4.631323727811768
1309,2.5
1310,2.5
1311,4.292034474445345
1312,4.0
1313,4.431564713001693
1314,4.039145723414321
1315,4.164570000437217
1316,4.351902450249577
1317,4.0
1318,3.5497053359658346
1319,4.101108490483474
1320,4.101108490483474
1321,3.9303095265307646
1322,3.9303095265307646
1323,3.989623557931394
1324,3.989623557931394
1325,4.617151314098897
1326,4.383547976450178
1327,4.810198853599586
1328,3.003093946391057
1329,4.807932274586563
1330,3.8450429921942364
1331,4.405134989277686
1332,2.5
1333,2.5
1334,3.743221666425199
1335,5.000000000000001
1336,3.623525183484507
1337,4.2508589588291255
1338,4.2508589588291255
1339,4.451769822744812
1340,3.899712811952379
1341,2.325555307878675
1342,3.8131479021351793
1343,3.8131479021351793
1344,4.047645613149677
1345,4.064889320920808
1346,2.5
1347,4.657108865319719
1348,4.097056920259031
1349,3.7126028266034874
1350,3.9618761658565274
1351,3.9618761658565274
1352,4.762476004106777
1353,4.4251378394387375
1354,4.484675200121217
1355,4.11322104647584
1356,3.626824250195006
1357,3.626824250195006
1358,3.7864509441893355
1359,3.7864509441893355
1360,2.690548200027929
1361,5.0
1362,4.526576680819344
1363,3.522030838499589
1364,3.0000000000000004
1365,5.000000000000001
1366,4.0
1367,4.0
1368,2.6727045204015445
1369,2.6727045204015445
1370,5.0
1371,4.40480640747316
1372,4.40480640747316
1373,4.578197109525738
1374,4.285656787760979
1375,4.285656787760979
1376,4.999999999999999
1377,3.0
1378,4.0
1379,3.111052149422455
1380,4.999999999999999
1381,4.999999999999999
1382,3.054303523741329
1383,4.625133697222706
1384,4.578128469797051
1385,4.578128469797051
1386,4.0
1387,4.773263394176901
1388,4.773263394176901
1389,4.630379196672245
1390,4.0
1391,5.0
1392,5.0
1393,5.0
1394,4.881498581680802
1395,5.0
1396,4.0
1397,5.0
1398,4.243681313397125
1399,4.088746736148962
1400,2.5
1401,5.0
1402,4.545170202441209
1403,5.0
1404,5.0
1405,2.777611578655059
1406,2.777611578655059
1407,4.320306595247501
1408,4.320306595247501
1409,3.0
1410,3.0
1411,1.0
1412,1.0
1413,4.438895132315856
1414,4.438895132315856
1415,4.577117457172399
1416,2.5
1417,4.117582674489716
1418,2.5
1419,4.0
1420,2.0
1421,2.0
1422,2.9475934081428123
1423,3.5762266483414766
1424,2.5
1425,4.2330156750421715
1426,5.0
1427,4.319533239378618
1428,2.5
1429,5.0
1430,4.0
1431,4.368049717043784
1432,4.035937330862267
1433,4.1867410381271215
1434,4.0
1435,4.999999999999999
1436,4.999999999999999
1437,4.547937952219509
1438,4.547937952219509
1439,5.0
1440,5.0
1441,4.277681291075486
1442,5.0
1443,4.602958013768729
1444,5.0
1445,4.413244756025791
1446,5.0
1447,5.0
1448,4.0
1449,4.450104496275555
1450,4.999999999999999
1451,4.440914518684117
1452,2.5
1453,2.5
1454,4.3999886831495525
1455,2.5
1456,2.5
1457,4.670495353899837
1458,4.670495353899837
1459,4.513614619490703
1460,5.0
1461,5.0
1462,2.5
1463,3.995167365672787
1464,2.5
1465,2.5
1466,4.850473345943321
1467,4.649407034960479
1468,4.0
1469,4.502113871762976
1470,2.0
1471,2.0
1472,3.968699096760657
1473,3.968699096760657
1474,5.0
1475,1.9167938074200472
1476,4.814451064703955
1477,4.077431201455797
1478,4.879659141359502
1479,4.879659141359502
1480,4.3534117790165086
1481,4.0
1482,4.578039083538963
1483,4.578039083538963
1484,5.0
1485,3.74027173038464
1486,4.404574987356728
1487,3.544497872686275
1488,3.1768904675121807
1489,3.1768904675121807
1490,4.0
1491,5.0
1492,5.0
1493,3.5523587542288344
1494,4.0
1495,3.8629787438190477
1496,4.0
1497,4.1978368411248
1498,5.0
1499,5.0
1500,4.709491964076559
1501,5.0
1502,3.8812757096807715
1503,3.8812757096807715
1504,4.035148962248858
1505,4.0
1506,4.0
1507,4.228785416146953
1508,5.0
1509,4.285327881344998
1510,3.3361981995816294
1511,3.554886506279088
1512,3.4053690523558466
1513,5.0
1514,4.96935950149021
1515,5.0
1516,5.0
1517,5.0
1518,2.9313701462488964
1519,2.9313701462488964
1520,4.5148534703929295
1521,2.5
1522,2.5
1523,5.0
1524,5.0
1525,4.0
1526,4.0
1527,5.0
1528,3.0
1529,4.0
1530,2.0
1531,2.0
1532,4.208165266923594
1533,4.0
1534,3.761320604900529
1535,4.0
1536,4.0
1537,2.7846656448885585
1538,4.125081589261609
1539,4.266082836913871
1540,4.624797888776739
1541,4.999999999999999
1542,3.8537930099762705
1543,3.8537930099762705
1544,4.999999999999999
1545,2.503704430387551
1546,4.597926521725257
1547,4.0
1548,4.0
1549,4.216517977972433
1550,3.8435830065999053
1551,4.999999999999999
1552,4.0
1553,3.0000000000000004
1554,3.0000000000000004
1555,5.0
1556,5.0
1557,5.0
1558,4.40717371353175
1559,3.653546136175543
1560,3.4183972132485647
1561,4.432163171966027
1562,4.432163171966027
1563,5.0
1564,3.0731350424749118
1565,3.0731350424749118
1566,3.604360447237531
1567,5.0
1568,4.0
1569,4.72812699154553
1570,4.72812699154553
1571,4.0
1572,4.783617201633596
1573,4.0
1574,4.396119558943563
1575,5.0
1576,3.0
1577,3.0
1578,4.141776291045026
1579,4.620542241115218
1580,4.620542241115218
1581,3.8681430762491247
1582,4.48041367237736
1583,5.0
1584,3.671828137534694
1585,5.0
1586,5.0
1587,2.9999999999999996
1588,1.0
1589,4.0
1590,1.0
1591,4.0
1592,5.0
1593,2.5
1594,2.5
1595,5.0
1596,4.0
1597,4.0
1598,5.0
1599,4.39829539308783
1600,3.693147297766371
1601,4.245776388098346
1602,4.511752642134389
1603,4.410239794902451
1604,4.0
1605,4.332720175907236
1606,4.322105568611675
1607,4.843364933105599
1608,4.3603504669541095
1609,4.655534667638328
1610,4.427890800328213
1611,4.149423515094476
1612,4.457047392973166
1613,4.364471098465389
1614,4.0
1615,3.89595274573632
1616,3.89595274573632
1617,3.4456193465692486
1618,4.067637782743706
1619,4.067637782743706
1620,4.0
1621,3.7755629203996315
1622,3.7755629203996315
1623,3.86278532881627
1624,3.86278532881627
1625,4.156180403958223
1626,5.0
1627,1.0
1628,5.0
1629,4.538283163735072
1630,4.098630587156129
1631,5.0
1632,5.0
1633,4.264903532048257
1634,5.0
1635,5.0
1636,3.9638359755389128
1637,4.0
1638,4.272022441295428
1639,4.999999999999999
1640,2.421339812026629
1641,3.0000000000000004
1642,5.0
1643,5.0
1644,5.0
1645,4.5327143633507125
1646,5.0
1647,3.8559506713104934
1648,3.9925676335318045
1649,2.5
1650,4.6388601587831015
1651,4.011073015585122
1652,4.548939201377571
1653,2.7846656448885585
1654,3.0
1655,3.0
1656,3.826324918839288
1657,2.0
1658,2.5
1659,5.0
1660,3.2546472834990348
1661,4.375376256358946
1662,4.0
1663,4.0
1664,4.052493419906054
1665,4.052493419906054
1666,4.314581759484941
1667,3.0
1668,4.0
1669,3.7801173739038125
1670,4.695234588247002
1671,5.0
1672,5.0
1673,5.0
1674,4.181911119899409
1675,5.0
1676,3.6559812804319143
1677,3.6559812804319143
1678,4.909410780682697
1679,5.0
1680,5.0
1681,5.0
1682,4.753149727259946
1683,5.0
1684,4.672036590281205
1685,4.147285114582042
1686,4.147285114582042
1687,3.999609230171662
1688,4.221711744646931
1689,3.742636853357884
1690,3.742636853357884
1691,5.0
1692,2.9999999999999996
1693,4.454674849140754
1694,3.7637953329708407
1695,4.0
1696,3.9920398079562074
1697,4.5336285443582005
1698,4.399775026548732
1699,3.8410570034092424
1700,3.8438423011200515
1701,2.5
1702,4.188366011641063
1703,3.931726048435704
1704,3.931726048435704
1705,4.608874297307228
1706,4.608874297307228
1707,4.109524865891659
1708,4.109524865891659
1709,3.1335622988923415
1710,4.564956733689051
1711,2.5
1712,2.5
1713,4.0
1714,4.776457704555263
1715,5.0
1716,4.2485940360507435
1717,4.2485940360507435
1718,4.456711496793208
1719,4.636548197395051
1720,4.636548197395051
1721,4.483957668721355
1722,4.3078450226786655
1723,4.0
1724,5.0
1725,5.0
1726,4.176434600558283
1727,4.194862359275919
1728,4.5778028584848425
1729,4.5778028584848425
1730,4.401159854213736
1731,4.181581876369237
1732,5.0
1733,3.6008444260428947
1734,2.222556041891529
1735,4.0
1736,5.000000000000001
1737,2.5
1738,3.271336819355165
1739,5.0
1740,5.0
1741,5.0
1742,3.0
1743,3.437174557089388
1744,3.437174557089388
1745,5.000000000000001
1746,5.000000000000001
1747,2.5
1748,3.0
1749,3.7674162299606926
1750,3.7674162299606926
1751,4.0
1752,2.5
1753,4.0
1754,4.0
1755,5.0
1756,5.0
1757,5.0
1758,5.0
1759,2.5
1760,4.0
1761,4.134098909728882
1762,4.134098909728882
1763,2.5
1764,3.0000000000000004
1765,3.0000000000000004
1766,3.8332384727730116
1767,3.9437805484756026
1768,3.9437805484756026
1769,4.588366981810599
1770,5.0
1771,5.0
1772,5.0
1773,4.585712777565689
1774,4.0
1775,5.0
1776,5.0
1777,2.9999999999999996
1778,5.0
1779,5.0
1780,2.5
1781,4.0
1782,5.0
1783,2.9999999999999996
1784,4.201641296723914
1785,4.696676534821719
1786,4.696676534821719
1787,5.0
1788,3.5860852490887214
1789,4.355176923319952
1790,3.936006754698594
1791,3.5842616319308482
1792,3.5842616319308482
1793,5.0
1794,2.52686796891332
1795,2.52686796891332
1796,2.1097730125581773
1797,2.1097730125581773
1798,3.952723028308134
1799,4.0
1800,5.0
1801,5.0
1802,3.501546973195529
1803,5.0
1804,5.0
1805,5.0
1806,4.230182733342643
1807,2.5
1808,4.172251118469034
1809,3.5305041842946223
1810,3.5305041842946223
1811,4.999999999999999
1812,5.0
1813,5.0
1814,4.82494920199139
1815,3.782611727920308
1816,2.0
1817,4.456701462558582
1818,3.4889594873242196
1819,4.628976047464956
1820,4.457590105361776
1821,4.457590105361776
1822,5.0
1823,5.0
1824,2.9999999999999996
1825,1.0
1826,3.295736617020195
1827,5.0
1828,5.0
1829,4.555511472036208
1830,3.853401771657858
1831,2.0
1832,2.0
1833,4.3706798122749895
1834,2.5
1835,4.269341789197805
1836,5.0
1837,5.0
1838,4.0
1839,4.0
1840,4.0
1841,5.0
1842,5.0
1843,4.831742819378465
1844,4.0
1845,5.0
1846,5.0
1847,5.0
1848,4.519033252360206
1849,5.0
1850,5.0
1851,4.526508569562768
1852,4.0
1853,4.130920427818005
1854,4.130920427818005
1855,4.999999999999999
1856,3.9727676758379387
1857,5.0
1858,3.0
1859,4.517599375230889
1860,5.0
1861,5.0
1862,4.133283437099213
1863,3.430727810526184
1864,3.291779899597704
1865,4.999999999999999
1866,4.999999999999999
1867,1.0
1868,1.0
1869,4.775375238690641
1870,4.775375238690641
1871,3.793047627116991
1872,2.6088190431858336
1873,2.6088190431858336
1874,5.0
1875,5.0
1876,4.0
1877,4.999999999999999
1878,4.0
1879,5.0
1880,4.52943251113594
1881,4.52943251113594
1882,2.9999999999999996
1883,4.666771694898868
1884,4.275286742839847
1885,4.548434807606027
1886,4.0
1887,4.0
1888,3.4683151667165735
1889,4.598889548970028
1890,4.598889548970028
1891,2.9606877863978855
1892,4.0
1893,4.0
1894,3.239822624544198
1895,3.239822624544198
1896,2.9999999999999996
1897,4.0
1898,4.836699427608192
1899,4.882692045331773
1900,4.946373636078041
1901,4.946373636078041
1902,4.706415280148685
1903,4.706415280148685
1904,4.310198829413411
1905,4.5923100233637255
1906,3.4397056109916218
1907,3.4397056109916218
1908,5.0
1909,2.5
1910,2.5
1911,5.0
1912,2.0
1913,4.0
1914,3.5990093202529456
1915,5.0
1916,2.5
1917,4.0
1918,2.4298141654695633
1919,2.4298141654695633
1920,4.595176003648793
1921,5.0
1922,5.0
1923,5.0
1924,3.6516399646161206
1925,5.0
1926,3.5801839747361064
1927,3.5801839747361064
1928,4.999999999999999
1929,2.1415676304944418
1930,4.88014528072781
1931,5.0
1932,4.0
1933,5.0
1934,4.616074903360773
1935,5.0
1936,5.0
1937,4.044741918268048
1938,2.5
1939,4.999999999999999
1940,4.291263155318367
1941,5.0
1942,5.0
1943,3.693082318794882
1944,3.693082318794882
1945,5.0
1946,5.0
1947,4.542159361636569
1948,5.0
1949,2.5
1950,2.5
1951,5.0
1952,5.0
1953,3.0
1954,4.357068669965755
1955,4.357068669965755
1956,3.5781407751420606
1957,4.171901026214121
1958,4.171901026214121
1959,3.175486661238826
1960,3.175486661238826
1961,4.0
1962,4.693625837250911
1963,5.0
1964,5.0
1965,2.5
1966,1.602739322342988
1967,5.0
1968,4.751966529886006
1969,2.0
1970,2.0
1971,4.213960526821938
1972,3.4418806827154453
1973,2.5
1974,4.0
1975,2.5
1976,5.0
1977,4.385371708222138
1978,5.000000000000001
1979,5.0
1980,4.999999999999999
1981,2.5
1982,5.0
1983,2.5
1984,5.0
1985,5.0
1986,2.797355927553304
1987,2.797355927553304
1988,4.564182346513075
1989,4.210020365670054
1990,4.210020365670054
1991,5.0
1992,5.0
1993,4.19615307645729
1994,4.083348420675377
1995,4.083348420675377
1996,3.7860111880481013
1997,1.0
1998,1.0
1999,4.14722404653179
2000,4.602958013768729
2001,4.0
2002,4.0
2003,5.0
2004,4.2787892519984885
2005,5.0
2006,5.0
2007,5.0
2008,4.441653004835418
2009,4.0
2010,4.294676108317507
2011,4.0
2012,4.0
2013,3.788924313183602
2014,5.0
2015,2.5
2016,5.0
2017,4.106810070058889
2018,4.0
2019,2.5
2020,2.5
2021,5.0
2022,5.0
2023,4.243538374905854
2024,4.0
2025,4.0
2026,2.5
2027,2.5
2028,4.0
2029,4.0
2030,4.610513878804575
2031,5.0
2032,5.0
2033,2.248289684581703
2034,3.1408625925202704
2035,4.547539360216528
2036,4.547539360216528
2037,2.5
2038,4.0
2039,4.464378141398682
2040,4.464378141398682
2041,4.212611758332968
2042,1.0
2043,3.412581156557543
2044,4.884535087405164
2045,4.999999999999999
2046,5.0
2047,5.0
2048,5.0
2049,3.825729703051301
2050,5.0
2051,3.0
2052,4.1074094782627135
2053,4.1074094782627135
2054,4.435248607744642
2055,5.0
2056,4.009086854127776
2057,5.0
2058,5.0
2059,4.475825907792201
2060,4.475825907792201
2061,5.0
2062,3.520524773147069
2063,4.787106683720057
2064,4.787106683720057
2065,2.5
2066,4.797658043592305
2067,4.504997772266735
2068,4.888755065893263
2069,1.619509014276831
2070,3.6200904761063333
2071,3.6200904761063333
2072,3.0
2073,5.0
2074,5.0
2075,4.0
2076,2.5
2077,4.0
2078,5.0
2079,4.0
2080,4.606644299551436
2081,5.0
2082,4.999999999999999
2083,4.999999999999999
2084,5.0
2085,5.0
2086,4.242444386749859
2087,4.242444386749859
2088,4.0
2089,3.3965572539631728
2090,1.0
2091,4.0
2092,5.0
2093,4.0
2094,5.0
2095,3.0000000000000004
2096,3.0000000000000004
2097,4.73160862807134
2098,4.999999999999999
2099,1.0
2100,4.326677524835217
2101,3.0
2102,4.3884399320027345
2103,4.3884399320027345
2104,4.0
2105,4.0
2106,5.0
2107,4.692758254849792
2108,4.0
2109,3.472168645368907
2110,3.724003346875926
2111,3.0060008937284297
2112,4.36198867280921
2113,4.2078382598748085
2114,4.0
2115,5.0
2116,4.0
2117,5.0
2118,5.0
2119,5.0
2120,4.189310584366585
2121,4.0
2122,4.581776003831162
2123,5.0
2124,2.5
2125,2.5
2126,5.0
2127,3.5365768358083116
2128,4.0
2129,4.731437884477881
2130,3.5847348452775507
2131,3.5847348452775507
2132,1.0
2133,1.0
2134,4.287210453206429
2135,3.5285585580503893
2136,3.539051478756601
2137,4.0
2138,5.0
2139,4.375376256358946
2140,4.296357099862774
2141,4.296357099862774
2142,5.0
2143,5.0
2144,5.0
2145,4.103988841013612
2146,5.0
2147,4.569582694136636
2148,4.569582694136636
2149,4.486601011023703
2150,3.0000000000000004
2151,3.0000000000000004
2152,5.0
2153,2.5
2154,3.0
2155,2.5
2156,5.0
2157,5.0
2158,5.0
2159,5.0
2160,4.178255833470845
2161,3.0000000000000004
2162,2.5
2163,5.0
2164,2.5524194611653086
2165,3.5497053359658346
2166,4.065520206266751
2167,4.031946218285806
2168,4.683906960330803
2169,4.0
2170,5.0
2171,4.0160207123567835
2172,5.0
2173,5.0
2174,2.5
2175,2.5
2176,3.983392291103022
2177,3.983392291103022
2178,4.357997268848628
2179,4.228084929056552
2180,4.794855510752194
2181,5.0
2182,5.0
2183,5.0
2184,5.0
2185,4.0
2186,4.05829257778478
2187,4.999999999999999
2188,4.225172728252432
2189,4.838195243583168
2190,4.838195243583168
2191,5.0
2192,4.027248046625867
2193,5.0
2194,5.0
2195,4.040307427703203
2196,5.0
2197,5.0
2198,4.115872634992523
2199,4.115872634992523
2200,2.5
2201,2.5
2202,2.5
2203,4.0
2204,3.0000000000000004
2205,4.0
2206,3.693147297766371
2207,2.0
2208,3.0442013751409602
2209,3.0442013751409602
2210,4.555462824789416
2211,5.0
2212,4.0
2213,4.0
2214,2.5
2215,5.0
2216,5.0
2217,4.1245330075523405
2218,4.422063143858711
2219,4.0
2220,4.741627454247383
2221,3.32508511622949
2222,2.5
2223,3.7083581581576492
2224,2.5
2225,2.5
2226,5.0
2227,4.0
2228,4.248122606510745
2229,5.0
2230,5.0
2231,3.7846656448885585
2232,5.0
2233,4.999999999999999
2234,4.999999999999999
2235,4.0
2236,1.0
2237,2.5
2238,2.5
2239,2.9999999999999996
2240,2.5
2241,2.5
2242,5.0
2243,5.0
2244,4.333567390546505
2245,3.5498220766987982
2246,4.800385038059311
2247,4.800385038059311
2248,4.0
2249,2.5
2250,3.412830560297371
2251,5.0
2252,5.0
2253,4.105285055439527
2254,5.0
2255,2.9999999999999996
2256,4.781925600235004
2257,5.0
2258,5.0
2259,5.0
2260,5.0
2261,2.5
2262,4.0
2263,4.0
2264,2.5
2265,4.312153808666137
2266,4.831992479097163
2267,4.831992479097163
2268,4.0
2269,4.428812724388209
2270,4.428812724388209
2271,4.049787481485548
2272,4.0
2273,3.0
2274,5.0
2275,4.76234996335557
2276,5.0
2277,5.0
2278,4.384497341879369
2279,2.5
2280,5.0
2281,4.199956814290354
2282,4.999999999999999
2283,3.4116330181894017
2284,4.755833976522789
2285,4.204712728400327
2286,5.0
2287,2.5
2288,2.5
2289,2.5
2290,5.0
2291,4.578462287739003
2292,1.9204915042293977
2293,3.1942389993005342
2294,4.609688546606681
2295,4.871545391264718
2296,4.0
2297,5.0
2298,4.663053789074849
2299,4.663053789074849
2300,4.356138757890289
2301,5.0
2302,4.5657550594501215
2303,5.0
2304,5.0
2305,4.0
2306,3.0
2307,3.0
2308,5.0
2309,5.0
2310,4.0
2311,5.0
2312,4.339647723224036
2313,4.339647723224036
2314,5.0
2315,4.0
2316,4.0
2317,5.0
2318,1.0
2319,5.0
2320,5.0
2321,5.0
2322,2.5
2323,3.5498220766987982
2324,3.678173446951053
2325,3.6478003810438486
2326,5.0
2327,4.0
2328,4.0
2329,4.0
2330,5.000000000000001
2331,4.0
2332,2.9999999999999996
2333,4.736104890599217
2334,2.5
2335,2.5
2336,5.0
2337,4.0
2338,4.0
2339,3.2009420075731683
2340,5.0
2341,5.0
2342,5.0
2343,4.093692828653824
2344,5.0
2345,5.0
2346,4.355869135438329
2347,5.0
2348,1.0
2349,4.0
2350,2.5
2351,4.0
2352,2.5
2353,3.0
2354,4.0
2355,5.0
2356,5.0
2357,5.0
2358,2.496295569612449
2359,4.215345267191416
2360,2.5
2361,2.1097730125581773
2362,4.414958619289697
2363,2.5
2364,4.999999999999999
2365,2.5
2366,2.5
2367,4.0
2368,4.0
2369,5.0
2370,2.5
2371,4.0
2372,2.5
2373,5.0
2374,5.0
2375,5.0
2376,5.0
2377,4.701310950463391
2378,4.277443253139544
2379,4.0
2380,4.0
2381,2.5
2382,3.757143245326627
2383,2.5
2384,4.745483469935443
2385,5.0
2386,4.0
2387,4.443398546705954
2388,5.0
2389,3.9051730877256468
2390,3.9051730877256468
2391,4.523221208299647
2392,5.0
2393,5.0
2394,5.0
2395,5.0
2396,4.539602319355042
2397,2.5
2398,2.5
2399,2.5
2400,3.0
2401,4.7322433566353
2402,3.0
2403,2.8141043746848653
2404,5.0
2405,2.0
2406,2.0
2407,1.0
2408,5.0
2409,4.694254934411999
2410,4.694254934411999
2411,5.0
2412,3.0
2413,4.116821856902192
2414,2.0
2415,3.515333146371242
2416,4.072592318841275
2417,2.2194529532209564
2418,2.2194529532209564
2419,4.396055009419573
2420,4.084331796223606
2421,4.084331796223606
2422,1.836989859759374
2423,5.0
2424,5.0
2425,4.0
2426,4.0
2427,2.9999999999999996
2428,4.6999446858856855
2429,5.000000000000001
2430,5.0
2431,4.287108721772349
2432,5.0
2433,5.0
2434,5.0
2435,5.0
2436,5.000000000000001
2437,5.0
2438,5.0
2439,4.59820610680145
2440,4.49207236182632
2441,5.0
2442,5.0
2443,5.0
2444,4.0
2445,4.0
2446,4.0
2447,3.0731350424749118
2448,3.0731350424749118
2449,5.0
2450,4.564563128905753
2451,4.999999999999998
2452,5.0
2453,5.0
2454,4.300676812893401
2455,2.0
2456,5.0
2457,5.0
2458,2.5
2459,2.5
2460,3.340745954295516
2461,3.0
2462,5.0
2463,5.0
2464,5.0
2465,3.516265406361116
2466,4.850473345943321
2467,5.000000000000001
2468,2.5
2469,2.5
2470,3.965685073124448
2471,3.965685073124448
2472,5.0
2473,3.5477361377318513
2474,4.254549632194479
2475,4.0
2476,4.0
2477,5.0
2478,4.790953740745936
2479,2.5
2480,2.5
2481,2.0
2482,5.0
2483,5.0
2484,4.411661254200988
2485,2.5
2486,2.5
2487,3.8599778250376584
2488,3.5990093202529456
2489,2.5
2490,4.712662648784997
2491,4.07549619194743
2492,5.0
2493,5.0
2494,3.392332822444279
2495,2.5
2496,5.0
2497,2.5
2498,3.598981502189261
2499,2.5
2500,2.5
2501,2.5341919058007134
2502,2.0
2503,2.0
2504,5.0
2505,4.110788382094312
2506,4.627697044564168
2507,4.0
2508,3.0000000000000004
2509,3.0
2510,3.0
2511,5.0
2512,5.0
2513,2.9999999999999996
2514,5.0
2515,2.0
2516,2.0
2517,3.337289897070071
2518,5.000000000000001
2519,5.0
2520,5.0
2521,4.351171525400366
2522,4.351171525400366
2523,4.0
2524,4.0
2525,3.115664541883396
2526,5.0
2527,2.5
2528,2.5
2529,5.0
2530,5.0
2531,2.5
2532,4.432251794086742
2533,3.5529822395784776
2534,5.0
2535,5.0
2536,3.7590719812451345
2537,3.7590719812451345
2538,4.0
2539,4.245820705202475
2540,2.5
2541,4.8034105340704265
2542,5.0
2543,3.0
2544,4.0
2545,5.0
2546,5.0
2547,2.5
2548,4.3716108332126
2549,4.0
2550,5.0
2551,2.5
2552,5.0
2553,5.0
2554,5.0
2555,3.571863533107167
2556,4.0
2557,2.5
2558,3.5008628960386643
2559,4.0
2560,3.0
2561,4.731717778050791
2562,2.9999999999999996
2563,5.0
2564,5.0
2565,3.848411271628513
2566,1.0
2567,4.0
2568,4.0
2569,2.5
2570,5.0
2571,4.138735917937907
2572,5.0
2573,2.5
2574,5.0
2575,5.0
2576,5.0
2577,5.0
2578,4.779979023284152
2579,4.779979023284152
2580,4.999999999999999
2581,2.7846656448885585
2582,2.5
2583,4.214085042523074
2584,4.0
2585,4.0
2586,4.0
2587,5.0
2588,3.0
2589,2.5
2590,5.0
2591,2.5
2592,4.0
2593,4.0
2594,5.0
2595,5.0
2596,4.0
2597,3.125623742519317
2598,5.0
2599,2.0
2600,4.0
2601,5.0
2602,4.7777067116530025
2603,4.7777067116530025
2604,4.422012182108118
2605,5.0
2606,5.0
2607,5.0
2608,5.000000000000001
2609,4.0
2610,4.0
2611,2.5
2612,2.5
2613,4.0
2614,5.0
2615,4.265729386840442
2616,2.5
2617,5.000000000000001
2618,3.0
2619,3.599422108809097
2620,5.0
2621,4.396386979728615
2622,3.310513592148211
2623,5.0
2624,3.9428833101661627
2625,2.5
2626,2.5
2627,2.5
2628,4.0
2629,1.3796152646889521
2630,1.0
2631,4.692167753627683
2632,2.5
2633,3.551472390313327
2634,3.551472390313327
2635,2.5
2636,3.415670822713404
2637,5.0
2638,5.0
2639,4.0
2640,2.3627350552475366
2641,5.0
2642,5.0
2643,2.5
2644,2.5
2645,5.0
2646,2.9999999999999996
2647,5.0
2648,5.0
2649,5.0
2650,2.5
2651,2.5
2652,1.0
2653,5.0
2654,4.054636018715985
2655,2.5
2656,4.0
2657,5.0
2658,4.684878775091314
2659,4.999999999999999
2660,5.0
2661,5.0
2662,5.0
2663,5.0
2664,2.6667483966763106
2665,4.752498886133369
2666,4.218133052471318
2667,2.5
2668,4.0
2669,1.3888057893275294
2670,1.3888057893275294
2671,4.686109229653173
2672,3.0000000000000004
2673,4.0
2674,3.485217019532682
2675,5.0
2676,2.5
2677,2.5
2678,4.296682446845672
2679,5.0
2680,5.0
2681,5.0
2682,2.5
2683,4.0
2684,4.0
2685,4.0
2686,4.0
2687,4.312285279836296
2688,4.0
2689,2.5
2690,2.5
2691,2.5
2692,4.0
2693,5.000000000000001
2694,5.000000000000001
2695,3.640158755727591
2696,2.0
2697,5.0
2698,4.4553313457632
2699,3.0
2700,3.0
2701,4.0
2702,4.0
2703,3.7846656448885585
2704,3.0
2705,5.0
2706,2.5
2707,4.295736617020195
2708,3.496718555453038
2709,5.0
2710,2.5
2711,5.0
2712,5.0
2713,2.5
2714,2.5
2715,2.5
2716,1.0
2717,4.0
2718,5.0
2719,5.0
2720,2.0
2721,4.346573648883186
2722,4.0
2723,5.0
2724,2.5
2725,5.0
2726,5.0
2727,4.232904047099643
2728,4.0
2729,4.0
2730,4.0
2731,2.9999999999999996
2732,4.0
2733,4.0
2734,1.0
2735,2.5
2736,4.0
2737,2.0
2738,2.5
2739,4.0
2740,2.5
2741,5.0
2742,4.357997268848628
2743,5.0
2744,4.625455708334772
2745,3.825755963524894
2746,2.5
2747,2.5
2748,2.5
2749,5.0
2750,5.0
2751,5.0
2752,2.0
2753,2.0
2754,2.9999999999999996
2755,5.0
2756,4.0
2757,4.0
2758,5.0
2759,2.5
2760,5.0
2761,5.0
2762,5.0
2763,4.50489102942548
2764,2.5
2765,2.0
2766,2.5
2767,2.9999999999999996
2768,5.0
2769,5.0
2770,4.0
2771,5.0
2772,4.0
2773,5.0
2774,3.2835525820900524
2775,4.616041837109971
2776,5.0
2777,5.0
2778,5.0
2779,5.0
2780,4.23492865908975
2781,5.0
2782,4.0
2783,4.0
2784,2.5
2785,3.392332822444279
2786,3.0
2787,3.0
2788,2.5
2789,5.0
2790,5.0
2791,5.0
2792,4.597493782129402
2793,2.5
2794,4.0
2795,5.0
2796,1.0
2797,5.0
2798,5.0
2799,2.5
2800,5.0
2801,5.0
2802,5.0
2803,5.0
2804,3.2639089337240494
2805,2.5
2806,4.0
2807,4.0
2808,5.0
2809,5.0
2810,4.606499967467308
2811,3.0
2812,4.0
2813,5.0
2814,3.0
2815,5.0
2816,2.5
2817,2.5
2818,4.495527459674118
2819,4.0
2820,2.5
2821,3.1852909885644283
2822,5.0
2823,5.0
2824,4.0
2825,2.5
2826,4.0
2827,2.5
2828,2.5
2829,3.0
2830,4.0
2831,2.5
2832,4.588181706761669
2833,5.0
2834,5.0
2835,1.0
2836,2.5
2837,2.5
2838,4.0
2839,1.0
2840,2.9999999999999996
2841,2.9999999999999996
2842,5.0
2843,5.0
2844,2.5
2845,2.5
2846,5.0
2847,5.0
2848,5.0
2849,5.0
2850,2.5
2851,2.5
2852,5.0
2853,5.0
2854,5.0
2855,5.0
2856,4.63496704713917
2857,5.0
2858,5.0
2859,5.0
2860,2.5
2861,5.0
2862,5.0
2863,2.5
2864,5.0
2865,5.0
2866,5.0
2867,2.5
2868,4.192834670464047
2869,5.0
2870,5.0
2871,4.0
2872,4.1873209320769655
2873,5.0
2874,5.0
2875,4.554090004787633
2876,5.0
2877,2.5
2878,5.0
2879,2.9999999999999996
2880,2.0
2881,5.0
2882,5.0
2883,5.0
2884,2.5
2885,5.0
2886,2.5
2887,2.5
2888,1.0
2889,1.0
2890,5.0
2891,1.0
2892,1.0
2893,4.643930222739657
2894,5.0
2895,5.0
2896,3.0000000000000004
2897,3.0000000000000004
2898,2.5
2899,5.0
2900,2.5
2901,5.0
2902,5.0
2903,5.0
2904,1.0
2905,2.511557135662595
2906,4.0
2907,5.0
2908,4.0
2909,2.5
2910,5.0
2911,5.0
2912,5.0
2913,2.5
2914,4.19164968084573
2915,4.557909424514448
2916,4.557909424514448
2917,5.0
2918,2.5
2919,5.0
2920,5.0
2921,5.0
2922,4.801780208550896
2923,5.0
2924,4.352851935665795
2925,1.0
2926,2.5
2927,5.0
2928,5.0
2929,5.0
2930,5.0
2931,5.0
2932,5.0
2933,5.0
2934,4.0
2935,4.0
2936,5.0
2937,5.0
2938,2.5
2939,1.0
2940,4.0
2941,3.5305041842946223
2942,4.0
2943,4.0
2944,5.0
2945,5.0
2946,5.0
2947,5.0
2948,5.0
2949,2.5
2950,2.5
2951,5.0
2952,5.0
2953,4.8328539092542115
2954,2.7609022400036336
2955,5.0
2956,2.0
2957,5.0
2958,2.5
2959,2.5
2960,2.5
2961,4.0
2962,2.5
2963,2.5
2964,5.0
2965,3.0
2966,3.5762266483414766
2967,5.0
2968,2.5
2969,5.0
2970,4.0
2971,2.5
2972,1.9761767259516334
2973,2.9999999999999996
2974,2.5
2975,2.5
2976,5.0
2977,5.0
2978,5.0
2979,2.5
2980,5.0
2981,2.5
2982,3.0
2983,5.0
2984,5.0
2985,5.0
2986,5.0
2987,5.0
2988,4.0
2989,2.5
2990,5.0
2991,1.0
2992,2.5
2993,2.5
2994,5.0
2995,2.5
2996,2.5
2997,4.0
2998,4.0
2999,2.5
3000,2.5
3001,5.0
3002,4.0
3003,5.0
3004,2.5
3005,2.5
3006,2.5
3007,5.0
3008,4.0
3009,5.0
3010,5.0
3011,5.0
3012,2.5
3013,2.5
3014,5.0
3015,5.0
3016,5.0
3017,4.0
3018,5.0
3019,4.0
3020,5.0
3021,5.0
3022,5.0
3023,2.0
3024,2.0
3025,5.0
3026,2.0
3027,4.0
3028,4.0
3029,5.0
3030,1.0
3031,2.5
3032,2.5
3033,5.0
3034,2.5
3035,4.0
3036,2.0
3037,2.5
3038,2.5
3039,2.5
3040,5.0
3041,4.0
3042,5.0
3043,4.0
3044,2.5
3045,2.5
3046,2.0
3047,2.0
3048,2.6728708840412474
3049,5.0
3050,4.0
3051,2.5
3052,5.0
3053,4.0
3054,5.0
3055,5.0
3056,2.5
3057,2.5
3058,5.0
3059,5.0
3060,5.0
3061,4.0
3062,4.0
3063,2.5
3064,2.5
3065,2.5
3066,2.5
3067,2.5
3068,2.5
3069,2.5
3070,2.5
3071,2.5
3072,2.5
3073,2.5
3074,2.5
3075,2.5
3076,2.5
3077,2.5
3078,2.5
3079,2.5
3080,2.5
3081,2.5
3082,2.5
3083,2.5
3084,2.5
3085,2.5
3086,2.5
3087,2.5
3088,2.5
3089,2.5
3090,2.5
3091,2.5
3092,2.5
3093,2.5
3094,2.5
3095,2.5
3096,2.5
3097,2.5
3098,2.5
3099,2.5
3100,2.5
3101,2.5
3102,2.5
3103,2.5
3104,2.5
3105,2.5
3106,2.5
3107,2.5
3108,2.5
3109,2.5
3110,2.5
3111,2.5
3112,2.5
3113,2.5
3114,2.5
3115,2.5
3116,2.5
3117,2.5
3118,2.5
3119,2.5
3120,2.5
3121,2.5
3122,2.5
3123,2.5
3124,2.5
3125,2.5
3126,2.5
3127,2.5
3128,2.5
3129,2.5
3130,2.5
3131,2.5
3132,2.5
3133,2.5
3134,2.5
3135,2.5
3136,2.5
3137,2.5
3138,2.5
3139,2.5
3140,2.5
3141,2.5
3142,2.5
3143,2.5
3144,2.5
3145,2.5
3146,2.5
3147,2.5
3148,2.5
3149,2.5
3150,2.5
3151,2.5
3152,2.5
3153,2.5
3154,2.5
3155,2.5
3156,2.5
3157,2.5
3158,2.5
3159,2.5
3160,2.5
3161,2.5
3162,2.5
3163,2.5
3164,2.5
3165,2.5
3166,2.5
3167,2.5
3168,2.5
3169,2.5
3170,2.5
3171,2.5
3172,2.5
3173,2.5
3174,2.5
3175,2.5
3176,2.5
3177,2.5
3178,2.5
3179,2.5
3180,2.5
3181,2.5
3182,2.5
3183,2.5
3184,2.5
3185,2.5
3186,2.5
3187,2.5
3188,2.5
3189,2.5
3190,2.5
3191,2.5
3192,2.5
3193,2.5
3194,2.5
3195,2.5
3196,2.5
3197,2.5
3198,2.5
3199,2.5
3200,2.5
3201,2.5
3202,2.5
3203,2.5
3204,2.5
3205,2.5
3206,2.5
3207,2.5
3208,2.5
3209,2.5
3210,2.5
3211,2.5
3212,2.5
3213,2.5
3214,2.5
3215,2.5
3216,2.5
3217,2.5
3218,2.5
3219,2.5
3220,2.5
3221,2.5
3222,2.5
3223,2.5
3224,2.5
3225,2.5
3226,2.5
3227,2.5
3228,2.5
3229,2.5
3230,2.5
3231,2.5
3232,2.5
3233,2.5
3234,2.5
3235,2.5
3236,2.5
3237,2.5
3238,2.5
3239,2.5
3240,2.5
3241,2.5
3242,2.5
3243,2.5
3244,2.5
3245,2.5
3246,2.5
3247,2.5
3248,2.5
3249,2.5
3250,2.5
3251,2.5
3252,2.5
3253,2.5
3254,2.5
3255,2.5
3256,2.5
3257,2.5
3258,2.5
3259,2.5
3260,2.5
3261,2.5
3262,2.5
3263,2.5
3264,2.5
3265,2.5
3266,2.5
3267,2.5
3268,2.5
3269,2.5
3270,2.5
3271,2.5
3272,2.5
3273,2.5
3274,2.5
3275,2.5
3276,2.5
3277,2.5
3278,2.5
3279,2.5
3280,2.5
3281,2.5
3282,2.5
3283,2.5
3284,2.5
3285,2.5
3286,2.5
3287,2.5
3288,2.5
3289,2.5
3290,2.5
3291,2.5
3292,2.5
3293,2.5
3294,2.5
3295,2.5
3296,2.5
3297,2.5
3298,2.5
3299,2.5
3300,2.5
3301,2.5
3302,2.5
3303,2.5
3304,2.5
3305,2.5
3306,2.5
3307,2.5
3308,2.5
3309,2.5
3310,2.5
3311,2.5
3312,2.5
3313,2.5
3314,2.5
3315,2.5
3316,2.5
3317,2.5
3318,2.5
3319,2.5
3320,2.5
3321,2.5
3322,2.5
3323,2.5
3324,2.5
3325,2.5
3326,2.5
3327,2.5
3328,2.5
3329,2.5
3330,2.5
3331,2.5
3332,2.5
3333,2.5
3334,2.5
3335,2.5
3336,2.5
3337,2.5
3338,2.5
3339,2.5
3340,2.5
3341,2.5
3342,2.5
3343,2.5
3344,2.5
3345,2.5
3346,2.5
3347,2.5
3348,2.5
3349,2.5
3350,2.5
3351,2.5
3352,2.5
3353,2.5
3354,2.5
3355,2.5
3356,2.5
3357,2.5
3358,2.5
3359,2.5
3360,2.5
3361,2.5
3362,2.5
3363,2.5
3364,2.5
3365,2.5
3366,2.5
3367,2.5
3368,2.5
3369,2.5
3370,2.5
3371,2.5
3372,2.5
3373,2.5
3374,2.5
3375,2.5
3376,2.5
3377,2.5
3378,2.5
3379,2.5
3380,2.5
3381,2.5
3382,2.5
3383,2.5
3384,2.5
3385,2.5
3386,2.5
3387,2.5
3388,2.5
3389,2.5
3390,2.5
3391,2.5
3392,2.5
3393,2.5
3394,2.5
3395,2.5
3396,2.5
3397,2.5
3398,2.5
3399,2.5
3400,2.5
3401,2.5
3402,2.5
3403,2.5
3404,2.5
3405,2.5
3406,2.5
3407,2.5
3408,2.5
3409,2.5
3410,2.5
3411,2.5
3412,2.5
3413,2.5
3414,2.5
3415,2.5
3416,2.5
3417,2.5
3418,2.5
3419,2.5
3420,2.5
3421,2.5
3422,2.5
3423,2.5
3424,2.5
3425,2.5
3426,2.5
3427,2.5
3428,2.5
3429,2.5
3430,2.5
3431,2.5
3432,2.5
3433,2.5
3434,2.5
3435,2.5
3436,2.5
3437,2.5
3438,2.5
3439,2.5
3440,2.5
3441,2.5
3442,2.5
