,0
0,4.115489803040077
1,4.83783231831364
2,3.700638436221808
3,3.983815411150671
4,4.4778347944727335
5,2.362483598927151
6,2.5
7,4.589109695866633
8,4.879096148985143
9,4.0
10,4.8453050937800715
11,1.375258316159753
12,4.028855600206304
13,3.570737451840956
14,2.5
15,4.752934584751661
16,4.542167842552068
17,5.0
18,4.28246424652666
19,3.9027689104893035
20,3.255015426835322
21,3.609223730050714
22,3.8029097414731434
23,4.441655325257864
24,4.380199424389699
25,4.352501879084788
26,4.605324977663481
27,3.4323620858690282
28,4.59754604493351
29,4.9031395724135445
30,4.276274681186854
31,4.72316202921362
32,5.0
33,3.6320256011707635
34,4.3463600246266845
35,4.4680844823411965
36,5.000000000000001
37,2.5
38,3.914954218011433
39,3.9738752740088907
40,4.514224840450548
41,4.216317581362319
42,4.677527301835105
43,4.3811367769709255
44,4.272254629689438
45,3.4122478894304034
46,1.8855298131979903
47,5.0
48,4.211701746958941
49,4.181574040882294
50,4.7657838360319955
51,3.80113362718553
52,4.57658612867642
53,4.376726427050696
54,4.480871488372355
55,4.310390692944663
56,3.6623615594550216
57,4.1148449638906115
58,4.059143342654814
59,5.0
60,2.5
61,4.617503085219475
62,4.039877744695975
63,3.3054908953536253
64,3.0
65,4.625989293173877
66,4.786314045118652
67,4.4568549069549865
68,4.432437548269781
69,4.83828607565558
70,3.0
71,3.4028245580149896
72,4.913917897989477
73,4.6553275160429495
74,4.523553773966444
75,4.318320470294317
76,4.380210907772131
77,2.5
78,4.312267961032435
79,2.5
80,4.527526578609191
81,4.196366874960328
82,5.0
83,4.0
84,4.377183149591965
85,1.4301304592008928
86,4.046462919196109
87,4.805749780246617
88,3.4155937449381075
89,3.7077649244861908
90,4.118073468560273
91,4.0
92,4.938680901512637
93,3.64815251871313
94,4.5245078910728935
95,4.65885059487873
96,2.5
97,4.781838586185234
98,3.002422606839642
99,4.661648999890132
100,5.0
101,4.874964083507204
102,4.586382599380917
103,2.5
104,3.388468774566855
105,5.0
106,5.0
107,3.4038994073364424
108,4.0
109,4.07412229393859
110,3.168617244957577
111,4.573215630666734
112,4.1301276033968195
113,5.0
114,5.0
115,4.510879924905754
116,5.0
117,4.855712749171789
118,4.755579568775916
119,4.916517621429562
120,4.179291386651548
121,4.347617638884909
122,4.333540578839611
123,3.7755698213048263
124,5.000000000000001
125,3.991855559166921
126,4.413968597057163
127,3.910882514921816
128,4.835184560402418
129,3.7412263765678317
130,4.446137567861753
131,3.9806208204036677
132,4.572715546116974
133,4.204678790595179
134,4.45088349201001
135,4.5706991074477665
136,4.354000434064629
137,4.0
138,5.0
139,2.5
140,4.882384505999664
141,4.0
142,4.132761042040926
143,5.000000000000001
144,4.5796033862256165
145,4.387583900077943
146,4.043534471392839
147,4.905309635576923
148,4.867077320121986
149,2.6134442787844163
150,4.768107552289947
151,3.924727475747462
152,5.0
153,4.022973831534734
154,4.705108144050121
155,4.783592918466879
156,4.664581988723962
157,4.0
158,4.378547350350095
159,4.7383415021326325
160,5.0
161,4.593451982984516
162,4.735109215787086
163,4.999999999999999
164,3.46832873852084
165,3.093589787676158
166,4.0
167,4.106026643671105
168,3.4664632387785885
169,4.0
170,4.026063567010253
171,4.344589627520949
172,3.9746715712645435
173,4.999999999999999
174,4.855034553258241
175,4.0878351560870785
176,4.45171124194895
177,3.204970928018432
178,2.9047437765185604
179,4.458545669933389
180,4.411410253825705
181,4.0
182,4.047317066652948
183,4.469033834037033
184,4.808519124397892
185,3.0219519745156536
186,4.254311179744252
187,3.6970365920487502
188,3.9739131648565977
189,3.1188541042765308
190,3.8439210162973763
191,3.411850009486515
192,4.0536057720702425
193,3.0000000000000004
194,2.069487999234357
195,4.437385942387784
196,4.406700894040568
197,3.7829223856838223
198,4.224051321151676
199,3.2824920292390805
200,3.6713499614218517
201,4.465059398563961
202,4.880645785346127
203,4.217126261139678
204,4.963612332881872
205,4.847142880474089
206,4.558371834826614
207,3.4833206681747377
208,4.157014222227831
209,4.9799532986073665
210,4.625407798947628
211,4.71077687254698
212,5.0
213,2.9983301420784456
214,3.8282718084303906
215,4.51762196793291
216,4.356756650794534
217,4.884741239913805
218,3.996919713969257
219,2.7175724769332743
220,4.316669034310381
221,5.0
222,4.673395565194156
223,4.648076649784998
224,4.557856419161674
225,2.183489130924483
226,2.5
227,4.7246045878501475
228,2.5
229,4.593438351404046
230,3.8113604330106954
231,4.0
232,4.168961694098719
233,4.367385125774773
234,4.273258157869515
235,3.30014099545971
236,3.8461649393678154
237,4.632858578311769
238,5.0
239,5.0
240,2.5
241,4.759919340567219
242,4.862994616159681
243,2.9999999999999996
244,3.6714696070432487
245,5.0
246,4.806319654646069
247,4.0312538843949115
248,4.374195643362337
249,4.882967329695822
250,4.322384575509629
251,3.3938986908211515
252,3.84894697348281
253,3.652033905241415
254,4.406784261571227
255,2.731238276807872
256,4.213913255568989
257,4.0
258,4.999999999999999
259,4.0
260,4.467965179385532
261,2.5
262,5.0
263,3.8436668542851966
264,4.349845876217045
265,4.0
266,4.729161557964033
267,4.2984479670470765
268,4.730855159162076
269,4.659214427483477
270,4.222581350548121
271,2.5
272,3.979926820146951
273,5.0
274,3.1619824237560255
275,4.417375868063381
276,3.883386873482783
277,4.917206087817083
278,1.025276783197262
279,2.3101028228809235
280,4.36188248545036
281,4.0594266349486166
282,3.4706476892749127
283,4.398455101092026
284,4.083415091607358
285,3.9802406376262396
286,2.5
287,3.9749506059504855
288,5.000000000000001
289,4.657022047219826
290,3.4624273644366106
291,4.155236052654345
292,4.36188248545036
293,4.686013264379544
294,2.66088376805636
295,4.983228981618345
296,4.118651579179883
297,4.670942346881323
298,4.115616264089085
299,3.7061211029506094
300,5.0
301,3.668549713135307
302,4.678574582522633
303,3.646913502463803
304,5.0
305,4.082963743281573
306,3.524077718489777
307,2.5
308,4.578919481782538
309,4.645269671501463
310,3.4164146363667647
311,4.999999999999999
312,2.5
313,4.575909655799623
314,4.245235744143265
315,4.759243116192205
316,5.0
317,5.0
318,4.372242088767733
319,4.641421762357303
320,4.158239553863962
321,4.999999999999999
322,4.602277622402398
323,4.337066508711281
324,4.182383594566162
325,5.0
326,4.686967668893036
327,3.0
328,4.613549290339089
329,4.0
330,4.376780305715075
331,4.075830052951737
332,5.0
333,4.367319773764005
334,4.550046524201666
335,4.571910390176427
336,2.5
337,4.146401607009831
338,4.3201856246677925
339,5.0
340,4.7393883465620315
341,4.0
342,4.3871870342785435
343,4.063337778063314
344,4.882144275747208
345,4.648496799308882
346,4.8206116019804615
347,4.856402605691596
348,2.5
349,4.691219647290681
350,4.442871409854047
351,4.685024270256771
352,5.0
353,4.901634373648872
354,2.5
355,4.873287338490329
356,5.0
357,4.8457221785375575
358,4.536764808111415
359,3.9956128211368327
360,4.172230105650998
361,5.000000000000001
362,4.667483855482305
363,4.3201856246677925
364,2.513611666250901
365,4.393753761531524
366,4.968435236623364
367,4.082287060708729
368,4.8924820750674805
369,3.8707006525132193
370,4.155236052654345
371,4.251290291582961
372,5.0
373,4.510571610699428
374,4.471343794041998
375,4.745116215787812
376,5.0
377,4.922295222307077
378,4.857608163919737
379,2.5
380,2.0
381,4.999999999999999
382,4.8237179143615485
383,4.3759015486463255
384,1.6919215592578596
385,3.6914432625157647
386,3.883911537562727
387,5.0
388,5.0
389,4.396338424702133
390,3.8466075014280543
391,2.43719541014795
392,3.758042185345875
393,4.260688097461643
394,1.8380843846475563
395,4.326239215265572
396,3.6912342909153066
397,4.63235888253432
398,4.6472905311559884
399,2.5
400,4.582735007392762
401,4.466715640947848
402,3.7732993481472197
403,4.9356235605976835
404,3.3740711665168894
405,4.765107716689395
406,2.5
407,4.130699149807718
408,3.6865485934584226
409,2.1511877770693517
410,4.0
411,3.971646460063769
412,2.5
413,3.590212510296141
414,4.845280221001079
415,4.899927648441441
416,2.5
417,4.3351707108735615
418,3.879134388208068
419,4.251035692986632
420,4.146415399679185
421,4.876203730936194
422,4.301476880384371
423,4.956630909575632
424,3.304538234310576
425,3.31293125966052
426,4.588764727601985
427,4.556062850622082
428,4.742354653691512
429,1.0
430,5.0
431,4.507282358917936
432,4.741287001693101
433,4.037963276077356
434,4.455822537123781
435,4.914774637215901
436,3.71303032333046
437,3.9858675633385783
438,3.46832873852084
439,3.0114668897414703
440,4.0
441,4.1184029535713425
442,3.5161302725376027
443,3.7986217141404945
444,4.328252658349063
445,3.0724470830064616
446,4.533056481596665
447,2.0475663782164752
448,4.952408814595911
449,5.0
450,4.407163630315507
451,2.5
452,5.0
453,2.39900958749534
454,5.0
455,3.8766018039389993
456,4.8712832491992275
457,4.872413608691391
458,4.553073834556071
459,3.9467122239505916
460,3.2443716923578467
461,2.652319351714854
462,5.0
463,5.000000000000001
464,4.351406450981639
465,4.1803477808611085
466,4.797696933619755
467,3.9920898954034847
468,3.712417594894832
469,2.5
470,4.411140805523822
471,4.0
472,5.0
473,4.904144100684005
474,3.762720307116516
475,4.153053531442538
476,3.073214547725302
477,4.912717200290768
478,2.5
479,4.890063962293625
480,4.780147916381084
481,4.623773987236461
482,4.874620350945941
483,4.4319857861839065
484,4.707248807485107
485,5.0
486,4.7338580288839225
487,4.206406609821737
488,4.049805034122221
489,2.5917460384432873
490,4.871019892380618
491,4.195453853164468
492,4.8595789541197485
493,3.24057720465507
494,4.629861520264134
495,5.0
496,3.2302610901640216
497,4.17231138063245
498,4.816907590997041
499,5.0
500,3.1599111125797505
501,4.832198050143597
502,4.4813613871853715
503,4.51836736908123
504,2.5
505,3.933577907774415
506,4.411798382297163
507,4.164254050768124
508,4.347054318681114
509,5.0
510,4.267012315193042
511,1.8368846532913965
512,4.2878712855693175
513,5.0
514,4.483404117278797
515,4.782536975617854
516,4.877505331701907
517,5.0
518,4.032523424390375
519,5.0
520,4.200024442413465
521,3.6829175027408327
522,4.200066160057403
523,3.6299179042208864
524,2.5
525,2.5
526,4.716415260127941
527,4.999999999999999
528,4.227466195196533
529,4.674422166810231
530,3.911718674110753
531,2.5
532,2.5
533,5.0
534,3.3610667095981204
535,4.560152868222769
536,4.898757997536954
537,3.5089612160306376
538,5.0
539,2.5
540,4.79265917034244
541,4.557563945230863
542,4.614486546068262
543,4.82519426364133
544,4.94700815116328
545,4.528007410831386
546,3.0
547,3.935982829588332
548,5.0
549,3.3948312846440247
550,4.0
551,4.934730372887254
552,4.790373833817311
553,3.1318945556277558
554,5.000000000000001
555,4.5369990250088765
556,4.3486057760404595
557,2.5
558,4.387976622008146
559,4.71254714505101
560,4.6627985446973685
561,2.0
562,3.779847743817486
563,4.533995434958097
564,4.635075903411683
565,3.653298557279149
566,4.902818298407846
567,5.0
568,4.712741210835839
569,4.137088120515824
570,2.315707887728107
571,4.760938199760162
572,4.045188681723637
573,4.928061990396055
574,4.059857624976966
575,4.77024671132466
576,4.431971348927128
577,3.495057038353826
578,5.0
579,4.511499442504746
580,4.891479143159525
581,3.6070617542722574
582,3.906809997001948
583,1.8034656328277343
584,4.829767982575919
585,4.228691923244694
586,4.2878712855693175
587,4.823425269005444
588,3.515303059238597
589,5.0
590,3.8163799843433077
591,2.5
592,4.313270010875901
593,4.464815310271656
594,2.877528361836581
595,4.586846407429953
596,4.491724319342363
597,4.0
598,4.0
599,4.245323211719261
600,4.685525809386837
601,5.000000000000001
602,4.525853521622998
603,2.5
604,5.0
605,3.980331695127878
606,5.0
607,5.0
608,4.838867612436518
609,4.0
610,4.258381641285241
611,4.736063106751335
612,4.779966821760419
613,4.31522297929188
614,4.188829127796143
615,4.269998347344561
616,4.425479677491621
617,4.707495469043434
618,4.589525290616523
619,3.2954499243728774
620,4.766599619155013
621,5.0
622,4.183688603224163
623,4.161182091522373
624,3.7787344782398073
625,5.0
626,4.0
627,4.374941104519735
628,4.401722114399948
629,4.611000403976935
630,4.668558214289512
631,4.395628395305244
632,4.761232654532275
633,5.0
634,4.722564732976259
635,5.0
636,4.932715696719623
637,4.3744587478942165
638,2.5
639,3.9245321369589576
640,4.734397589598564
641,4.110833894807333
642,4.836562046059779
643,4.660000029736288
644,3.9259859839849436
645,3.7296592953196144
646,4.202694477845599
647,5.000000000000001
648,3.7030209046170555
649,2.5
650,5.0
651,4.617213157358272
652,4.566283894492044
653,4.4731759836456435
654,3.69599124617712
655,4.5013031682586515
656,4.883039693511694
657,3.711633661231379
658,3.8804757202763414
659,3.707290945030007
660,4.999999999999999
661,4.81879869591617
662,4.785888952269173
663,5.0
664,2.5
665,4.003265895591868
666,3.903896034404196
667,4.619928597939212
668,1.0
669,4.663270069584764
670,4.938395551548061
671,3.0438078664974677
672,4.524866829695011
673,5.0
674,2.5
675,5.0
676,3.971954059254618
677,4.596558577415022
678,4.2878712855693175
679,2.5
680,4.322352333992174
681,4.185451345451097
682,3.4206813795252056
683,3.381575535323019
684,5.0
685,3.9388395624752093
686,4.668643015323923
687,4.248120896106346
688,4.750096567876853
689,4.119593187632372
690,4.11646060375318
691,4.869563396452807
692,3.531291001496405
693,5.0
694,4.613353071449345
695,3.9966851290321133
696,3.3131119050733964
697,3.4786658661711334
698,4.749091029915969
699,3.304538234310576
700,4.7717595488782
701,4.7420673528334305
702,4.097133941184383
703,3.7722667477710505
704,4.0
705,4.0
706,4.7259961706534135
707,4.244855547337603
708,4.906691599547339
709,4.0496604688942215
710,4.84683279352306
711,2.5
712,4.0
713,2.5
714,4.879273805884032
715,4.930091379877519
716,4.540994423377706
717,5.000000000000001
718,4.316244761478161
719,4.1189597788852375
720,3.0
721,4.226538559759218
722,4.050054282671739
723,4.82338027194638
724,4.90220110105059
725,4.3715114703988815
726,3.885618835363813
727,4.33735542841355
728,4.796648829852898
729,4.0
730,4.915030828784189
731,5.0
732,3.532333341475404
733,4.538679298090647
734,4.156321822637335
735,5.0
736,2.003048026300061
737,4.696615106018914
738,4.64446005486495
739,4.899473602609415
740,4.010594838962641
741,4.6073463416465685
742,4.411257180521437
743,4.762859546018015
744,5.0
745,4.676321275571941
746,5.0
747,4.202819875674711
748,4.467944131166621
749,4.0
750,4.368340017861527
751,4.305461564302426
752,3.770981980783646
753,2.495845411536126
754,4.5272943194275665
755,3.565993390170148
756,5.0
757,4.261442399347813
758,4.404855997223675
759,4.817792321174993
760,5.0
761,4.883000482412846
762,5.0
763,4.323213219469453
764,4.355884286939188
765,4.0
766,4.154881602699249
767,3.906424722045292
768,4.428741963204382
769,2.5
770,4.964048485829278
771,4.053629642130311
772,4.211766523173923
773,2.5
774,2.5
775,3.7190081562587385
776,3.5485153316190585
777,2.5
778,4.774648711015044
779,4.0779357118026605
780,4.330220189214295
781,4.246860542481196
782,4.603634183438643
783,4.98461109364425
784,3.957772780866365
785,4.568501738286671
786,4.335577633952688
787,2.5
788,3.866521462637025
789,4.7475869992456
790,4.92930923068105
791,1.9586314917930006
792,3.7940783019709414
793,3.870709934054364
794,5.000000000000001
795,4.65182745658709
796,3.6792159060216996
797,5.0
798,3.899573303683967
799,4.726016945359087
800,4.0
801,3.900666076777442
802,4.189271288584905
803,3.7498716525022076
804,4.769054497087274
805,3.688565056056018
806,4.653633967875894
807,3.8119593321384944
808,2.5
809,5.0
810,2.9999999999999996
811,4.219287681888744
812,3.190338909954352
813,2.8132391656885534
814,3.976295348842506
815,4.570098035720627
816,4.511211545988846
817,4.4318006260896805
818,4.784866024062689
819,3.210472573995654
820,4.457675347340952
821,1.0
822,2.913643812777233
823,4.421252840781848
824,5.0
825,4.771552401939389
826,4.179364604208649
827,4.8659866277304324
828,4.4214656169280415
829,4.910896163587094
830,4.3277755561578815
831,5.0
832,4.137088120515824
833,4.611122879619336
834,4.4459068633108405
835,3.686884313227056
836,4.716267302300256
837,4.686031717417877
838,2.5
839,4.83917424442089
840,5.0
841,4.951591820687303
842,4.456108957180879
843,4.9429262680696855
844,4.1922012149347525
845,3.393499046373375
846,1.0
847,4.630167517607839
848,4.164305455946672
849,3.920448294033299
850,3.600089793249247
851,4.945186952404802
852,4.364126366811673
853,3.9338374797745477
854,4.631548372668489
855,4.461997833081554
856,2.5
857,3.692367873449525
858,3.8290276279195252
859,2.750437653952497
860,2.7223303277616795
861,2.6324814302180712
862,2.0072959882987633
863,5.0
864,4.282503881779501
865,5.0
866,4.450024444474532
867,4.7922414751122355
868,4.0
869,4.393118056646449
870,4.394521224371129
871,3.9730131528347714
872,3.7994940715152237
873,4.515619831820193
874,4.467606124711527
875,4.456881694102204
876,3.879857632361077
877,3.2048290467210987
878,3.2033386370039842
879,3.9392172916651833
880,5.0
881,4.542786561768545
882,4.999999999999999
883,4.71859312301292
884,3.546556424936207
885,4.741682671177284
886,4.778839051752174
887,4.688639050423832
888,3.278184590643217
889,3.9375657692248094
890,5.0
891,5.0
892,4.0
893,4.999999999999999
894,4.237077642857126
895,4.303205768633053
896,3.9442081698785283
897,4.701307117697857
898,4.691483708665927
899,4.820901533226302
900,4.987177443144001
901,3.0000000000000004
902,5.0
903,3.840830078561885
904,4.470280405520618
905,3.2958230472126804
906,3.379648901200574
907,4.101401404614222
908,4.722236558945665
909,2.769299922338416
910,4.626547561534005
911,4.390148925110211
912,4.3945157380791775
913,4.804363143612895
914,2.5
915,4.938271619458221
916,4.766655359011804
917,4.328103271614618
918,3.842339847109658
919,3.541316802196492
920,4.647299153581061
921,4.2781677110028316
922,4.058597273905111
923,4.413859681730036
924,5.0
925,4.907335639145379
926,3.333604439721352
927,4.482149731990512
928,4.3953574499891035
929,4.756578120304356
930,4.392023130096186
931,5.000000000000001
932,4.120659631489913
933,4.258312851397231
934,3.519730355655369
935,4.950765699893589
936,3.6704102700203425
937,5.000000000000001
938,4.166386663502884
939,4.086672135689939
940,3.6473693917550944
941,2.5
942,4.0
943,4.745211698560548
944,4.843792321020817
945,4.000675649537506
946,4.930669818845698
947,4.3432072997075695
948,3.6320256011707635
949,2.5
950,3.128743729284648
951,3.8129648243829064
952,5.0
953,4.0
954,4.691804653820054
955,4.050934198906585
956,4.448303378045759
957,4.634985882968486
958,3.9497352256306937
959,4.2642373669767215
960,4.181946139498827
961,4.058376931464253
962,4.322384575509629
963,4.367250319106567
964,4.487904467933847
965,4.412556183576342
966,5.0
967,4.904016942296389
968,3.814326249916919
969,3.0
970,4.728806603290116
971,3.839111408136897
972,3.345390848777522
973,4.490720891472598
974,3.2549237013549694
975,3.7919493148214345
976,4.0
977,4.266569057859942
978,4.962905983512646
979,4.999999999999999
980,4.0
981,4.22899759308199
982,4.823854706858506
983,4.898329560356876
984,3.5215161306869303
985,2.5
986,4.1169373969016805
987,4.425235243739443
988,4.953788193362978
989,4.630306944928806
990,4.743080972733509
991,3.691068477674728
992,4.4424076646177495
993,4.001542433803156
994,4.650820357209768
995,2.5
996,5.0
997,4.766533008241511
998,4.930230471689807
999,3.7891396131095587
1000,4.054445438077854
1001,2.5
1002,2.335351069539456
1003,3.1105113655505052
1004,4.782429924236484
1005,4.714285243742841
1006,3.467338547590028
1007,4.901103033703569
1008,5.0
1009,5.0
1010,2.699941269542859
1011,5.0
1012,3.8501858691705415
1013,4.3948372707539125
1014,4.144222377136199
1015,3.220520043231752
1016,2.5
1017,3.614362521913187
1018,4.0499035159074195
1019,4.296180302935241
1020,4.53551940914454
1021,4.9870624527833485
1022,4.109288723117784
1023,4.555740957420471
1024,4.6026307530196915
1025,4.0
1026,4.749583980040804
1027,4.516049794733088
1028,4.286334121467315
1029,4.3501871749556145
1030,4.711476107290501
1031,3.3921158065412023
1032,4.782048776251679
1033,4.0
1034,5.000000000000001
1035,3.5666686271739403
1036,4.3493626309239835
1037,4.582761811755506
1038,3.0
1039,3.4233529926223514
1040,4.334463379208492
1041,4.656269367622826
1042,4.987391640393072
1043,4.506002344915213
1044,4.456367348923109
1045,4.158751452075647
1046,4.791782648527551
1047,5.0
1048,5.0
1049,2.1978769255199953
1050,5.0
1051,4.5312514090369485
1052,4.123005572327752
1053,5.000000000000001
1054,3.321559388657007
1055,4.657924003864608
1056,4.669856026975607
1057,2.3202553358763636
1058,1.3987989725344214
1059,2.5
1060,4.572425901329549
1061,2.5
1062,4.98474813679757
1063,4.084442790229489
1064,1.4760010759423048
1065,4.0
1066,4.463204330402497
1067,3.0
1068,4.344857139424977
1069,3.510250206006926
1070,4.214609351946822
1071,4.189596509324219
1072,3.4737943471824373
1073,4.3553795117036636
1074,3.691068477674728
1075,2.5
1076,5.0
1077,2.062527294581771
1078,2.754683443674163
1079,4.47857875856658
1080,2.5
1081,4.3995920124447645
1082,4.196022961692514
1083,4.5718455704051975
1084,4.3616856984906125
1085,4.14924171379195
1086,3.9185010181028956
1087,4.92548627691571
1088,4.601808091258623
1089,4.7173035851522584
1090,4.806938811617462
1091,3.4977030217535052
1092,5.0
1093,2.9999999999999996
1094,4.87232513699633
1095,4.431550487431461
1096,5.0
1097,4.999999999999999
1098,4.742984399442445
1099,4.491756024478372
1100,3.0
1101,4.683962245621361
1102,3.9637488795097706
1103,4.7367596042343
1104,1.0
1105,4.381726416806311
1106,3.9487036286044184
1107,4.929295812374154
1108,4.28774551829362
1109,4.087630238588583
1110,4.5134445654927005
1111,4.774226494848687
1112,3.2932816835506196
1113,3.992815331717921
1114,3.5596717809993046
1115,3.183467507276118
1116,4.88033076379012
1117,4.9567211097298305
1118,4.68523518320282
1119,3.478131292897418
1120,4.608007758471939
1121,4.3715114703988815
1122,4.05681531239299
1123,4.122432199738667
1124,5.0
1125,4.326974664416598
1126,4.248069271596582
1127,4.356567741915745
1128,3.5742786359767917
1129,4.914425829599245
1130,2.6810253429876307
1131,4.444893604038834
1132,3.5666686271739403
1133,4.798157982444006
1134,4.677600349437972
1135,5.0
1136,2.484584800373609
1137,3.848745272429655
1138,5.000000000000001
1139,1.5782196428399695
1140,4.0907131565195565
1141,4.072005324504323
1142,2.5
1143,3.5883095158139535
1144,4.6498632066523005
1145,4.584762988903677
1146,1.0
1147,4.660501621201691
1148,3.590958111829001
1149,4.8701373837938355
1150,4.660953186523175
1151,4.23599446434069
1152,4.25053913016396
1153,5.0
1154,3.0
1155,3.7121170780346135
1156,3.3596912070195164
1157,4.658555832795299
1158,4.090959381933318
1159,4.282936539466416
1160,4.188554743345717
1161,3.2932816835506196
1162,2.5
1163,4.782997347831961
1164,3.0000000000000004
1165,4.0
1166,4.323062312268502
1167,4.433577758000226
1168,4.57923128291161
1169,3.854938814857295
1170,4.685703868732425
1171,3.8872068880264568
1172,4.332978010636366
1173,4.028518022663332
1174,2.375143440096682
1175,4.465661170207094
1176,5.0
1177,4.0
1178,3.7378854179255168
1179,4.546544206236977
1180,4.345169452298272
1181,3.4173759938712385
1182,4.011404035657516
1183,4.303688261258449
1184,2.5
1185,4.733853380040219
1186,4.922295222307077
1187,3.689632392863445
1188,4.946950356171304
1189,4.910557103204577
1190,4.528792350293911
1191,4.383296898112535
1192,5.0
1193,3.8591276349644437
1194,3.2023942829395744
1195,4.427118525312952
1196,4.855259225878234
1197,4.6857142413389665
1198,2.044059270103397
1199,2.5
1200,4.658328236458842
1201,3.4560130853152096
1202,1.0
1203,2.7725035540758993
1204,3.4744004589033586
1205,4.964562704334187
1206,1.0
1207,3.9527110453302936
1208,3.2289495556110124
1209,3.8724768469318365
1210,4.313850672814276
1211,3.6362886678181447
1212,3.1246487760813157
1213,3.7740142740879574
1214,1.1703910559705195
1215,3.139728891670603
1216,4.64184366424875
1217,3.9572326777095443
1218,4.507897958231106
1219,5.0
1220,5.0
1221,4.456881694102204
1222,4.478061755394143
1223,4.962393119498397
1224,4.045408432472717
1225,3.7824653215452355
1226,2.5
1227,3.964846346605402
1228,2.6441259464935514
1229,4.245599775096069
1230,1.9511282024810137
1231,3.5320464284400255
1232,4.311473099388405
1233,4.639255216416854
1234,2.5
1235,4.1160781243322475
1236,4.317542620032622
1237,3.8081787911951666
1238,2.5
1239,4.394382071326789
1240,4.6511569386299465
1241,4.476540121195413
1242,4.590847279696971
1243,3.8691733576929503
1244,4.266823541065754
1245,1.2839771795589832
1246,4.679351848818252
1247,4.774755473311278
1248,4.430162133914328
1249,4.615317503656718
1250,4.640317416879518
1251,4.190399499879625
1252,5.0
1253,4.27236221921129
1254,4.654264586443445
1255,5.0
1256,4.749884875448485
1257,2.5
1258,3.135248360197274
1259,3.7482741067320995
1260,3.992263350001055
1261,4.0
1262,5.0
1263,3.8573517389389274
1264,4.940110962143742
1265,4.0
1266,3.7254654231334476
1267,3.9389427450406074
1268,4.0
1269,4.17641079818938
1270,4.851620553459288
1271,4.262347065259832
1272,4.575557140734521
1273,4.215316602375111
1274,5.0
1275,4.4422568895189265
1276,4.927307603607507
1277,3.334720424817654
1278,2.9999999999999996
1279,4.74137009266894
1280,4.8522841555454175
1281,4.373422424973063
1282,4.192068637500812
1283,3.768973436566189
1284,4.342882217613934
1285,3.4575687138412783
1286,2.5
1287,4.569083851574715
1288,2.7622985286195134
1289,3.7662602359044013
1290,2.5
1291,4.25067471766116
1292,4.600837112501629
1293,5.0
1294,3.275027016471111
1295,4.79762771778808
1296,3.0
1297,4.1744795047866345
1298,4.880481487532611
1299,4.348538945708998
1300,3.5968962837262994
1301,3.193799899218744
1302,5.000000000000001
1303,5.0
1304,5.000000000000001
1305,4.171939123280986
1306,4.447103347601747
1307,5.0
1308,4.7652139633801065
1309,4.891988551108303
1310,4.690560870778996
1311,4.44779691672828
1312,4.340876556493353
1313,4.335000937622716
1314,1.1544210470274343
1315,4.775607807986725
1316,4.548511257486483
1317,3.8450067184276593
1318,3.60902668385257
1319,4.0
1320,4.458090239752818
1321,5.0
1322,4.415627319173717
1323,3.8319476745667873
1324,4.407598053579509
1325,5.0
1326,4.156276238692079
1327,5.0
1328,3.834767773658907
1329,3.1720165868950483
1330,4.695164225860934
1331,4.625989293173877
1332,1.6430321759321371
1333,4.906944404141987
1334,5.0
1335,4.565796064720207
1336,4.0
1337,4.7576752327694845
1338,3.908071324617406
1339,5.000000000000001
1340,4.0
1341,5.0
1342,4.186440227919369
1343,4.19741286075322
1344,3.4766793182254707
1345,5.0
1346,4.038376267718933
1347,4.736253992551403
1348,4.863796852827488
1349,4.20900863645111
1350,4.6885477719753
1351,3.6084938829022715
1352,4.0
1353,4.398789748561138
1354,5.0
1355,5.0
1356,3.5762592592886495
1357,3.753682347999075
1358,4.8432381101107245
1359,4.52839653944027
1360,3.7696476161896304
1361,2.5
1362,4.89793230204432
1363,4.475224043229439
1364,2.5
1365,2.0
1366,5.0
1367,4.8595789541197485
1368,2.5
1369,2.5
1370,5.0
1371,4.228924715118305
1372,4.0
1373,3.2151274415275566
1374,2.5690767802342527
1375,4.714114826359111
1376,2.5
1377,4.966426057509678
1378,5.0
1379,3.8129648243829064
1380,4.0
1381,4.4613641975715765
1382,4.834670226699573
1383,4.199841688212851
1384,2.82621954399477
1385,3.931076366087459
1386,4.707802896999129
1387,4.497590910265689
1388,2.448089667140948
1389,4.98260315800019
1390,4.879206508202868
1391,4.8123029222989615
1392,3.992815331717921
1393,3.19488841260695
1394,4.402251486721207
1395,5.0
1396,4.427385867958519
1397,3.5570018131257717
1398,4.0
1399,5.0
1400,5.0
1401,4.2137878811689795
1402,4.66094371443293
1403,2.5
1404,3.926694229981776
1405,5.0
1406,4.3030451828596075
1407,4.75478018809783
1408,4.205609785564872
1409,3.2653607190691663
1410,4.540640078536831
1411,3.9976102912111418
1412,4.120659631489913
1413,4.686568659090085
1414,5.0
1415,4.914495125678152
1416,2.3628018520684293
1417,1.447088280006479
1418,3.3886641405691473
1419,2.5
1420,4.119593187632372
1421,4.1280216859908325
1422,4.387399846481085
1423,4.351690802600687
1424,4.906639217283932
1425,4.312016068840241
1426,3.333604439721352
1427,4.250749234106377
1428,4.352798968627582
1429,4.103854346342438
1430,4.286111064177149
1431,4.058609358087177
1432,4.947689700067918
1433,4.150442217567561
1434,5.0
1435,4.419374668978327
1436,4.44767530610354
1437,4.0
1438,2.5
1439,4.9007703375113145
1440,4.677313391684849
1441,4.408774522945616
1442,3.5992091923366085
1443,4.90796482127796
1444,4.959067487059351
1445,4.546376569801096
1446,5.000000000000001
1447,3.761828382032765
1448,4.0
1449,4.245156523103609
1450,3.9305616164593857
1451,2.9999999999999996
1452,3.8921548754927144
1453,4.126986094399128
1454,4.7662585307029905
1455,3.6333760701740525
1456,3.6651541305366058
1457,4.464106289154838
1458,3.0
1459,3.764553629553654
1460,4.6168245473585765
1461,3.0998677653530544
1462,4.607446204963322
1463,4.4508708865960465
1464,3.95013564973123
1465,4.283283988158946
1466,5.000000000000001
1467,4.302450340305439
1468,4.0
1469,2.0625756184819966
1470,4.529173246190112
1471,3.8052138448049266
1472,4.105659519124203
1473,4.622054193075214
1474,4.582996289384553
1475,3.386347757796805
1476,4.0
1477,3.763823820136535
1478,5.0
1479,4.874937950679676
1480,5.0
1481,4.731554639015645
1482,4.7889431361768295
1483,4.562565597704258
1484,4.0
1485,4.046279447709647
1486,4.8062544032535275
1487,2.5
1488,4.999999999999999
1489,4.294758227675257
1490,2.5
1491,4.203171798217127
1492,4.693034011039549
1493,3.395362249862681
1494,4.0
1495,4.812400833750723
1496,4.240162209878341
1497,4.125501076883772
1498,4.947122343979563
1499,4.252430381127159
1500,4.202796623112395
1501,3.3253234760216537
1502,4.014330551572946
1503,4.5272656819562505
1504,4.870564021765258
1505,3.6744582214696906
1506,4.044881481572798
1507,3.0
1508,4.542655972695751
1509,4.660581437194651
1510,2.5
1511,3.5533715082679205
1512,4.644742350695516
1513,4.892194517576671
1514,5.0
1515,3.7316943239557276
1516,4.910946773614305
1517,4.431979845349401
1518,4.778839051752174
1519,2.8645331083376835
1520,3.358010046114592
1521,4.653660251690051
1522,2.5
1523,4.460169117290527
1524,4.374129751960148
1525,2.5
1526,5.0
1527,4.895236930123795
1528,4.507900917980629
1529,2.323426277719219
1530,4.271764045541526
1531,4.6713070000574755
1532,3.608330554080426
1533,4.354000434064629
1534,4.385168637733966
1535,3.69599124617712
1536,3.716898915699588
1537,5.0
1538,4.58724302670512
1539,5.0
1540,5.0
1541,4.53403569279607
1542,4.165785301436588
1543,4.107148092067729
1544,4.09157939327761
1545,5.0
1546,4.081761810730397
1547,4.33778563002192
1548,3.7492979433393034
1549,3.4257870303271885
1550,4.940172229958417
1551,5.0
1552,3.294242306733106
1553,4.722145547018968
1554,3.5727163127930823
1555,3.2576444966155877
1556,4.487888130144076
1557,2.065515650522138
1558,3.5950047213449703
1559,3.082102576686497
1560,4.7307932472821195
1561,4.037431817170421
1562,3.7455721631747707
1563,4.922521237740923
1564,4.6555711490938085
1565,4.225017703231748
1566,4.4052978212265055
1567,4.291626257745659
1568,5.000000000000001
1569,4.1413338926264
1570,4.601981547159516
1571,4.627708010229994
1572,3.7937502721697376
1573,3.5031365963124825
1574,4.2189213771977085
1575,5.0
1576,4.276763692076779
1577,4.455467790711352
1578,5.0
1579,4.583757698474591
1580,4.506780438706754
1581,4.424774740302448
1582,3.797745305096877
1583,4.6374005969561525
1584,4.681245424726708
1585,4.699513393269707
1586,4.999999999999999
1587,4.362348286655063
1588,4.91876818350633
1589,5.0
1590,5.000000000000001
1591,4.8237776570820285
1592,3.9917896575962173
1593,4.433004790832084
1594,3.9038865062407755
1595,5.000000000000001
1596,4.771367646469396
1597,3.2475018137772094
1598,3.5014598401806096
1599,2.7627169718318276
1600,4.253192839322154
1601,4.655100288128411
1602,2.5
1603,4.642699881149083
1604,4.951815394694786
1605,4.03109748635875
1606,2.0
1607,2.5
1608,2.8931669098073023
1609,2.5
1610,4.283869091243266
1611,3.6829175027408327
1612,3.5577708405872785
1613,3.8734740190377956
1614,5.0
1615,4.085966673945181
1616,2.173536705919624
1617,4.470438772857549
1618,4.345169452298272
1619,3.5075959244101473
1620,3.3039102500270716
1621,5.0
1622,4.9687697937230375
1623,3.513529209014738
1624,5.0
1625,4.7815705132248425
1626,3.75297726390826
1627,4.345691590805874
1628,4.2150249472619015
1629,5.0
1630,5.0
1631,5.0
1632,4.921097128532668
1633,4.782733539515252
1634,4.999999999999999
1635,5.0
1636,4.647117834113936
1637,4.999999999999999
1638,4.602995736477698
1639,4.0
1640,4.0
1641,3.561904510329498
1642,4.537716015517466
1643,2.8038782408237086
1644,4.350966996603397
1645,4.226973885144602
1646,4.3158189187168645
1647,3.601833797499268
1648,4.415475742860735
1649,4.024956737438005
1650,4.349379544906133
1651,4.0843442816019575
1652,5.0
1653,1.855713113275636
1654,3.5378606652790787
1655,4.9420635824220955
1656,1.184333289083363
1657,4.576925061966151
1658,4.4186764413169595
1659,4.327078151008904
1660,4.42553148660953
1661,4.589879868047924
1662,2.5
1663,4.0
1664,4.523047798664572
1665,4.630242981345798
1666,5.0
1667,4.698747702090185
1668,4.702303470558889
1669,2.0
1670,4.845071122382655
1671,3.866908981973839
1672,3.801497696384808
1673,2.5
1674,3.6658624472354364
1675,4.630390164461768
1676,4.625688040786403
1677,3.386590270605723
1678,2.6964921504960286
1679,4.167801509109592
1680,4.001474094865129
1681,4.613031333892233
1682,4.755416580291953
1683,5.0
1684,3.479080824723664
1685,2.481439894569079
1686,4.645373187856335
1687,3.733803087714726
1688,2.956348231757052
1689,3.670375698885571
1690,5.0
1691,2.5
1692,4.796600258109676
1693,4.802164700831029
1694,5.0
1695,2.5
1696,3.999648222779425
1697,3.85822948590861
1698,2.902880507349881
1699,4.090959381933318
1700,5.000000000000001
1701,4.491412142527471
1702,4.130413175407746
1703,4.470168136952277
1704,4.9805076485172535
1705,3.9683650959008885
1706,4.107534846035431
1707,4.308338103403979
1708,3.8660038085935424
1709,4.160482314578946
1710,4.230093597081006
1711,4.8964945832956275
1712,4.495510892473673
1713,4.973312571276685
1714,3.726255846636507
1715,4.828602414348687
1716,4.911698272768241
1717,5.0
1718,5.0
1719,4.471634397701979
1720,4.191757144216835
1721,4.509568140477059
1722,4.730861228132959
1723,2.634465531841498
1724,5.000000000000001
1725,3.5565496726163275
1726,4.7414514540862225
1727,3.992096070789053
1728,3.0051170667068132
1729,4.52366044213316
1730,4.799740599405683
1731,4.710686616252011
1732,4.364859968613351
1733,5.0
1734,2.5
1735,4.184070190428749
1736,4.503661487575813
1737,3.7502763036765234
1738,3.7891396131095587
1739,4.92554724832999
1740,4.9380631854323855
1741,2.7660733628564502
1742,4.3016093833079
1743,3.3881447564016507
1744,4.4052978212265055
1745,4.823280342406371
1746,2.8578282735324856
1747,4.6534497973188085
1748,1.676045391603976
1749,2.5
1750,5.0
1751,4.145236500803589
1752,3.342566122978044
1753,5.0
1754,3.2719104439544338
1755,3.351031061276691
1756,4.686755494477296
1757,4.626557844450611
1758,5.000000000000001
1759,4.674455172890172
1760,4.769746552098407
1761,5.000000000000001
1762,4.6658615272452915
1763,4.898581993749243
1764,4.451678643691862
1765,4.999999999999999
1766,4.847124442589355
1767,4.999999999999999
1768,3.0308102954166607
1769,1.863330451882578
1770,3.3203716503691076
1771,4.630306944928806
1772,4.404115170518952
1773,4.175288150619612
1774,4.775542233836438
1775,5.0
1776,4.405965888978506
1777,3.668549713135307
1778,3.4831839123974833
1779,4.044502807275587
1780,2.5
1781,2.5645358081527303
1782,4.0
1783,2.5
1784,4.051039689641914
1785,4.243163617112606
1786,3.701196738465861
1787,4.477425099298715
1788,4.0
1789,3.871435376662303
1790,4.781040669282139
1791,1.7362843238729964
1792,2.6226611069619827
1793,4.752962324753029
1794,4.264483192776607
1795,4.36543944805497
1796,4.691167909613701
1797,4.588273981457815
1798,4.7375474655777
1799,3.7215583891421327
1800,4.13546587432606
1801,3.9325210602488934
1802,4.500176131116191
1803,4.8379399683314785
1804,3.973724646443409
1805,4.868279408682336
1806,4.314074667388192
1807,4.326919678999396
1808,4.028855600206304
1809,3.946787819499026
1810,4.516366673237611
1811,2.5
1812,5.0
1813,3.9854168657316698
1814,4.873155341616916
1815,4.978425264554459
1816,4.720479813996714
1817,4.275782730644678
1818,4.213537188586359
1819,4.445225145707216
1820,4.80347077317726
1821,4.7957956414493115
1822,3.0980800469023038
1823,3.899400258117711
1824,5.0
1825,4.999999999999999
1826,1.7400222512759647
1827,3.885618835363813
1828,4.963058576468105
1829,3.7150601457411314
1830,5.0
1831,4.575909655799623
1832,4.883817959794894
1833,4.095243125919564
1834,5.000000000000001
1835,3.681216553963984
1836,4.095835091426818
1837,4.503131129195193
1838,4.0
1839,3.428368166373593
1840,5.0
1841,4.0971871443626515
1842,4.289556537939741
1843,4.0
1844,2.5
1845,4.630213221951766
1846,3.5064812422726015
1847,4.0
1848,3.3011833411360727
1849,4.367378155649158
1850,4.718340594684547
1851,4.0
1852,2.5
1853,4.8237179143615485
1854,2.5
1855,5.0
1856,5.0
1857,4.053629642130311
1858,4.838077167926634
1859,3.6723686771990685
1860,2.4018038207792527
1861,4.0
1862,4.772844810611078
1863,2.3317967034250215
1864,3.8021230744800043
1865,5.0
1866,4.999999999999999
1867,4.0
1868,4.666869447737533
1869,4.160259256245825
1870,4.61390379875708
1871,3.917702515643327
1872,4.659913178166719
1873,4.653213412727356
1874,4.2777481277152445
1875,4.066025241823976
1876,5.0
1877,5.000000000000001
1878,4.556355924060615
1879,3.9647329759568013
1880,4.431799337314299
1881,4.38819362428642
1882,2.5
1883,2.5
1884,4.427194831670539
1885,4.639315081181044
1886,2.5
1887,4.358502781880104
1888,5.0
1889,4.922505921491342
1890,2.301436821492162
1891,4.49179507609292
1892,3.1868683616947657
1893,4.507691695714482
1894,2.5
1895,3.9392630936681328
1896,4.52879256881619
1897,2.5
1898,3.9998417704204114
1899,4.865055922656722
1900,1.398068068951584
1901,4.342205288348913
1902,4.265122405744183
1903,4.665134447925404
1904,4.0536057720702425
1905,4.940197339485981
1906,4.219091136465948
1907,2.5
1908,4.686766705645894
1909,3.3711297844167434
1910,4.616098185199573
1911,4.999999999999999
1912,2.932875615418187
1913,4.760071462466681
1914,4.9186462839379645
1915,4.020468931461497
1916,5.0
1917,4.649989295093541
1918,4.4736245656914955
1919,4.933333797952497
1920,4.061570670974692
1921,4.735353855450997
1922,4.5781703753228635
1923,4.219085615662827
1924,4.338545384658489
1925,5.0
1926,4.693836552239274
1927,2.1571474699831765
1928,4.405810955350091
1929,3.9248240898284195
1930,4.658255315847133
1931,4.0286020120796815
1932,4.0576918252277085
1933,4.9631149068033205
1934,4.0
1935,4.367944477886228
1936,4.801806773285922
1937,2.5
1938,5.0
1939,3.8562028414833702
1940,4.365812047296527
1941,4.390062547461844
1942,4.402044261445299
1943,3.3799735973213347
1944,3.878640592204923
1945,2.5
1946,4.0
1947,4.791198339871313
1948,5.0
1949,4.0
1950,3.8258251088714395
1951,3.780351862784324
1952,3.194950008700969
1953,2.5
1954,3.595724758154861
1955,4.714970392866456
1956,4.757838135026409
1957,3.214724428485481
1958,4.0
1959,4.460284988128664
1960,3.9930490466723674
1961,4.999999999999999
1962,4.999999999999999
1963,1.359612736233755
1964,4.340152631274989
1965,5.0
1966,2.5
1967,4.811426349803221
1968,4.182314384003682
1969,4.879067332456566
1970,4.0482485397006664
1971,3.6485099012080315
1972,5.0
1973,4.69207019341567
1974,4.029048112906792
1975,4.617275091258211
1976,4.900093317409052
1977,4.092197129403274
1978,4.577924246552518
1979,4.86284617360736
1980,3.9386685083855055
1981,4.839515247505438
1982,5.0
1983,4.0097402101275605
1984,4.212343259272977
1985,4.757485614204355
1986,2.5
1987,3.4663503285781125
1988,1.5158431283848441
1989,4.011170423834005
1990,4.427194831670539
1991,4.654538547247699
1992,2.5
1993,4.5700176486664255
1994,5.0
1995,4.16028049784678
1996,4.9682245013434745
1997,3.3448830502245683
1998,4.233136897310865
1999,2.5
2000,2.5
2001,4.212490192916326
2002,4.371769731163782
2003,5.0
2004,4.595353648284143
2005,1.0
2006,5.0
2007,4.637155412216563
2008,4.241669015363534
2009,4.670084184121444
2010,4.393753761531524
2011,4.344789881636977
2012,4.044176268400524
2013,3.8587192349287
2014,4.1437165690793245
2015,4.641485627511575
2016,3.8647166050659942
2017,4.850898894095301
2018,3.3292048279479367
2019,3.633965763727367
2020,4.999999999999999
2021,4.902789217251191
2022,4.750141494980563
2023,4.27468140880335
2024,4.786476651139936
2025,3.904693562905628
2026,2.5
2027,4.142188137021185
2028,4.136919426048172
2029,3.587842669994339
2030,4.8228003637889145
2031,4.951751460299333
2032,4.896985891506239
2033,4.880085669777633
2034,4.055569855528815
2035,4.999999999999999
2036,4.645390738243986
2037,4.727696469933937
2038,4.453349309721457
2039,2.5
2040,4.295553310552202
2041,4.651811774370521
2042,3.9984219343361693
2043,4.110833894807333
2044,5.0
2045,5.0
2046,4.246698976086011
2047,4.0
2048,5.000000000000001
2049,5.0
2050,4.217411647384822
2051,3.8797754206439867
2052,4.831630742282834
2053,4.782936198971124
2054,4.914083973336573
2055,2.0425918490069512
2056,4.161761127965004
2057,4.832508855465577
2058,2.5
2059,1.4544946306208053
2060,3.0
2061,3.8766316145268753
2062,4.68536272510724
2063,3.881693515239264
2064,3.484834820636667
2065,4.789320519999909
2066,2.73784680777447
2067,2.5
2068,2.5
2069,3.448235836419068
2070,4.8591385948987496
2071,5.0
2072,2.5
2073,4.146415399679185
2074,4.09138969923044
2075,4.129634667001919
2076,4.2316359636650445
2077,4.770397086300058
2078,5.0
2079,4.977527444944261
2080,5.0
2081,3.334720424817654
2082,4.311692288378436
2083,4.704647688598337
2084,4.0
2085,3.9564387567971413
2086,3.9097299939814447
2087,2.570639870942469
2088,4.17757747013604
2089,4.4281103503903605
2090,5.0
2091,2.6460164521670375
2092,5.0
2093,4.08029686216391
2094,3.809843368207459
2095,4.837042752473132
2096,3.4583759370072076
2097,4.480259272284531
2098,4.0
2099,4.999999999999999
2100,4.0
2101,4.010023492987999
2102,4.43070631600662
2103,4.0
2104,4.637261067993215
2105,4.019790969525201
2106,2.5
2107,4.651589411291577
2108,3.9081488980837036
2109,5.0
2110,3.8330727279848236
2111,4.631048418914098
2112,4.666365169856181
2113,4.784058995732423
2114,3.734462009199128
2115,4.8835401589037915
2116,3.24710242179333
2117,4.981840512269068
2118,4.0023301319374855
2119,4.13103573684079
2120,4.185758370430774
2121,4.999999999999999
2122,2.5417846936781134
2123,4.583970356450356
2124,4.940217659003372
2125,4.036441650708368
2126,4.697810691409262
2127,2.5
2128,4.5727661219610285
2129,4.64735198457934
2130,4.108594770368853
2131,4.431005928489761
2132,3.990949465557634
2133,4.733321420016629
2134,4.6541627451279295
2135,4.711110901293535
2136,4.259097105037371
2137,4.367385125774773
2138,3.5370772366784435
2139,4.598402139670725
2140,4.366133268653405
2141,4.348092042258248
2142,3.9683188557824103
2143,3.9976036180994714
2144,3.8740275198579965
2145,4.219085615662827
2146,5.0
2147,4.869555174290505
2148,4.381157627685228
2149,3.2526095730405116
2150,4.068308222052662
2151,1.0
2152,3.8933118145059287
2153,4.0
2154,4.785519354645432
2155,4.720252541096333
2156,4.692495606458564
2157,4.613358761289181
2158,4.891959839386949
2159,4.849726142980928
2160,5.0
2161,2.5
2162,4.439221187867345
2163,4.380823657192718
2164,5.000000000000001
2165,4.204508028002742
2166,3.182264125371799
2167,2.956033156438786
2168,2.0
2169,4.546466929893209
2170,4.813719534427778
2171,4.6771610839746875
2172,3.3799735973213347
2173,1.677450661081918
2174,5.0
2175,4.288112851511618
2176,4.360915915730277
2177,3.3656655882427913
2178,4.407272835810939
2179,4.976451120006433
2180,4.649989295093541
2181,4.61139736629121
2182,4.286965658018169
2183,4.324883336826606
2184,3.8218829457995693
2185,5.0
2186,4.228924715118305
2187,4.658133935984014
2188,4.954615121475389
2189,4.449188832650355
2190,5.0
2191,4.782130408696509
2192,3.7371907357613483
2193,3.7705132284168643
2194,3.3091758647454474
2195,3.243812077538913
2196,2.0
2197,3.6607154029820643
2198,4.021820886954172
2199,5.0
2200,4.572343179452759
2201,5.000000000000001
2202,4.061398744291636
2203,3.2068475155205003
2204,3.3240549507889576
2205,3.787920832440415
2206,4.607197294875075
2207,4.598384664349039
2208,4.2276553317000145
2209,4.962393119498397
2210,4.999999999999999
2211,4.508902021618212
2212,4.800224477199517
2213,4.592662340497881
2214,4.070642652950783
2215,4.7416697962264935
2216,4.704609741051311
2217,4.537764194462603
2218,3.8582048612612394
2219,2.5
2220,4.713031803273541
2221,2.2250532099548233
2222,2.5
2223,2.542906194856406
2224,4.483806072039291
2225,4.486402380176197
2226,3.3011704050999002
2227,3.8765204423349076
2228,4.586268327244328
2229,4.859354730976577
2230,4.2432613216078146
2231,5.000000000000001
2232,4.466301176987613
2233,4.278123204428371
2234,4.435121031160323
2235,2.5
2236,2.6676230841629875
2237,4.744778190395778
2238,4.977953133287809
2239,3.4234826387162647
2240,4.454041656111133
2241,4.644555841981782
2242,4.394735902773794
2243,4.732106647354483
2244,4.740217250235247
2245,4.799038569118189
2246,3.9237708292897135
2247,4.311611014183615
2248,4.361548003448009
2249,4.238069746028966
2250,4.692380967184749
2251,4.7078989377772125
2252,4.595536094426995
2253,4.201260844137754
2254,4.042348206416986
2255,2.28650243467471
2256,5.0
2257,3.0421998597815554
2258,4.3070919210078165
2259,4.28460199247852
2260,4.495829433607612
2261,4.916067862694721
2262,4.382914168677995
2263,4.962183794175774
2264,4.748358630714516
2265,3.384795779490082
2266,4.240076995976547
2267,3.2062497431918806
2268,2.5
2269,4.931518592220174
2270,3.308032946274641
2271,4.3622619548185355
2272,4.8341823882940504
2273,4.7182304420959955
2274,5.0
2275,3.5771716752903155
2276,3.7227766400968267
2277,4.320352809256759
2278,3.9002614651292937
2279,4.77573682496737
2280,4.506018315700477
2281,4.197214201208581
2282,5.0
2283,5.0
2284,2.5
2285,3.084105882654251
2286,4.85712045494469
2287,4.6553275160429495
2288,3.3204992358386964
2289,4.927402005389534
2290,5.0
2291,4.0
2292,3.9032379460986384
2293,5.0
2294,3.4057596675656927
2295,4.145399871305059
2296,4.0
2297,3.7700805354943094
2298,4.564420560356216
2299,4.89908980980934
2300,4.484400105786858
2301,5.0
2302,4.096533331193193
2303,3.704920823500642
2304,4.17199400264064
2305,4.201045667459166
2306,4.0
2307,3.871435376662303
2308,3.9982147310291647
2309,2.7159540536513918
2310,4.687964471977201
2311,5.0
2312,4.3553795117036636
2313,4.411063991709395
2314,3.9991290105663766
2315,4.872924586302813
2316,2.5420244105888528
2317,4.0
2318,3.9458092125688986
2319,3.6494675268224452
2320,4.0
2321,4.467851235768844
2322,4.591100585961662
2323,4.506520422787373
2324,3.633292839595525
2325,2.5
2326,4.534189606916261
2327,4.905837046753041
2328,4.92755808464676
2329,1.5651874576498626
2330,3.8809219763407046
2331,4.487390310005913
2332,5.0
2333,4.623896193066952
2334,4.471898533670637
2335,4.367355543817507
2336,2.5
2337,4.4304211237655835
2338,4.0
2339,4.748085481309852
2340,5.0
2341,5.0
2342,3.6958385015057433
2343,4.6973457507100544
2344,4.165479113941123
2345,4.869838126094298
2346,4.999999999999999
2347,3.581580413092886
2348,4.5393342579062725
2349,5.0
2350,4.0
2351,3.638441680087536
2352,4.64404246795126
2353,4.564408482832707
2354,4.400667574841867
2355,4.008788370919108
2356,4.93487808127948
2357,2.3628018520684293
2358,4.904016942296389
2359,2.5
2360,4.914164191827802
2361,2.6513636055779197
2362,4.564420560356216
2363,3.8813623408643316
2364,4.185596651151671
2365,4.392339973424157
2366,4.4693260606788945
2367,1.938067550735929
2368,4.522179440787153
2369,4.9132551900003625
2370,2.5
2371,4.0
2372,4.71249806230697
2373,4.257289764953325
2374,4.445157661502496
2375,5.0
2376,4.506018315700477
2377,3.7482016534551805
2378,4.6843030287127965
2379,3.245556806288156
2380,2.1021505534463203
2381,4.686585393306508
2382,4.840082684014661
2383,4.033271573677384
2384,1.0
2385,4.51790725435298
2386,4.376409426220161
2387,4.269917951179949
2388,4.0974227539630865
2389,2.5
2390,3.8052138448049266
2391,2.5
2392,4.445569673628997
2393,4.0
2394,3.1339345665799785
2395,4.999999999999999
2396,4.0
2397,3.9259010680703543
2398,3.6977699148726395
2399,3.94074825132545
2400,3.795632386786508
2401,4.0
2402,4.999999999999999
2403,4.424539992569865
2404,4.093852111584489
2405,2.0
2406,3.598767209127168
2407,4.0
2408,5.0
2409,4.748192001582511
2410,4.291499275970924
2411,4.014421577263349
2412,3.5349098608081673
2413,4.727557711038526
2414,4.227864258802082
2415,4.588201422168762
2416,4.353293818815711
2417,5.0
2418,4.664910792151384
2419,5.000000000000001
2420,3.739610279752987
2421,2.5
2422,4.430516443905831
2423,4.8246343617627305
2424,4.315718546341367
2425,4.351204807526287
2426,2.5
2427,4.045393869092195
2428,4.282975970585825
2429,5.0
2430,3.3835967925558132
2431,3.984149643187234
2432,3.936690269446762
2433,4.814589391672347
2434,4.147073580493869
2435,2.098606296162565
2436,4.898326840113323
2437,4.7375474655777
2438,4.0634783552066605
2439,4.405950333318457
2440,2.5
2441,4.308456060759179
2442,2.5
2443,4.4320990940975
2444,2.5
2445,5.0
2446,4.748928329249344
2447,3.2665601899605288
2448,2.985795215595673
2449,4.656339146085694
2450,2.5
2451,4.818675595636969
2452,3.9742714446815777
2453,4.885300715061316
2454,5.0
2455,3.3699509267765073
2456,3.9280444140548094
2457,3.3646950995037384
2458,4.75133303596319
2459,4.983765379747167
2460,4.92825217393467
2461,2.618788006667993
2462,3.634516333178957
2463,3.666370781219255
2464,4.0594266349486166
2465,4.511424007555354
2466,4.395422223970334
2467,4.303998617669005
2468,4.725155332696187
2469,4.951511682935124
2470,4.317216203590605
2471,4.249661017116176
2472,4.006424394085658
2473,2.5
2474,2.633832800314229
2475,3.770821848898144
2476,4.4054735498080495
2477,5.0
2478,4.479170449845754
2479,5.0
2480,4.790825766645956
2481,3.4264797960333206
2482,4.911698272768241
2483,4.518440395936879
2484,3.662290449757958
2485,5.0
2486,3.444590387671592
2487,4.521016376187794
2488,4.722564732976259
2489,3.980163718101203
2490,4.086672135689939
2491,4.6090025589550985
2492,4.147300439029329
2493,4.700996954541334
2494,4.623186362582422
2495,4.501777975192295
2496,3.8808397285744323
2497,3.831187038566923
2498,4.05502308111613
2499,4.7000426030876845
2500,4.8402450800856744
2501,4.870729737115841
2502,3.9199359769481443
2503,4.444107044374635
2504,4.935763210373607
2505,4.271730458707626
2506,4.431536577908955
2507,4.378523240907815
2508,5.0
2509,4.225171695183796
2510,4.874304114478648
2511,4.768780613180515
2512,4.063616124126503
2513,4.692566416548553
2514,4.7155676967481055
2515,4.048375787435106
2516,2.9473498188442133
2517,2.7317563614931144
2518,3.3240549507889576
2519,4.8630087544397265
2520,4.236175464908309
2521,4.563223101917363
2522,4.3415870089241295
2523,3.4882207534512784
2524,4.987289392946841
2525,4.497770754496204
2526,4.214927181102443
2527,4.129941348161256
2528,4.159684175438474
2529,4.0718623900679995
2530,5.0
2531,2.5
2532,5.0
2533,4.0
2534,4.771637829600539
2535,4.773088289788994
2536,4.963449520328589
2537,4.527467705448481
2538,4.359674932086132
2539,5.0
2540,4.0212797047283315
2541,4.827004299680833
2542,2.4638484077963425
2543,4.440778245791275
2544,4.507760041432214
2545,4.516995487161575
2546,4.753744729318082
2547,5.0
2548,3.1280853650808975
2549,4.597814888742827
2550,4.628183148110934
2551,4.271160012907014
2552,3.435716829721717
2553,4.122306150168844
2554,4.85740117388512
2555,4.924318296894728
2556,4.57838063751922
2557,4.138744059509755
2558,4.749362235409231
2559,4.744920281377253
2560,4.735207494588585
2561,4.752488440477009
2562,3.755403135450122
2563,4.757412728065445
2564,5.0
2565,3.8832678762513306
2566,4.796600258109676
2567,4.0
2568,3.7270219301305967
2569,4.681329338993518
2570,3.977213141181574
2571,5.0
2572,4.524308682106199
2573,4.594772268794897
2574,4.0001919611344965
2575,4.734822500796365
2576,4.70592900559066
2577,4.941875746340801
2578,4.5543725096720955
2579,3.0819015909994554
2580,5.0
2581,4.539550732599707
2582,5.0
2583,2.5
2584,4.215220139424951
2585,4.214453378068147
2586,4.249034093543155
2587,3.6634322944954367
2588,4.999999999999999
2589,4.457983674219032
2590,4.2296803287887546
2591,5.0
2592,4.415104991725911
2593,4.1738859806917485
2594,3.1414383773583148
2595,3.1662902199197553
2596,4.891044839868417
2597,4.227295823586199
2598,4.880645785346127
2599,4.284320014457476
2600,5.0
2601,3.845395043833107
2602,5.0
2603,4.0194748336908095
2604,4.795237803331459
2605,4.0151922971033
2606,3.9195213415952153
2607,4.35871106816782
2608,5.0
2609,4.524984445273161
2610,4.2626903934641645
2611,4.78878499416487
2612,4.427295259352752
2613,4.816581319913231
2614,5.0
2615,5.0
2616,4.078509126983086
2617,4.9187245908201085
2618,3.8996637240776937
2619,4.587090735373573
2620,4.939618620026078
2621,1.0
2622,2.775855738267132
2623,4.6565608955883775
2624,3.8242773198534468
2625,4.2322856445442785
2626,3.852509942919899
2627,3.0
2628,5.0
2629,4.809966179437474
2630,4.476679944523951
2631,4.90695018411415
2632,4.684742419885104
2633,3.991855559166921
2634,3.8348714573032896
2635,4.394144073748027
2636,4.1055858325461605
2637,4.867801801362915
2638,2.9355407936114064
2639,2.7870496978236394
2640,4.154472139262408
2641,4.904644637852072
2642,4.106154154618213
2643,4.176440771212191
2644,3.9149989189725565
2645,4.07771849773336
2646,2.5
2647,4.2716230426154596
2648,4.46390023470057
2649,3.291552184268458
2650,3.313573412253487
2651,4.090693753135152
2652,2.5
2653,4.567076939803998
2654,4.945639504037729
2655,3.6218658184879713
2656,4.072106616496398
2657,2.5
2658,3.6723686771990685
2659,3.125946239522145
2660,4.629881260253005
2661,4.212630150889506
2662,4.0
2663,4.0
2664,2.5
2665,4.7064235435958865
2666,4.648930993215443
2667,4.151555158836914
2668,5.0
2669,4.496890594409244
2670,4.210981025420966
2671,4.110624535304728
2672,5.0
2673,4.50174427316375
2674,5.0
2675,2.9059444519936144
2676,1.4016793827593157
2677,4.410531082867843
2678,4.243725604202464
2679,5.000000000000001
2680,3.7182483245355824
2681,3.2023942829395744
2682,3.0817681385543243
2683,4.999999999999999
2684,2.5
2685,3.441723645807312
2686,4.6755265174589775
2687,3.8562028414833702
2688,5.0
2689,4.796122707770941
2690,3.4797894666612996
2691,2.9999999999999996
2692,3.0587364747488834
2693,4.948706516963666
2694,3.1610580644656685
2695,4.089756609176702
2696,4.521654587372119
2697,5.0
2698,4.289621768551221
2699,4.802675436649834
2700,4.921097128532668
2701,4.531625337337056
2702,5.0
2703,4.731819833257223
2704,3.7111147448930466
2705,4.412988300997452
2706,4.164426456571942
2707,4.315500113100818
2708,4.604080554619426
2709,3.8546647213278113
2710,4.399849028109661
2711,4.849421172677759
2712,4.731313495710182
2713,4.759299101293911
2714,4.494077675964739
2715,2.5
2716,4.754983823520389
2717,2.48864135446665
2718,4.22857070736422
2719,5.0
2720,4.357809711036634
2721,4.810436334395191
2722,3.6765354183743484
2723,2.5
2724,3.7897618965048046
2725,2.5
2726,4.343439148539798
2727,4.198417555049441
2728,2.9154048156654615
2729,5.0
2730,4.513193141611732
2731,4.120659631489913
2732,4.999999999999999
2733,4.728371897208957
2734,3.0
2735,4.251290291582961
2736,2.847678514709449
2737,4.726236431864053
2738,4.851857530513884
2739,4.651983294285763
2740,4.708649840377439
2741,4.55679796408335
2742,2.0773021782647927
2743,3.204970928018432
2744,4.467965179385532
2745,4.0
2746,3.8193622412970325
2747,3.92390280849468
2748,4.1223673655328845
2749,2.629059599116116
2750,4.746084572829911
2751,4.59409275870067
2752,4.626137578891858
2753,4.645558263480516
2754,5.0
2755,4.527855346762915
2756,5.0
2757,3.988038314632946
2758,2.5
2759,4.847763703400697
2760,5.0
2761,4.0
2762,3.7267569743297937
2763,4.28160011272371
2764,3.567243956461253
2765,4.95301092830387
2766,4.389310834909089
2767,4.2468964713494755
2768,4.2521456188537705
2769,4.047965501942906
2770,4.662578445596534
2771,4.1912469966006745
2772,3.6662206952791467
2773,2.0
2774,4.581481650516192
2775,4.477030530367634
2776,4.322328498924415
2777,4.619722552122987
2778,4.176440771212191
2779,4.68536272510724
2780,4.0
2781,4.969635264930516
2782,3.883513712532512
2783,4.857834478414773
2784,4.762691058468874
2785,4.186357687882266
2786,3.6741927762612705
2787,3.265326361612062
2788,3.8376712577012455
2789,3.5749052271719313
2790,4.7618734607915325
2791,4.551444757471665
2792,5.0
2793,4.0358157803712755
2794,2.5
2795,4.166386663502884
2796,4.141917690365411
2797,4.311728712576701
2798,4.048514094619676
2799,3.711633661231379
2800,3.8757083802137107
2801,4.434368774480036
2802,4.595713719773239
2803,5.0
2804,4.163458494202059
2805,3.1104709739790497
2806,4.476998588836665
2807,4.61902619217179
2808,4.943939479409536
2809,2.5282192870784046
2810,2.5
2811,4.7639541246620345
2812,4.183870000480369
2813,5.0
2814,5.0
2815,4.357475939161135
2816,3.0
2817,4.363916463225173
2818,4.795237803331459
2819,4.15932889308113
2820,4.297758916194474
2821,3.439417323782525
2822,4.871828068488388
2823,5.0
2824,4.323066792919615
2825,5.0
2826,4.507897958231106
2827,4.375248498547518
2828,3.4945869548972484
2829,4.888460357639351
2830,4.20760304773368
2831,4.961887126782484
2832,3.715490389914443
2833,4.399512396832508
2834,4.734151593667076
2835,4.630213221951766
2836,3.8555120632947966
2837,4.132405989498118
2838,3.97276489899683
2839,5.0
2840,4.26114320672467
2841,5.000000000000001
2842,4.097279550661078
2843,3.9877838914516057
2844,2.3384279754773343
2845,5.0
2846,4.54049476556668
2847,4.485460832206651
2848,4.2876485652289915
2849,4.0
2850,4.8091790583019645
2851,4.1482739685645225
2852,3.7139568234674543
2853,2.5
2854,4.537328369848979
2855,4.0
2856,4.749176695168823
2857,4.745991345712909
2858,4.552998039367288
2859,4.708247907216667
2860,5.000000000000001
2861,4.8547269655513485
2862,3.891789935461029
2863,2.5
2864,4.1592440370473955
2865,2.5
2866,5.0
2867,3.9791354817392612
2868,3.972447572787853
2869,4.124446608889487
2870,5.0
2871,4.580920686352343
2872,1.0
2873,4.0
2874,4.7738431026268655
2875,4.598509977592879
2876,4.288206807466332
2877,3.5591673194758378
2878,4.62269246517796
2879,4.7858448431098335
2880,2.5
2881,5.0
2882,4.786717700724125
2883,5.0
2884,4.644452819380899
2885,5.0
2886,3.390088937919784
2887,4.9237519046854805
2888,4.0
2889,4.705210809382252
2890,5.000000000000001
2891,4.668817645707667
2892,5.0
2893,4.999999999999999
2894,3.8385876107074637
2895,3.693362462141837
2896,3.3113031308071874
2897,4.0
2898,5.0
2899,3.2211209856237737
2900,4.240947370973228
2901,4.722098425473293
2902,3.101028734348273
2903,4.163866871955245
2904,4.862096128835854
2905,3.190667798818547
2906,5.0
2907,4.737138150790177
2908,4.403445327928582
2909,4.187705920362143
2910,3.5220907279729423
2911,4.608593479483516
2912,4.295553310552202
2913,4.725381229310312
2914,5.000000000000001
2915,5.0
2916,3.097260114993949
2917,4.415627319173717
2918,4.865217841385448
2919,4.752204381052239
2920,4.785014016643661
2921,4.276274681186854
2922,5.0
2923,4.999999999999999
2924,4.715705016407607
2925,4.144882279702167
2926,3.8774716233593134
2927,4.216984534493773
2928,4.96553773721798
2929,4.822461588307929
2930,4.0
2931,2.5
2932,3.974429568472154
2933,4.0
2934,2.0
2935,2.5
2936,2.5
2937,3.7919493148214345
2938,4.385168637733966
2939,4.488872118613678
2940,4.087759024493269
2941,4.7788163980858
2942,3.938019555075662
2943,4.0724530483445385
2944,4.538885392144112
2945,4.495856225823547
2946,4.016130670814684
2947,4.596048973727552
2948,4.501128288626514
2949,4.626364007931128
2950,3.390088937919784
2951,4.999999999999999
2952,2.5
2953,4.056948704948637
2954,4.580920686352343
2955,4.523895130584407
2956,5.000000000000001
2957,4.0
2958,4.808314950234101
2959,4.14491054954804
2960,5.0
2961,5.0
2962,4.602695766002432
2963,4.128183187291016
2964,4.472168633815727
2965,4.999999999999999
2966,3.9195213415952153
2967,4.76564231254405
2968,3.994030252059639
2969,4.766052207338125
2970,2.5
2971,4.522750786016606
2972,4.316091527533215
2973,2.5
2974,4.586006491602849
2975,5.0
2976,2.047069516746131
2977,3.4217778263248304
2978,4.955777979311174
2979,3.740235048174011
2980,4.876539225106049
2981,3.679443379074816
2982,4.261092978590747
2983,3.973829061526515
2984,3.05902766657912
2985,2.5
2986,5.0
2987,4.730843708476945
2988,4.578228563381655
2989,4.209648887395862
2990,4.931507060791651
2991,4.673260552958401
2992,3.519730355655369
2993,3.270959260723109
2994,3.4867540470191396
2995,5.0
2996,3.486900843017991
2997,3.3635277904283702
2998,4.0
2999,4.061740364430742
3000,4.9626682485582485
3001,4.821822015772972
3002,4.2069085634833225
3003,3.913845399257305
3004,4.77712444030954
3005,4.126320956757415
3006,4.0
3007,2.5
3008,4.70289851257588
3009,4.983013875496889
3010,2.9190869822717236
3011,5.0
3012,4.653584750414682
3013,2.4589907631233197
3014,4.734152364733943
3015,2.5
3016,3.9263732049273545
3017,2.5
3018,4.711911134664789
3019,3.440974165219772
3020,4.627966393161163
3021,2.4949921699657724
3022,2.0
3023,2.5
3024,4.0
3025,4.562908052058884
3026,4.007875619178376
3027,4.046717093319943
3028,2.68884585228387
3029,3.034099639485445
3030,4.707037052204696
3031,4.467944131166621
3032,4.0052850648132035
3033,4.083632394539029
3034,4.332978010636366
3035,4.820584225682394
3036,4.577853839124834
3037,5.0
3038,4.386709104939515
3039,4.7664974455509315
3040,2.5
3041,4.704968695773037
3042,3.85197989090519
3043,3.26709121638328
3044,3.536767231823771
3045,4.268397209773309
3046,4.276274681186854
3047,3.7744442396411535
3048,4.574046078610463
3049,4.881802569840289
3050,3.919053286446719
3051,4.479352212033262
3052,3.6713786416500027
3053,5.0
3054,5.0
3055,4.112368598169905
3056,4.106988214609607
3057,4.46381747663548
3058,3.8405496430641195
3059,4.399379600147396
3060,4.338369783894871
3061,3.764034296922078
3062,5.0
3063,3.679939051907957
3064,2.5
3065,4.944419829604282
3066,2.5
3067,4.110874942259175
3068,4.736246259113332
3069,4.863796293136562
3070,2.5
3071,1.0
3072,4.971757562390403
3073,4.329460517013716
3074,5.0
3075,3.9245321369589576
3076,4.999999999999999
3077,4.843087680918212
3078,4.63447113854456
3079,3.6675580772283642
3080,4.819287749036679
3081,4.0
3082,4.671962962351187
3083,4.818623155533277
3084,2.5
3085,2.5
3086,3.379648901200574
3087,3.4690011631044415
3088,4.850446009030378
3089,3.408754637949096
3090,5.0
3091,5.0
3092,4.289550279145517
3093,3.2574456056214167
3094,4.605572091481027
3095,3.8214993055495645
3096,3.3448660643759793
3097,4.065635731445349
3098,3.6847081276264166
3099,3.646086254953355
3100,5.0
3101,5.0
3102,4.214744211140895
3103,2.5
3104,4.429119494621054
3105,4.0
3106,5.0
3107,5.0
3108,4.351502719450754
3109,4.2878712855693175
3110,5.0
3111,4.619840242687196
3112,5.0
3113,3.548321458064159
3114,4.911249578041747
3115,4.943939479409536
3116,4.179309902817417
3117,4.8312854405782035
3118,3.0
3119,3.834648120321181
3120,4.0136905416016315
3121,2.5
3122,4.865149167466998
3123,4.669509355959033
3124,5.000000000000001
3125,4.0
3126,4.8957227784661566
3127,4.5239433389613914
3128,4.88770106875218
3129,4.063454121516213
3130,2.8315354201535503
3131,3.674007780331878
3132,4.494227806218456
3133,4.3518142255598775
3134,4.5221038796549475
3135,4.6720822779988875
3136,4.033931517445569
3137,4.664943580206906
3138,4.276591466054313
3139,3.0725121480292517
3140,5.0
3141,4.093999902543258
3142,4.561540682342554
3143,5.0
3144,2.2517607217628024
3145,3.0000000000000004
3146,4.187462572063348
3147,4.625564234258528
3148,3.742318051738812
3149,4.0
3150,1.2234611187091013
3151,4.68701657401524
3152,5.0
3153,4.227115773813972
3154,4.901103033703569
3155,4.250274989533222
3156,5.0
3157,3.757732253430096
3158,4.605817151991195
3159,1.1669812282216954
3160,4.884310782575842
3161,4.324188349113736
3162,4.23408338699396
3163,4.722544250546252
3164,3.887565727964743
3165,5.0
3166,3.737587328883854
3167,4.368560851077542
3168,3.1482499512947535
3169,4.82559862814081
3170,4.44779691672828
3171,2.2482896845817035
3172,3.8740590930633294
3173,4.839992481910944
3174,3.8748568510113643
3175,4.684836269013067
3176,4.7697325639046895
3177,4.6797407798930495
3178,3.0
3179,4.837072391268171
3180,4.763155090365849
3181,3.7698406208711237
3182,4.3440627203033975
3183,4.3920194670867305
3184,5.0
3185,5.0
3186,4.183592554492583
3187,3.808212973467881
3188,4.3070396681629175
3189,4.526673576846769
3190,5.0
3191,2.5928255715073183
3192,4.6920396635680905
3193,4.828569880500521
3194,3.295396521544483
3195,3.1793391730911544
3196,4.648730183526668
3197,3.9180844566811963
3198,5.0
3199,3.0
3200,5.0
3201,4.037283220812963
3202,4.930468791717447
3203,4.340494193308025
3204,4.930468791717447
3205,2.270905101218843
3206,2.5
3207,5.0
3208,4.91476205827346
3209,4.508872304746068
3210,3.689610087599735
3211,4.58361008902138
3212,2.5
3213,2.5
3214,4.800045703766164
3215,4.239814829858958
3216,4.8351373729001095
3217,5.0
3218,5.0
3219,1.8472696828039088
3220,3.8614048417972153
3221,2.9473498188442133
3222,3.3495845497343213
3223,4.510747769249165
3224,4.873453096361334
3225,4.0136905416016315
3226,2.5
3227,5.0
3228,3.7110828178950857
3229,4.895758981541015
3230,4.429041018081462
3231,5.0
3232,3.697072092896065
3233,4.0
3234,3.6999498421437367
3235,2.5
3236,4.3306430524653114
3237,4.3153625678161855
3238,3.9976036180994714
3239,2.5
3240,4.326521664393759
3241,3.312757054695449
3242,3.934432607666999
3243,2.862635907971464
3244,4.920343287029293
3245,3.911107500027384
3246,4.896982945115985
3247,4.7977697484460124
3248,4.3355366324496725
3249,4.791423813856016
3250,5.0
3251,4.264470821647622
3252,3.9484324801332487
3253,4.403220348545086
3254,2.5
3255,3.3242357813997776
3256,3.0309035832202964
3257,4.550207147872799
3258,4.082287060708729
3259,4.829416727978221
3260,4.901632269939792
3261,4.1650477211121055
3262,4.7364915697399415
3263,4.0079536983502795
3264,3.3035227801063245
3265,3.2026884280594716
3266,3.8442666346470356
3267,5.0
3268,3.9263732049273545
3269,3.8185762060844004
3270,3.658046674008212
3271,4.695164225860934
3272,4.317082602394033
3273,4.872585244530825
3274,3.0136045513337537
3275,4.824112753026492
3276,4.941687416880094
3277,4.388403762962903
3278,2.5
3279,4.930221472991226
3280,2.5
3281,3.274303094422962
3282,4.987445660272967
3283,2.5
3284,4.388500917362177
3285,4.657288984523523
3286,4.737761039827338
3287,4.323462075081046
3288,4.0
3289,2.931363909785296
3290,4.652176033108699
3291,4.645053254911168
3292,5.0
3293,4.526582275251293
3294,4.999999999999999
3295,4.893543840829334
3296,4.849473324707679
3297,3.267771807115044
3298,3.8133051934934
3299,3.9696913667055562
3300,2.8083293788013055
3301,2.5
3302,4.425235243739443
3303,4.9260923308062035
3304,4.999999999999999
3305,4.748682413977137
3306,4.697434538625039
3307,4.390755728051848
3308,5.0
3309,3.9868222643211113
3310,3.7254654231334476
3311,4.280056937838076
3312,3.8747103173741415
3313,4.386841838433354
3314,3.0
3315,4.958629475075274
3316,4.238729187653811
3317,4.1971674546280555
3318,4.328858876979842
3319,5.0
3320,3.788683034393937
3321,4.950112224938727
3322,3.0
3323,4.626557844450611
3324,4.862649771487747
3325,4.355251017873373
3326,4.0
3327,2.5
3328,2.5
3329,4.0
3330,2.5
3331,4.883807564073994
3332,3.7696072234789524
3333,3.2551954373544674
3334,2.5
3335,4.552808062151132
3336,2.6603382648820184
3337,4.801130023355077
3338,2.5
3339,3.5129680034457946
3340,2.5
3341,2.5
3342,4.315718546341367
3343,4.258945592736919
3344,4.636820406566459
3345,4.49917678917727
3346,4.454843312557056
3347,3.9432046059019674
3348,4.820494623973777
3349,4.282891476234933
3350,4.369579449631488
3351,3.971679050659716
3352,3.2289512942721403
3353,4.638797032433282
3354,3.694969472640028
3355,4.245348790124693
3356,4.422713502174143
3357,2.5
3358,4.600927424050928
3359,3.5220168636263782
3360,4.066870808254002
3361,2.4448582487710255
3362,4.578359941655158
3363,4.886839342748528
3364,1.0
3365,4.0408939447550045
3366,4.598820282555905
3367,2.79504051443609
3368,3.6362886678181447
3369,2.5
3370,3.6450244924639814
3371,4.749052808360679
3372,2.5
3373,4.1155403699830835
3374,3.669654628083765
3375,2.5
3376,4.658942283592208
3377,4.7857579792747575
3378,4.7293347083961494
3379,4.599363922716367
3380,4.835780934846232
3381,3.9151440266514723
3382,4.38443585030465
3383,4.35321648566326
3384,4.382914168677995
3385,4.166239619506788
3386,4.219686493187461
3387,4.8595789541197485
3388,4.492583465866987
3389,5.0
3390,3.0939351086612725
3391,4.539884309754598
3392,2.5
3393,4.0
3394,3.662404414950049
3395,5.0
3396,4.450024444474532
3397,3.5681837085215666
3398,4.937562826985066
3399,2.65340541258714
3400,3.200092439526882
3401,3.5408361235917742
3402,4.6212209070033525
3403,5.000000000000001
3404,4.342585201002872
3405,2.5
3406,4.3698432191209875
3407,5.0
3408,4.441347527419943
3409,4.704133049114289
3410,3.8349288386033353
3411,4.0
3412,4.678920394787004
3413,4.844592048501973
3414,4.226516549987668
3415,3.559250533691258
3416,4.032838470568759
3417,4.609922488062317
3418,3.886748169235249
3419,5.0
3420,2.5
3421,4.539894423434183
3422,5.0
3423,2.5
3424,4.179291386651548
3425,4.317032593736704
3426,5.000000000000001
3427,4.665126243746199
3428,4.336063598490778
3429,3.657846901388299
3430,4.294925446838833
3431,3.7215583891421327
3432,2.8579541601194527
3433,4.0
3434,2.5
3435,4.0
3436,4.324993874022253
3437,4.318320470294317
3438,3.5113801818461985
3439,4.0
3440,4.55344633059456
3441,3.831784505718295
3442,4.235188588308588
3443,3.7854173581842376
3444,2.5
3445,4.670942346881323
3446,4.480029881307359
3447,4.747642458252459
3448,4.58724302670512
3449,4.981213075367659
3450,5.0
3451,3.0000000000000004
3452,4.357415304318249
3453,4.0
3454,3.8691733576929503
3455,5.0
3456,4.300546856981577
3457,4.364126366811673
3458,3.876883426723257
3459,4.703870263051787
3460,4.0
3461,4.746538094266006
3462,4.0
3463,4.973041776362251
3464,4.440858251703237
3465,4.76801997065473
3466,4.487250472799808
3467,4.202694477845599
3468,4.357076538140905
3469,4.518849605918743
3470,5.0
3471,3.668262630362262
3472,2.29460757304137
3473,4.289493994811432
3474,2.082766153978063
3475,4.609114171942375
3476,3.924021829882822
3477,4.719898926408295
3478,3.446912571491871
3479,4.0
3480,4.400237966440301
3481,4.413775522866271
3482,3.7949474714589857
3483,4.549308016660398
3484,4.0
3485,2.5
3486,4.363766145201577
3487,4.723685349361417
3488,3.75148173470633
3489,3.3942917776479327
3490,4.136960042503797
3491,4.4242675854870726
3492,4.577031520652558
3493,3.773662087947807
3494,4.790219404122394
3495,5.0
3496,2.5
3497,5.000000000000001
3498,3.9243028253197854
3499,4.023874347354656
3500,5.0
3501,3.9353942178701793
3502,3.8069937639308358
3503,3.5076276377938953
3504,2.885465099844605
3505,1.0
3506,4.147022563594608
3507,3.076810364491396
3508,4.736063106751335
3509,4.167551473041657
3510,4.688472113584069
3511,4.935500340943203
3512,4.635169878321319
3513,4.776522974926108
3514,3.8532610445398987
3515,4.847063416265755
3516,4.391268262189502
3517,4.584141939159959
3518,4.7414293223341755
3519,3.0
3520,4.435637493667436
3521,5.0
3522,4.00633300058897
3523,2.5
3524,4.478526508525215
3525,4.624618205773964
3526,3.3229766500063977
3527,4.999999999999999
3528,4.8626291297798705
3529,2.325233001778204
3530,2.5
3531,2.1805775522368083
3532,4.189652519533793
3533,2.1076214244586855
3534,5.0
3535,4.223760882474869
3536,5.0
3537,4.431415603209123
3538,5.0
3539,2.5
3540,4.447344323046744
3541,4.599993057073262
3542,5.0
3543,4.739921300160246
3544,4.503856843105091
3545,3.940702217174017
3546,2.5
3547,4.629520029890887
3548,4.4848525527967915
3549,5.0
3550,4.231772991915348
3551,4.788435979132767
3552,4.0
3553,2.5
3554,3.3305881634663983
3555,5.0
3556,5.000000000000001
3557,4.241075104274118
3558,4.790747617850444
3559,2.5
3560,4.950772415079349
3561,4.820320194462154
3562,3.7835084393636995
3563,3.7650533526506065
3564,4.569685420077752
3565,4.938054604819932
3566,4.339390065263185
3567,1.5779323755096932
3568,5.0
3569,4.555202746710955
3570,4.539010575812371
3571,4.914654975468145
