,0
0,4.857864768296855
1,2.0
2,3.787225137520329
3,3.2697454951421587
4,3.2697454951421587
5,4.999999999999999
6,4.640349124728159
7,3.7540949853050773
8,3.3426886906451636
9,3.3426886906451636
10,4.5202861908150265
11,4.5202861908150265
12,4.52746594273095
13,5.0
14,4.049242690063128
15,4.059773918509188
16,2.412816652326259
17,2.412816652326259
18,4.416217712321249
19,4.416217712321249
20,5.0
21,5.0
22,5.0
23,4.253167206124182
24,4.253167206124182
25,4.571224257298981
26,3.901106763032351
27,4.782956393228033
28,4.782956393228033
29,4.2237416306644535
30,4.160180433191265
31,4.701716947353833
32,4.701716947353833
33,4.070280752438899
34,3.9722021011814332
35,3.9722021011814332
36,4.858203514010593
37,4.999999999999999
38,4.999999999999999
39,3.5104980620213935
40,5.000000000000001
41,4.0001919611344965
42,4.0
43,5.0
44,4.293383057796048
45,3.7154528467201784
46,4.159906390286584
47,4.619855501836638
48,4.621666081129735
49,3.732022484797391
50,3.732022484797391
51,3.081262161626682
52,4.316259969238994
53,4.316259969238994
54,4.333590289637807
55,3.9263400858540445
56,4.999999999999999
57,4.658033874531974
58,4.561393134271922
59,4.692900959763741
60,4.692900959763741
61,4.274500841110205
62,4.127844693841281
63,4.578510423723259
64,4.907890359325199
65,3.478829134156245
66,3.9175596030365454
67,3.706563643938614
68,3.706563643938614
69,4.0
70,4.0
71,4.3648758512437436
72,4.4480118039938175
73,3.234063866194326
74,3.234063866194326
75,4.0
76,4.0
77,4.799449765100897
78,4.443778075699841
79,4.822376700001464
80,4.460545452306904
81,4.460545452306904
82,4.280713717210623
83,4.280713717210623
84,3.504406521478301
85,4.2930523076920135
86,4.781993815532492
87,3.721558389142132
88,3.721558389142132
89,3.4876911273255167
90,4.551520384158843
91,4.001579838879781
92,5.0
93,4.933893220986336
94,3.03954841939127
95,3.03954841939127
96,4.908682943459638
97,4.0
98,4.020220960170429
99,4.3512634852061485
100,4.625577812729668
101,4.625577812729668
102,4.575872811510011
103,3.7601210772087112
104,4.7714747690855805
105,5.0
106,4.270115454033622
107,4.880869983086408
108,4.880869983086408
109,3.82341447696655
110,4.580533231736084
111,5.0
112,4.999999999999999
113,4.373283563520253
114,4.353982677887755
115,4.345369686056897
116,4.439703307181439
117,4.439703307181439
118,4.6808416455937225
119,4.6808416455937225
120,4.551251946642166
121,4.763627247557569
122,4.333971362547595
123,4.333971362547595
124,4.689961028297693
125,3.0698635831197314
126,3.0698635831197314
127,5.0
128,4.614815886017632
129,4.614815886017632
130,4.689730194976674
131,4.565373544011986
132,4.677041474084998
133,4.677041474084998
134,4.111834946831023
135,4.111834946831023
136,4.906340363149001
137,5.0
138,5.0
139,4.127165003488133
140,4.127165003488133
141,4.329755110034661
142,3.9722762634297273
143,3.9722762634297273
144,4.500620548085982
145,4.500620548085982
146,4.637944214371926
147,3.011160494784335
148,3.011160494784335
149,3.4210810104376312
150,3.4210810104376312
151,5.000000000000001
152,5.000000000000001
153,3.845476832595516
154,4.6058679859441085
155,4.696910233979931
156,4.648254362736346
157,4.023242822435382
158,4.884254554890861
159,4.884254554890861
160,5.0
161,4.364151505396394
162,4.773316204679457
163,3.6311841427668217
164,3.6311841427668217
165,3.1924101058413403
166,2.8969109743632204
167,5.0
168,5.0
169,4.0
170,4.649489064481125
171,4.0
172,4.0
173,3.937695725276102
174,3.937695725276102
175,5.0
176,3.242611996258852
177,3.242611996258852
178,4.889525710964264
179,2.4907940606492254
180,2.4907940606492254
181,4.589552089106918
182,5.0
183,5.0
184,3.2943620283173196
185,4.742929118631953
186,4.0
187,3.7950240396270707
188,3.7950240396270707
189,4.999999999999999
190,4.1367945485473046
191,4.311090953275738
192,4.655135527777094
193,4.655135527777094
194,4.714005548566509
195,4.714005548566509
196,4.350763912209015
197,4.389874316944546
198,4.389874316944546
199,3.5303206320645333
200,3.5303206320645333
201,5.0
202,5.0
203,4.837628509987625
204,1.0
205,4.0
206,4.550029673582468
207,4.550029673582468
208,5.000000000000001
209,5.000000000000001
210,2.5
211,4.608960818346385
212,4.0
213,4.0
214,2.5684374927970777
215,1.8226835289483307
216,1.8226835289483307
217,2.0
218,2.0
219,4.33525007160672
220,4.33525007160672
221,4.133904054760063
222,4.133904054760063
223,4.600096181080963
224,4.600096181080963
225,3.7920267540219474
226,3.7053279962889856
227,3.759348248180847
228,3.759348248180847
229,4.416326670500738
230,4.0
231,3.746250360693308
232,4.103293758341097
233,4.549195550963499
234,4.2355200095834435
235,4.9454323654750425
236,4.9454323654750425
237,3.440355948291898
238,4.601826930583993
239,3.803447408638478
240,5.0
241,4.325036596448664
242,4.325036596448664
243,4.073993642909465
244,4.575669545147338
245,2.0
246,4.0694108474033
247,4.0694108474033
248,4.800480905823991
249,4.800480905823991
250,5.0
251,4.662191863795559
252,3.7414320529281717
253,3.7414320529281717
254,4.251626165877663
255,4.0
256,4.6569174573098895
257,4.196188504160443
258,2.654152960202706
259,2.654152960202706
260,4.923924306535181
261,4.7084380381991116
262,3.928817051983091
263,3.928817051983091
264,3.0
265,3.0
266,3.3111412102198248
267,3.3111412102198248
268,3.5527110104658375
269,4.472834603062133
270,4.472834603062133
271,4.013063414802623
272,4.013063414802623
273,4.3813439305723545
274,3.3949057027628204
275,3.3949057027628204
276,4.601981547159516
277,4.625815130861455
278,4.694933003027558
279,4.0
280,4.0
281,4.0
282,3.762493301042207
283,4.738971397480031
284,5.0
285,3.9991383582704483
286,4.092249722735618
287,4.510946462532284
288,4.307656389427051
289,4.184074975333769
290,3.4097080702148883
291,5.0
292,4.329711181152495
293,4.599597938543758
294,4.489472640299654
295,5.0
296,3.621206344467101
297,3.621206344467101
298,3.0
299,4.278546223993801
300,4.477747681816556
301,4.477747681816556
302,4.346145226521699
303,4.874235808502365
304,2.8995032382423016
305,4.410534147609862
306,4.410534147609862
307,3.7668615485758212
308,3.7668615485758212
309,5.000000000000001
310,4.771201928666547
311,4.6154181492132516
312,4.6154181492132516
313,3.956854985010582
314,4.328809699885347
315,4.297512443469237
316,3.8259968212356723
317,4.865043637470285
318,5.0
319,5.0
320,1.7932881527716997
321,4.458744093851503
322,2.840258740325355
323,2.840258740325355
324,3.794277408891715
325,2.8119350129509364
326,2.8119350129509364
327,3.633375790259941
328,5.0
329,5.0
330,5.0
331,5.000000000000001
332,4.116393366385264
333,4.116393366385264
334,5.0
335,5.0
336,4.0
337,4.0
338,4.2316007507183535
339,4.391791068894816
340,4.391791068894816
341,4.497838032930299
342,5.0
343,4.401141617546653
344,5.000000000000001
345,4.426109739617867
346,4.426109739617867
347,4.398336453367526
348,4.0
349,5.0
350,3.7708307491863144
351,3.9688472076206303
352,3.9688472076206303
353,3.841817024431694
354,3.841817024431694
355,4.701536505519905
356,3.481043409293367
357,4.0
358,2.5
359,2.5
360,4.785134013010747
361,2.5795027598923697
362,2.5795027598923697
363,4.674491624362846
364,4.674491624362846
365,4.757572978172648
366,4.7974547659009295
367,4.495304999492802
368,5.0
369,5.0
370,5.0
371,4.5305326386318985
372,2.5
373,3.882387681786203
374,4.437069173808244
375,3.928048484958393
376,3.928048484958393
377,4.060553807162302
378,2.43557858546717
379,5.0
380,3.508034421765408
381,4.884679010921497
382,4.787199916519751
383,5.0
384,5.0
385,3.814422279945749
386,3.814422279945749
387,4.1932732742555485
388,4.1932732742555485
389,4.749509461973923
390,4.146905153795659
391,4.926316230966121
392,4.926316230966121
393,4.915322190862717
394,4.999999999999999
395,4.138817613350786
396,4.0
397,4.0
398,4.096676343867491
399,3.493210865170382
400,4.485119048586101
401,4.886388001697684
402,4.886388001697684
403,3.6529700967376364
404,3.4685506609528614
405,3.4685506609528614
406,4.898005473355156
407,4.898005473355156
408,4.777694164301106
409,4.777694164301106
410,4.21273684259151
411,4.16240854365234
412,2.170720689646309
413,2.170720689646309
414,4.0
415,4.239808581200531
416,3.692152607782724
417,3.573035085706349
418,3.9904855731029993
419,3.5692613609868804
420,3.5692613609868804
421,2.950589346984209
422,2.950589346984209
423,4.6166822775619
424,4.718865071125902
425,2.490667590209633
426,4.670997998768535
427,4.670997998768535
428,3.9518351522354633
429,4.57517593232939
430,4.57517593232939
431,4.784729671929722
432,4.7089468291305545
433,5.0
434,3.9540529385806003
435,4.507829824094233
436,4.600268633758832
437,4.084362498000558
438,3.563417179545879
439,3.563417179545879
440,4.4750219170197765
441,4.311383450521857
442,4.0
443,3.316562195173331
444,3.316562195173331
445,3.7725921634529573
446,5.0
447,5.0
448,4.86436028426026
449,4.86436028426026
450,3.9392672616943982
451,5.0
452,5.0
453,3.4681689665240367
454,4.796553641414939
455,4.0
456,5.0
457,3.709489216707499
458,5.0
459,4.553463139139038
460,4.857329453558914
461,4.686871398706074
462,4.686871398706074
463,4.88293249732831
464,4.677996519452377
465,4.184642368111969
466,4.184642368111969
467,5.0
468,4.414133474957004
469,4.414133474957004
470,4.660501621201691
471,3.505537382052787
472,3.505537382052787
473,4.285311465787184
474,3.981820958352684
475,5.0
476,4.188154015027232
477,4.4827389493847525
478,4.0
479,5.0
480,5.0
481,4.0
482,3.3067792245077663
483,4.999999999999999
484,3.3623947082916357
485,3.3623947082916357
486,4.039782880322422
487,4.039782880322422
488,4.202020700912699
489,4.4354249225643425
490,4.947709633749596
491,3.862057882750142
492,3.9756698257530885
493,3.9756698257530885
494,4.32824050722407
495,2.6540247072908865
496,2.6540247072908865
497,4.542029945072308
498,5.000000000000001
499,4.515105428657321
500,4.603959610207478
501,4.8662647319991565
502,4.5686814581886495
503,4.0
504,4.032393160559406
505,4.032393160559406
506,4.696615106018914
507,4.400183000440271
508,4.57124187059802
509,4.206184965928755
510,4.206184965928755
511,3.9995083857269376
512,3.9095612397939115
513,5.0
514,4.323327445543677
515,4.323327445543677
516,4.621931519062566
517,4.621931519062566
518,4.86729421169211
519,2.301630967582403
520,2.301630967582403
521,4.3589920800669715
522,4.999999999999999
523,4.0245349151744945
524,4.541883568842822
525,4.400378707319812
526,4.400378707319812
527,3.642115627350267
528,4.427353611491416
529,3.9181256412821663
530,4.558999157553319
531,4.558999157553319
532,4.4437855592281945
533,4.4437855592281945
534,4.300627033018838
535,4.155064726981552
536,3.3477394564933767
537,3.3477394564933767
538,4.0
539,4.0
540,4.263818358121425
541,4.160870272699398
542,4.160870272699398
543,4.2030364559826126
544,4.27852471428142
545,4.6591796004134025
546,4.1389432176036784
547,4.354357442026896
548,4.354357442026896
549,2.5
550,4.1488528064681125
551,4.772681658204883
552,3.247866369110123
553,4.343627666797912
554,2.930476653209178
555,2.930476653209178
556,4.115236941954682
557,4.647073934137683
558,4.647073934137683
559,5.0
560,3.6036504482187026
561,4.0
562,4.308145475822342
563,4.308145475822342
564,4.029500862235804
565,5.0
566,4.964070948275807
567,4.964070948275807
568,4.416039819534967
569,4.416039819534967
570,3.6562356935012925
571,4.299507482245088
572,4.299507482245088
573,3.702765629951189
574,4.329346265811265
575,4.329346265811265
576,4.8423428261764
577,4.0
578,4.0
579,3.652865863881694
580,4.866018626742848
581,3.163424614277581
582,5.0
583,3.9801525530707362
584,3.9801525530707362
585,3.325987828930336
586,4.259504550484031
587,4.396806702351738
588,4.660571479636583
589,4.290985965251266
590,4.290985965251266
591,2.2351250865252035
592,4.375738750141471
593,4.761228953326431
594,4.417491400322722
595,5.0
596,5.0
597,3.8069937639308358
598,4.131333616580328
599,5.0
600,5.0
601,4.0891528239701245
602,4.895607260305241
603,3.9449353317293183
604,3.9449353317293183
605,4.414398661090246
606,4.414398661090246
607,3.981722516960295
608,5.0
609,3.3674723425611632
610,3.3674723425611632
611,3.0
612,5.000000000000001
613,3.7380998284380644
614,4.891499750342422
615,5.0
616,4.515166825897984
617,4.515166825897984
618,4.86265172552731
619,4.86265172552731
620,4.258923570373401
621,3.3822403791512654
622,3.882073610302114
623,4.0
624,5.0
625,4.0
626,4.9024272419804165
627,4.819005512973121
628,3.820138931951865
629,4.464792278211852
630,3.760706793337223
631,3.760706793337223
632,4.0613770785596035
633,4.0613770785596035
634,4.842961919439606
635,4.219945035179428
636,4.219945035179428
637,3.338231427988809
638,3.338231427988809
639,4.7949848715399845
640,2.819613500309557
641,2.819613500309557
642,4.941108075829614
643,3.6117728501152238
644,3.6117728501152238
645,3.6904837184661297
646,4.048327219392249
647,4.745504966447987
648,1.0
649,1.0
650,4.696262461227756
651,4.950576102690519
652,3.701530527260256
653,3.690409727508415
654,3.690409727508415
655,4.56267206365236
656,4.56267206365236
657,4.38693666045613
658,4.38693666045613
659,4.518235256886845
660,4.237459957323273
661,2.4020960803704723
662,4.436335337654709
663,4.436335337654709
664,4.325495371107967
665,4.325495371107967
666,4.0421308017585496
667,4.0421308017585496
668,4.47922038438613
669,3.745905902180736
670,4.084822145249579
671,3.7448685682248652
672,4.999999999999999
673,3.2894137023494388
674,3.2894137023494388
675,3.7858918261799457
676,4.52066732523637
677,4.52066732523637
678,4.7889056358099005
679,3.6897838459200796
680,4.581162564987678
681,4.851191982889492
682,3.2992655505820276
683,5.0
684,5.0
685,4.825166953852837
686,3.57953253486644
687,3.57953253486644
688,2.0
689,4.890264193619042
690,2.1360182498235223
691,2.1360182498235223
692,1.6852334830341462
693,3.7991612867223923
694,4.710730521524467
695,4.710730521524467
696,4.0
697,3.4976184057309014
698,3.4976184057309014
699,4.0
700,3.2529152713460787
701,3.2529152713460787
702,3.261739596009653
703,3.261739596009653
704,2.906760521848429
705,2.906760521848429
706,3.9853112959708397
707,4.247402318829425
708,5.0
709,2.0
710,2.0
711,4.243808568384694
712,5.0
713,4.415944426872385
714,4.415944426872385
715,4.5846176195534545
716,4.160255567450806
717,4.655056151596156
718,4.655056151596156
719,4.817098763726146
720,2.2237428889876187
721,2.2237428889876187
722,3.8546085340450778
723,3.8546085340450778
724,3.3063013901269294
725,4.508913046583002
726,4.114218346121827
727,4.813994729525594
728,4.642786812254707
729,2.5053614724390694
730,4.694998124062696
731,4.694998124062696
732,2.8942232961037697
733,4.746694390767989
734,4.38230836738296
735,4.004209702890174
736,4.004209702890174
737,4.55842229031985
738,4.55842229031985
739,5.0
740,3.0
741,3.0
742,4.462531785549481
743,4.193168751769778
744,3.0
745,3.0
746,4.246497462545087
747,5.0
748,5.0
749,1.6477641571605155
750,1.6477641571605155
751,3.891139360258606
752,4.0
753,4.534254281591391
754,4.534254281591391
755,4.585909426321064
756,3.6610425205076824
757,3.6610425205076824
758,4.061705076976974
759,4.061705076976974
760,4.762996057884572
761,3.9325914590344127
762,4.999999999999999
763,4.999999999999999
764,5.0
765,3.9959584023361128
766,3.9959584023361128
767,4.664126359992601
768,3.7887144348801276
769,3.605886427297745
770,4.2534169078468
771,4.523808776771742
772,5.0
773,3.0
774,2.026475908058391
775,2.026475908058391
776,5.0
777,5.0
778,4.89373528970029
779,4.89373528970029
780,4.819697882676642
781,4.79353560582884
782,4.520333000047546
783,5.0
784,5.0
785,4.182322136458465
786,4.182322136458465
787,4.0526231889191795
788,4.0526231889191795
789,4.2147442111408955
790,4.2147442111408955
791,3.689439256137846
792,4.190903576487593
793,4.168172174442329
794,4.407682810531694
795,4.512565120090378
796,4.366392082943189
797,4.366392082943189
798,5.0
799,5.0
800,4.373868253720835
801,5.0
802,4.70625357777529
803,4.699077748809688
804,1.0
805,1.0
806,3.468088689884218
807,3.468088689884218
808,2.5
809,2.5
810,3.9440564629008366
811,3.9440564629008366
812,4.771578255052448
813,4.771578255052448
814,4.470543734200532
815,4.432317563769751
816,4.127926745719304
817,4.127926745719304
818,5.0
819,4.285565187314384
820,4.451573387715297
821,4.451573387715297
822,2.9680664679732716
823,2.9680664679732716
824,4.408622407861032
825,4.408622407861032
826,4.714132317004457
827,4.616291026137196
828,5.0
829,3.0882164969029704
830,5.0
831,4.143530819062096
832,3.5846086081906336
833,3.891965857531284
834,3.891965857531284
835,5.000000000000001
836,3.1137260254026464
837,4.514680887982297
838,3.6816292338685717
839,3.6816292338685717
840,4.289718874875516
841,4.119365290973387
842,4.119365290973387
843,4.511165430579071
844,3.8267556067296287
845,3.8267556067296287
846,4.690720075948115
847,5.0
848,4.999999999999999
849,4.999999999999999
850,4.129166055822768
851,2.51066861052411
852,4.491778127016337
853,4.491778127016337
854,3.427130036079619
855,4.414670433649657
856,4.414670433649657
857,4.4114204368821355
858,4.921983036638355
859,4.249852301281163
860,4.249852301281163
861,3.7609764840966062
862,3.7609764840966062
863,4.0386235676981
864,4.0386235676981
865,5.0
866,3.178763877404826
867,3.178763877404826
868,4.834854661000928
869,5.0
870,4.406697643618803
871,4.406697643618803
872,5.000000000000001
873,4.809489651203085
874,5.0
875,5.0
876,3.7883905460435727
877,3.7883905460435727
878,3.60812124537675
879,3.0
880,4.654597353861873
881,4.930912707611445
882,4.930912707611445
883,4.187623496206005
884,4.2546738827661095
885,4.697434538625039
886,3.394589782091787
887,2.6657740071473675
888,4.167742757885968
889,4.167742757885968
890,4.318755273441218
891,4.318755273441218
892,4.404210160414102
893,4.270588019486778
894,4.270588019486778
895,3.7443245469271345
896,5.0
897,4.023102677511258
898,4.023102677511258
899,5.0
900,5.0
901,4.398865996249716
902,4.027940744241625
903,4.027940744241625
904,3.998293735507177
905,4.1769780172907796
906,2.0
907,4.763505778596673
908,4.678422997584668
909,5.0
910,4.467730634249427
911,4.673361505682967
912,4.324081203977208
913,1.8543489802450606
914,4.627890116948674
915,4.627890116948674
916,5.0
917,5.0
918,5.0
919,3.443858873090833
920,1.9261547728212405
921,5.0
922,5.0
923,4.973181365034508
924,3.6229802333473713
925,3.9897665635531747
926,2.1078326212449117
927,2.1078326212449117
928,4.677264349106301
929,3.679901039651534
930,3.679901039651534
931,3.6388739930243488
932,3.642988533454974
933,4.164267095807998
934,4.164267095807998
935,4.176857483125257
936,4.871641805258482
937,2.5
938,3.34521501442992
939,3.34521501442992
940,5.0
941,4.792566347229684
942,4.112169280039455
943,4.112169280039455
944,3.9809578573721387
945,3.9809578573721387
946,4.266053326158481
947,4.729897414912644
948,4.729897414912644
949,5.0
950,5.0
951,5.0
952,5.0
953,4.656481578260867
954,3.3985836288608
955,3.3985836288608
956,4.1263544894205175
957,4.187420010632476
958,4.315507772894467
959,4.315507772894467
960,4.684656137980361
961,4.684656137980361
962,3.1614204929464527
963,3.1614204929464527
964,4.560207139388214
965,4.085852474354647
966,3.812684476368201
967,4.487722684196164
968,4.303259338420467
969,4.055682694188537
970,4.8186156595504075
971,3.9360443299568684
972,5.0
973,4.89720231537134
974,4.293779426994871
975,4.293779426994871
976,4.563655602397477
977,5.0
978,4.5484064976340495
979,4.5484064976340495
980,4.127107333725264
981,4.59331392757756
982,4.59331392757756
983,4.775198429151045
984,4.949596360666869
985,3.8393224832462254
986,5.0
987,4.733835983609045
988,5.0
989,5.0
990,3.2979922165049986
991,3.2979922165049986
992,2.1880227753596126
993,2.1880227753596126
994,4.259907885719365
995,4.259907885719365
996,3.954810222402353
997,4.563519484866511
998,4.058211277878367
999,4.536852327737125
1000,4.536852327737125
1001,3.8471253370093197
1002,5.0
1003,5.0
1004,5.0
1005,4.522843799784089
1006,4.267379679268115
1007,4.267379679268115
1008,4.254840542594789
1009,4.697032919406179
1010,4.162419674844559
1011,4.658306800163166
1012,3.6108060582364065
1013,4.539943074732145
1014,4.699423329146879
1015,3.0
1016,3.4527193303866563
1017,5.0
1018,3.9765208553743565
1019,4.320363306826595
1020,4.320363306826595
1021,5.0
1022,5.0
1023,4.211385726028306
1024,4.211385726028306
1025,4.071638783720143
1026,4.095131346839044
1027,4.497673586801098
1028,4.497673586801098
1029,4.999999999999999
1030,2.8441109403761473
1031,2.8441109403761473
1032,4.737832890245952
1033,4.890286124719483
1034,4.890286124719483
1035,4.463433489855685
1036,4.026367967217185
1037,4.302675272298663
1038,4.502430579176871
1039,4.8301452302809995
1040,4.8301452302809995
1041,4.246145717472674
1042,4.198412913718409
1043,1.7247295819474076
1044,1.7247295819474076
1045,2.95767510683922
1046,2.95767510683922
1047,4.575820614805445
1048,4.929383492948849
1049,3.6453895523707702
1050,4.531427490464703
1051,4.446403238594767
1052,3.562831158572579
1053,3.562831158572579
1054,4.147219420949162
1055,4.147219420949162
1056,4.150426011280174
1057,4.315894719930372
1058,5.000000000000001
1059,4.979297689696164
1060,5.000000000000001
1061,3.8347952388131112
1062,4.365818112643235
1063,4.365818112643235
1064,4.339041452992634
1065,4.088067142865655
1066,3.078784262805174
1067,4.4593670564275465
1068,4.677567826989581
1069,5.0
1070,4.027579296662002
1071,4.027579296662002
1072,2.5
1073,4.5524877563448545
1074,4.5524877563448545
1075,4.0
1076,3.9446892655255237
1077,3.9446892655255237
1078,4.4953675509516895
1079,4.359676614090818
1080,2.4914716919799127
1081,4.466609705979144
1082,4.466609705979144
1083,4.643420390286181
1084,4.999999999999999
1085,2.5
1086,3.7487358741866457
1087,4.738406319030068
1088,4.630840749379556
1089,4.936104825059835
1090,4.631914558751928
1091,4.631914558751928
1092,3.8680968400583304
1093,3.8680968400583304
1094,4.770977289241118
1095,4.30812308323712
1096,4.922346131326166
1097,4.922346131326166
1098,4.355514711511833
1099,4.999999999999999
1100,3.9343168099570973
1101,3.9343168099570973
1102,4.487561093313135
1103,4.254355605507159
1104,4.037270212202962
1105,4.743569791381918
1106,4.743569791381918
1107,5.0
1108,5.0
1109,5.0
1110,3.738392005654726
1111,5.0
1112,4.270499290442854
1113,4.270499290442854
1114,1.0
1115,1.0
1116,3.0
1117,4.791499978893821
1118,4.0
1119,4.387308284160643
1120,4.8665075580862505
1121,4.8665075580862505
1122,5.0
1123,5.0
1124,4.725432170267683
1125,5.0
1126,2.4733650633795894
1127,5.0
1128,3.56032101076607
1129,4.0
1130,4.0
1131,3.906941401456789
1132,3.906941401456789
1133,4.824474004658448
1134,4.845746431386226
1135,4.662254203969095
1136,4.2245333080604635
1137,4.739252512391049
1138,4.220230412892649
1139,3.432877053583543
1140,2.791671478105242
1141,3.892175479496977
1142,3.69058259080225
1143,5.0
1144,3.7950669067623446
1145,3.7950669067623446
1146,4.790311348417859
1147,4.790511076075077
1148,4.612911207611301
1149,4.151132749063454
1150,5.0
1151,4.575107996652746
1152,3.8161895441741307
1153,3.8161895441741307
1154,3.1093711721651607
1155,4.513077000651837
1156,4.757378686774986
1157,4.576248760154455
1158,5.0
1159,3.0
1160,5.0
1161,4.282891476234933
1162,3.728231800933677
1163,3.604244578418525
1164,3.317807840459318
1165,4.409576367686343
1166,4.409576367686343
1167,4.791496643885226
1168,4.74018833107226
1169,4.74018833107226
1170,2.5
1171,4.302325846025871
1172,4.938952209194151
1173,4.8705389532258385
1174,4.8705389532258385
1175,4.556230644273168
1176,4.947251306402674
1177,2.0
1178,5.0
1179,4.588659164300139
1180,4.185740466120831
1181,4.450703051582915
1182,4.450703051582915
1183,4.05502308111613
1184,4.6024222245827175
1185,4.781525424741083
1186,4.8402966151119635
1187,4.030827857017314
1188,5.000000000000001
1189,5.000000000000001
1190,4.999999999999999
1191,4.666446585142677
1192,4.666446585142677
1193,5.0
1194,5.000000000000001
1195,3.6606388171063036
1196,3.64975769135473
1197,3.64975769135473
1198,4.20410856989261
1199,4.09854589690523
1200,4.09854589690523
1201,4.0473367383635965
1202,4.0473367383635965
1203,5.0
1204,3.1142807073154954
1205,3.1142807073154954
1206,4.0
1207,2.5556112747203703
1208,2.5556112747203703
1209,5.0
1210,4.199857681239026
1211,4.199857681239026
1212,4.654434100060494
1213,4.375773145837143
1214,3.4936272348818176
1215,3.4936272348818176
1216,3.4928530685647896
1217,3.4928530685647896
1218,5.0
1219,4.540674766272632
1220,3.826292158566524
1221,4.385795922072572
1222,4.385795922072572
1223,2.5
1224,4.918196319904543
1225,4.374605223382514
1226,4.037071167113524
1227,3.938600152836895
1228,3.938600152836895
1229,2.4238001899495143
1230,2.4238001899495143
1231,4.678318918928842
1232,4.083300443415145
1233,4.999999999999999
1234,5.0
1235,3.560999000142639
1236,3.560999000142639
1237,4.112358606228973
1238,4.112358606228973
1239,3.8833046897248282
1240,4.88016646439809
1241,3.0
1242,3.0
1243,4.027929975628524
1244,3.8331197987028474
1245,4.7239502925504055
1246,4.115931735751302
1247,3.7076016174869846
1248,3.9793918729579665
1249,4.0
1250,3.619509781323322
1251,4.245092097523128
1252,4.245092097523128
1253,3.9834881893218608
1254,3.9834881893218608
1255,4.351343710288978
1256,4.476191223228258
1257,4.846478101735257
1258,2.6484485345990203
1259,4.368480539366649
1260,3.6827316194288624
1261,3.9398068796732164
1262,1.0
1263,1.0
1264,4.1802803910714355
1265,4.899435895725417
1266,2.6296754266824367
1267,4.4292814054927
1268,4.4292814054927
1269,3.378357945896718
1270,3.7018183290986832
1271,3.1798974694999353
1272,4.0183326871208465
1273,4.0183326871208465
1274,4.306552004528363
1275,4.265728030453128
1276,5.0
1277,4.0
1278,3.994372663587356
1279,3.367713752103662
1280,3.367713752103662
1281,4.7824206319342775
1282,4.492966516284225
1283,3.8575179468018024
1284,4.000974162636692
1285,3.2266576037659807
1286,3.2266576037659807
1287,3.589661022291039
1288,4.163976968648695
1289,4.608625702796865
1290,3.5372711332051603
1291,3.0
1292,5.0
1293,4.0
1294,4.0
1295,3.4332623950799275
1296,3.4332623950799275
1297,5.0
1298,3.867928878599501
1299,3.867928878599501
1300,4.646334206599135
1301,4.199697891217801
1302,4.199697891217801
1303,5.0
1304,4.025534418486865
1305,4.0
1306,3.4499413553262865
1307,5.0
1308,5.0
1309,3.4072737958898105
1310,4.316151048607281
1311,3.807406307285642
1312,3.807406307285642
1313,4.0
1314,4.63154837266849
1315,4.63154837266849
1316,4.684920484680156
1317,4.694483762100633
1318,5.000000000000001
1319,5.000000000000001
1320,5.0
1321,4.964636632732377
1322,5.0
1323,3.738471295470051
1324,4.604359272533423
1325,4.447778692659903
1326,4.174229387557687
1327,3.0
1328,4.448548673194225
1329,4.53124049067134
1330,5.0
1331,5.0
1332,3.7712740167127397
1333,3.7712740167127397
1334,1.0
1335,1.0
1336,3.5792962993990565
1337,3.5792962993990565
1338,4.6053862705623585
1339,5.0
1340,3.9813483509691356
1341,5.0
1342,4.362986383636188
1343,2.8922279754629474
1344,2.8922279754629474
1345,3.506137481717866
1346,3.6152467424299357
1347,5.0
1348,3.606280500609261
1349,5.0
1350,4.421051475176257
1351,5.0
1352,3.89293266041059
1353,4.379237457646972
1354,3.899661895902051
1355,4.176410798189381
1356,4.396374610938478
1357,4.0
1358,5.000000000000001
1359,5.000000000000001
1360,5.0
1361,5.0
1362,4.296196015206577
1363,5.0
1364,4.644854540074023
1365,5.000000000000001
1366,4.39520996673361
1367,4.48327617903987
1368,5.000000000000001
1369,5.000000000000001
1370,4.4194005456061936
1371,4.3759015486463255
1372,5.0
1373,4.687689363504236
1374,3.6298199363492305
1375,3.6298199363492305
1376,4.396841112579234
1377,1.0
1378,1.0
1379,3.945216524790083
1380,3.945216524790083
1381,4.999999999999999
1382,3.159882205155651
1383,5.0
1384,3.0
1385,4.012687087097575
1386,4.0
1387,4.0
1388,4.747151160759995
1389,4.525957481311562
1390,2.5
1391,4.094958229427976
1392,3.175857165115601
1393,3.175857165115601
1394,4.075867753141601
1395,4.075867753141601
1396,5.0
1397,2.049297577335201
1398,4.490765237589121
1399,4.050804545079465
1400,4.879956671434928
1401,4.879956671434928
1402,4.270963783409207
1403,4.0
1404,4.262080972348418
1405,4.262080972348418
1406,4.625676347855821
1407,4.121367345854682
1408,4.753912111180994
1409,4.57475636154398
1410,3.6768118862321932
1411,3.6768118862321932
1412,4.0
1413,5.0
1414,4.340723051140511
1415,4.0
1416,4.1812965021065915
1417,4.0
1418,4.111727675680879
1419,4.603729000764273
1420,5.0
1421,3.876827299404078
1422,3.876827299404078
1423,3.963808830670592
1424,3.7417001504164666
1425,3.7417001504164666
1426,4.661583373363085
1427,4.360480933085917
1428,4.288312523517825
1429,4.111262491956789
1430,3.341588068592619
1431,3.7946220147544576
1432,4.772284169008877
1433,5.0
1434,5.0
1435,5.0
1436,3.3213829818251215
1437,3.3213829818251215
1438,4.459252754775191
1439,4.0
1440,4.0
1441,5.0
1442,5.0
1443,4.0
1444,4.295431098788167
1445,5.0
1446,4.498887084733151
1447,4.751478828268942
1448,3.5463588139236792
1449,3.5463588139236792
1450,4.231896553532999
1451,4.290294407212406
1452,3.6752403648453584
1453,4.0
1454,4.0
1455,3.272551007334012
1456,4.2390031841324465
1457,4.322919978145883
1458,4.599880085937974
1459,5.0
1460,3.80371764763744
1461,3.80371764763744
1462,5.000000000000001
1463,4.666981314729951
1464,4.0
1465,4.0
1466,3.595532206378175
1467,3.5818957514517513
1468,5.0
1469,4.0
1470,3.0
1471,3.0
1472,5.0
1473,5.0
1474,5.0
1475,4.239622342365998
1476,3.872365070374025
1477,3.79373446549708
1478,4.466301314416111
1479,4.466301314416111
1480,3.4939146379545787
1481,3.3746785459973143
1482,3.3746785459973143
1483,4.09016928089819
1484,5.0
1485,4.0
1486,4.713670477022371
1487,4.713670477022371
1488,4.826135278010716
1489,4.717470875430302
1490,5.0
1491,3.538442478407474
1492,2.9270560293374817
1493,4.308303985366403
1494,4.308303985366403
1495,4.153150695063465
1496,4.23813349039092
1497,4.23813349039092
1498,3.5881335482930794
1499,4.256885684699133
1500,5.0
1501,3.6669276702781133
1502,4.655727291794212
1503,4.655727291794212
1504,3.0
1505,2.557898457582525
1506,4.0
1507,1.0
1508,4.0
1509,5.000000000000001
1510,3.801289434926119
1511,3.801289434926119
1512,5.000000000000001
1513,3.0692209233727996
1514,4.0
1515,5.0
1516,4.560251791887757
1517,3.6356156809186357
1518,4.800764093862496
1519,4.8865056747512785
1520,4.556528267650611
1521,4.0
1522,4.290104819753892
1523,3.683722294492048
1524,4.6996228645516105
1525,4.338286210382949
1526,4.277256113026629
1527,4.694427956788492
1528,4.24232843494173
1529,3.8544883663098397
1530,4.691398427065624
1531,4.295431098788167
1532,4.0
1533,4.0
1534,3.537545678741342
1535,4.396532238535627
1536,4.396532238535627
1537,4.0
1538,4.055646828663262
1539,4.055646828663262
1540,3.8528269301963225
1541,3.8528269301963225
1542,4.20915054534664
1543,4.1619684385997315
1544,3.872080217385865
1545,5.0
1546,3.841900332770952
1547,4.092994584882836
1548,5.0
1549,5.0
1550,4.633736623924516
1551,5.000000000000001
1552,5.0
1553,4.862115371004493
1554,4.0
1555,4.4071979252683535
1556,4.283433403170809
1557,2.508078958347939
1558,5.0
1559,5.0
1560,4.999999999999999
1561,4.4281103503903605
1562,5.0
1563,3.955930189907083
1564,4.03160815284957
1565,4.0
1566,4.2171125901605135
1567,4.052417723686362
1568,4.228992916167686
1569,2.7479878872538595
1570,3.887700337179516
1571,4.637303643989809
1572,2.0
1573,4.280366420994195
1574,5.0
1575,4.379414494114349
1576,5.0
1577,4.114795642926605
1578,4.114795642926605
1579,3.8533167332579863
1580,3.8533167332579863
1581,4.369187444159098
1582,2.5
1583,4.492968994704929
1584,3.948330143435731
1585,4.657598229834051
1586,5.0
1587,3.7997309222968276
1588,3.7997309222968276
1589,4.340165980425634
1590,5.0
1591,3.498538511008722
1592,3.498538511008722
1593,4.53920267122196
1594,3.6055459786237147
1595,3.6055459786237147
1596,4.376564153211759
1597,4.724446895521551
1598,4.999999999999999
1599,4.315172754406272
1600,4.428186520815088
1601,4.428186520815088
1602,4.240162574163456
1603,4.403007326307617
1604,3.674005196030776
1605,3.674005196030776
1606,5.0
1607,3.0
1608,3.612673531605163
1609,3.497726946229927
1610,4.766544998050063
1611,4.036109898296872
1612,4.434669254059427
1613,3.696359442513309
1614,3.2408880551582744
1615,3.992096070789054
1616,4.0
1617,4.269019384066703
1618,4.680659163074208
1619,4.680659163074208
1620,4.735246837592781
1621,4.735246837592781
1622,4.509691233307417
1623,5.0
1624,5.0
1625,3.5159255534991134
1626,4.451812108767545
1627,3.0
1628,3.0
1629,4.0
1630,4.503962772081752
1631,4.999999999999999
1632,4.297690206293337
1633,4.297690206293337
1634,4.237291615254765
1635,4.534174238703787
1636,4.534174238703787
1637,5.0
1638,4.564994240786223
1639,4.329998691025776
1640,4.023915653402023
1641,4.023915653402023
1642,3.83169827483284
1643,4.482581226599437
1644,4.85146771368892
1645,4.85146771368892
1646,4.641590170591746
1647,4.0305563751657445
1648,5.0
1649,3.4092924051924585
1650,3.1243652044659815
1651,4.0
1652,5.0
1653,5.0
1654,3.494991168143784
1655,5.0
1656,5.0
1657,5.0
1658,3.763161571858764
1659,4.301283684973146
1660,4.301283684973146
1661,5.0
1662,3.0
1663,3.924232571724201
1664,3.924232571724201
1665,3.895769965787944
1666,5.0
1667,4.0
1668,4.0
1669,4.999999999999999
1670,4.999999999999999
1671,4.171785722292056
1672,4.171785722292056
1673,5.0
1674,4.442404351915012
1675,4.399940688545007
1676,4.399940688545007
1677,3.6395077112156007
1678,3.0
1679,3.0
1680,4.174591482103973
1681,3.648026848590469
1682,3.648026848590469
1683,4.456354808764056
1684,5.0
1685,4.693124952120442
1686,4.0
1687,5.0
1688,5.0
1689,3.9583143693511116
1690,5.0
1691,5.0
1692,3.0584477536873584
1693,5.0
1694,4.0
1695,5.0
1696,3.0
1697,4.254752938779187
1698,4.3277619152955795
1699,4.3277619152955795
1700,5.0
1701,3.365363936281404
1702,3.8406180722277763
1703,3.5035625154531385
1704,4.018478463241293
1705,4.018478463241293
1706,5.0
1707,3.7539324566273726
1708,3.7539324566273726
1709,2.503326305405163
1710,2.503326305405163
1711,2.417442574888824
1712,4.0
1713,4.95126295604672
1714,4.95126295604672
1715,3.3242242672995097
1716,5.0
1717,5.0
1718,5.0
1719,4.524914628336637
1720,5.0
1721,4.0
1722,4.783316086978951
1723,2.975189058178415
1724,2.975189058178415
1725,5.000000000000001
1726,5.000000000000001
1727,5.000000000000001
1728,4.522590743846793
1729,3.6559303745564864
1730,2.0
1731,4.149471890771824
1732,3.854818942445124
1733,4.826484032013264
1734,4.343687177946051
1735,4.343687177946051
1736,5.0
1737,5.0
1738,3.6356156809186357
1739,1.0
1740,3.660659250021464
1741,4.604043956798163
1742,4.604043956798163
1743,4.450975269506751
1744,3.8053580945650394
1745,4.018729638896755
1746,2.0
1747,4.324242564042592
1748,4.5285887854590845
1749,4.999999999999999
1750,4.999999999999999
1751,4.0
1752,4.0
1753,4.0
1754,5.000000000000001
1755,4.478994677631282
1756,4.726315145352893
1757,4.0
1758,5.0
1759,5.0
1760,5.0
1761,3.886800849107488
1762,5.0
1763,5.0
1764,4.186371483638239
1765,4.0
1766,4.124840511426777
1767,4.124840511426777
1768,5.0
1769,4.6826949953097605
1770,5.0
1771,3.0
1772,4.56408374057582
1773,5.0
1774,5.0
1775,4.407399570013344
1776,4.180861634258136
1777,4.334166211229666
1778,4.312079032301911
1779,5.0
1780,5.0
1781,1.0
1782,1.0
1783,2.988481051943702
1784,2.988481051943702
1785,4.109734776273399
1786,3.2537978668676204
1787,3.2537978668676204
1788,5.0
1789,5.0
1790,4.0
1791,4.86241654546129
1792,3.8516770816578108
1793,5.0
1794,4.607254435094146
1795,4.607254435094146
1796,3.349674996851947
1797,4.580846788729343
1798,3.6547877935206508
1799,4.06726400608928
1800,4.631142412542843
1801,4.362986383636188
1802,3.8970393678320803
1803,4.695025901260748
1804,4.695025901260748
1805,4.520760581327832
1806,4.520760581327832
1807,3.2005044058466656
1808,3.2005044058466656
1809,3.0
1810,4.826699596050131
1811,3.0023884512355203
1812,4.656743589865847
1813,4.999999999999999
1814,4.999999999999999
1815,4.546579137070701
1816,4.546579137070701
1817,4.45340712760724
1818,4.31924102092415
1819,3.5903875627982913
1820,3.5903875627982913
1821,5.000000000000001
1822,4.451357825598519
1823,4.451357825598519
1824,5.0
1825,2.0
1826,4.295431098788167
1827,4.249841849705178
1828,5.0
1829,4.465210389971795
1830,4.4374173720866565
1831,3.487167415330609
1832,3.487167415330609
1833,4.715634776640769
1834,4.846246300536626
1835,4.846246300536626
1836,5.000000000000001
1837,4.072993622155456
1838,5.0
1839,2.9427534531822466
1840,2.9427534531822466
1841,4.414374222716483
1842,3.938387027233088
1843,4.5169358328177704
1844,5.0
1845,4.0
1846,5.0
1847,4.839497681423624
1848,4.434416723018557
1849,4.709705592787594
1850,4.925883795522725
1851,4.254442811119568
1852,5.0
1853,5.0
1854,4.542850197053615
1855,5.0
1856,3.7788648469338155
1857,5.0
1858,4.338646926800602
1859,4.338646926800602
1860,5.0
1861,5.0
1862,4.5491892583533655
1863,5.0
1864,4.0
1865,4.0
1866,4.999999999999999
1867,4.999999999999999
1868,4.243131554465503
1869,4.243131554465503
1870,3.8692041900700778
1871,4.301384990586953
1872,4.301384990586953
1873,3.488298461353603
1874,3.488298461353603
1875,2.5
1876,4.046796766022227
1877,5.0
1878,5.0
1879,2.5
1880,1.8194817103223824
1881,5.000000000000001
1882,4.431461490191662
1883,2.0
1884,2.0
1885,3.7315256635035476
1886,3.923582962060922
1887,3.0
1888,4.0
1889,5.0
1890,5.0
1891,4.459626425776836
1892,5.0
1893,5.000000000000001
1894,4.7208124209427265
1895,5.0
1896,5.0
1897,5.0
1898,4.999999999999999
1899,4.999999999999999
1900,4.265881009466474
1901,4.265881009466474
1902,4.798705656810901
1903,4.026667161108198
1904,4.026667161108198
1905,4.41171425595858
1906,4.41171425595858
1907,4.680600957147739
1908,4.42803480223983
1909,4.42803480223983
1910,3.655730810609057
1911,1.0
1912,1.0
1913,3.6805653830879193
1914,5.0
1915,4.835464570032759
1916,4.712642700242241
1917,4.712642700242241
1918,5.0
1919,4.503833057534672
1920,5.0
1921,5.0
1922,5.0
1923,4.414890209631388
1924,5.0
1925,4.0
1926,4.29551613162337
1927,4.3297074608455315
1928,4.273406596367203
1929,4.273406596367203
1930,4.0
1931,5.0
1932,5.0
1933,4.999999999999999
1934,3.802103313698608
1935,4.367184050852096
1936,5.0
1937,5.0
1938,5.0
1939,5.0
1940,4.403747076172672
1941,4.640228878458062
1942,4.640228878458062
1943,4.19813040412297
1944,4.232099492664357
1945,4.0
1946,4.779442925162272
1947,5.0
1948,5.0
1949,3.0
1950,3.5415243363223277
1951,4.716373747528466
1952,4.716373747528466
1953,4.737982771383485
1954,4.533880943217982
1955,3.796345995651602
1956,3.796345995651602
1957,4.6397576687637105
1958,4.260645450232477
1959,3.635295424742949
1960,5.000000000000001
1961,4.832638161496167
1962,5.0
1963,5.0
1964,5.0
1965,4.0
1966,5.0
1967,3.150351954456016
1968,4.408864259691447
1969,4.408864259691447
1970,2.8882396991753
1971,5.0
1972,3.886019118122807
1973,3.766588181248434
1974,3.766588181248434
1975,4.688778815829255
1976,4.688778815829255
1977,3.211533060744821
1978,4.634372639477691
1979,4.634372639477691
1980,4.0
1981,4.764914732407786
1982,4.041296919923538
1983,4.2251834993927355
1984,1.7077484599003985
1985,3.264424523604638
1986,3.264424523604638
1987,3.6875908295685877
1988,5.0
1989,5.0
1990,4.0
1991,2.5
1992,4.0
1993,5.0
1994,4.22227861350241
1995,4.636997956212997
1996,5.0
1997,5.0
1998,5.0
1999,5.0
2000,5.0
2001,3.9675958121635477
2002,3.9675958121635477
2003,4.6258770999513725
2004,4.6258770999513725
2005,4.0
2006,4.074710893305751
2007,2.8080931923923846
2008,4.0
2009,4.0
2010,4.0
2011,5.0
2012,2.62228009821451
2013,2.62228009821451
2014,4.614276296809137
2015,5.0
2016,3.381063382018782
2017,4.708102689038739
2018,3.0000000000000004
2019,4.691908377868003
2020,4.691908377868003
2021,4.0
2022,4.0
2023,5.0
2024,4.3378225815437315
2025,2.5
2026,4.437977377430505
2027,4.753005489231785
2028,3.824973902366624
2029,2.3887719623528034
2030,3.938057381420743
2031,4.3004333999476465
2032,4.0
2033,4.3885828350131915
2034,3.9130859368260817
2035,5.0
2036,5.0
2037,5.0
2038,4.147190389653163
2039,4.0
2040,4.0
2041,5.0
2042,4.41164100130595
2043,3.386826465743982
2044,5.0
2045,3.6611816857717847
2046,4.046232649179083
2047,4.624752578846497
2048,3.2957455457997806
2049,3.2957455457997806
2050,1.0
2051,1.0
2052,4.536852327737125
2053,4.043537536026831
2054,3.6185568994827864
2055,4.0
2056,5.0
2057,5.0
2058,4.184307404964277
2059,4.184307404964277
2060,3.4939146379545787
2061,4.898157993045171
2062,4.898157993045171
2063,4.712258973407455
2064,5.0
2065,4.6639878764280445
2066,4.6639878764280445
2067,3.0
2068,3.0
2069,5.0
2070,4.47663706562566
2071,3.0
2072,3.0
2073,5.0
2074,4.095589420049557
2075,5.0
2076,5.0
2077,4.3957328388391845
2078,3.0
2079,5.0
2080,5.0
2081,2.8853515995255874
2082,4.6343294932047865
2083,4.452158372589531
2084,4.035534961266949
2085,4.728174184621168
2086,4.0
2087,5.0
2088,3.6909850308803227
2089,5.0
2090,5.0
2091,2.5
2092,4.500929865065113
2093,3.3447501841138165
2094,4.297651020081568
2095,3.75117378737011
2096,3.0
2097,3.0
2098,5.0
2099,5.0
2100,4.0
2101,4.245438582396895
2102,5.0
2103,4.40640902904882
2104,4.54874354045481
2105,4.54874354045481
2106,5.000000000000001
2107,4.072185186273503
2108,5.0
2109,5.0
2110,4.811825154872895
2111,5.0
2112,5.0
2113,4.064052304220334
2114,4.064052304220334
2115,3.7268498233797605
2116,3.7268498233797605
2117,3.0
2118,4.0
2119,4.0
2120,3.0
2121,4.06629688568777
2122,2.5
2123,4.0498777772666905
2124,4.0498777772666905
2125,4.626229474015564
2126,5.0
2127,4.658099439532123
2128,4.658099439532123
2129,4.0
2130,4.999999999999999
2131,4.999999999999999
2132,4.345316544817763
2133,4.305696581360758
2134,4.0
2135,4.152491931653437
2136,5.0
2137,4.025583301327292
2138,5.0
2139,5.0
2140,4.999999999999999
2141,4.0
2142,4.0
2143,4.999999999999999
2144,4.999999999999999
2145,5.0
2146,5.0
2147,3.7479878872538595
2148,5.0
2149,5.0
2150,5.0
2151,4.0
2152,1.0
2153,4.999999999999999
2154,4.999999999999999
2155,3.6401194614792822
2156,1.0
2157,1.0
2158,5.0
2159,5.0
2160,4.128520573418893
2161,3.81757933428064
2162,4.75002724554551
2163,4.75002724554551
2164,4.0
2165,5.0
2166,3.093158274141402
2167,4.999999999999999
2168,4.999999999999999
2169,4.735651495713167
2170,5.0
2171,3.0
2172,5.0
2173,4.999999999999999
2174,5.000000000000001
2175,5.0
2176,4.245068393443458
2177,2.5
2178,3.3397822690625336
2179,4.0
2180,4.2282322425212575
2181,3.2257686521386604
2182,4.6146200398722295
2183,4.6146200398722295
2184,4.0
2185,4.562742442026687
2186,4.562742442026687
2187,4.292509753244804
2188,4.0
2189,3.426227853740945
2190,5.0
2191,5.0
2192,5.0
2193,4.542000919875569
2194,5.0
2195,5.0
2196,4.26016447163593
2197,5.0
2198,3.8655825396522445
2199,5.0
2200,4.427937911462644
2201,5.0
2202,5.0
2203,5.0
2204,4.0
2205,4.999999999999999
2206,1.6664846990851885
2207,4.19549827287218
2208,4.700481179639576
2209,4.6268977253191705
2210,4.0
2211,5.0
2212,4.560941523394097
2213,4.560941523394097
2214,3.648893866444242
2215,3.0
2216,4.729540219641918
2217,4.999999999999999
2218,4.999999999999999
2219,2.5
2220,2.2826204637504177
2221,3.2637798909567297
2222,5.0
2223,4.637468003652985
2224,4.540674766272632
2225,4.236646286612176
2226,4.280313504642341
2227,4.280313504642341
2228,5.0
2229,4.477031074663774
2230,4.477031074663774
2231,5.0
2232,1.0
2233,5.0
2234,5.0
2235,5.0
2236,5.0
2237,3.3710332328008414
2238,3.4585125144111686
2239,4.328169575694571
2240,5.0
2241,4.0
2242,4.0
2243,4.0
2244,5.0
2245,4.0
2246,3.0
2247,5.0
2248,3.712640222948297
2249,4.0
2250,4.85073140690916
2251,4.0
2252,4.0
2253,3.3486031581331943
2254,5.0
2255,3.2091408776978674
2256,3.2091408776978674
2257,4.0305563751657445
2258,4.999999999999999
2259,4.999999999999999
2260,4.357064397239215
2261,4.999999999999999
2262,2.9743894750812627
2263,3.524475597749046
2264,5.0
2265,4.0
2266,5.0
2267,3.0
2268,4.0
2269,5.0
2270,5.0
2271,5.0
2272,3.3045211860187793
2273,4.484815433019027
2274,2.0
2275,1.6831761371852383
2276,4.229565669301098
2277,5.0
2278,5.0
2279,4.486304253644093
2280,4.486304253644093
2281,4.0
2282,4.0
2283,5.0
2284,5.0
2285,4.123280870510322
2286,5.0
2287,5.0
2288,5.0
2289,5.0
2290,5.0
2291,4.800300848143908
2292,4.17079403429631
2293,4.468499964939624
2294,4.658033874531974
2295,2.5
2296,3.1095598587456603
2297,5.0
2298,4.712505063546363
2299,5.0
2300,4.0
2301,4.731276241477778
2302,5.0
2303,3.0
2304,3.7175485078131354
2305,3.7175485078131354
2306,2.5
2307,4.759629687829249
2308,5.0
2309,5.0
2310,4.255957243281959
2311,4.0
2312,2.5
2313,2.5
2314,3.0
2315,4.696621711079346
2316,3.0
2317,2.909902313220915
2318,4.479143825332897
2319,2.0
2320,2.0
2321,1.0
2322,5.0
2323,4.482150018215056
2324,4.482150018215056
2325,5.0
2326,4.309129713992095
2327,2.7017969859967454
2328,3.582838110975643
2329,4.001533202022768
2330,3.3404688942925778
2331,3.3404688942925778
2332,4.48124679185179
2333,4.0857053848176195
2334,4.0857053848176195
2335,2.8459528652605823
2336,5.0
2337,5.0
2338,4.0
2339,4.0
2340,3.0
2341,4.630029069788464
2342,5.0
2343,5.0
2344,4.6704281887305825
2345,5.0
2346,5.0
2347,5.0
2348,2.5
2349,5.0
2350,5.0
2351,5.0
2352,4.737476064903754
2353,4.818041710681142
2354,5.0
2355,5.0
2356,5.0
2357,4.0
2358,4.0
2359,4.0
2360,3.8476216665039358
2361,3.3746785459973143
2362,3.3746785459973143
2363,4.4753721784375875
2364,2.0993255987910744
2365,4.751522004903167
2366,5.0
2367,5.0
2368,4.365020597015116
2369,2.0
2370,5.0
2371,5.0
2372,4.439260321238474
2373,2.5
2374,3.6404998303242477
2375,4.11436715887263
2376,4.999999999999999
2377,4.999999999999999
2378,4.999999999999999
2379,3.7774691855691174
2380,4.747151160759995
2381,5.0
2382,3.0
2383,5.0
2384,4.2906720787589725
2385,4.2906720787589725
2386,4.999999999999999
2387,3.476272590863218
2388,4.431476238590576
2389,4.207745049669307
2390,4.0
2391,4.826218128203977
2392,4.918362621660954
2393,3.728837032119957
2394,3.728837032119957
2395,2.0
2396,4.771699960730243
2397,5.0
2398,3.9502264559709177
2399,5.0
2400,5.0
2401,4.049816405342725
2402,3.6606858854454214
2403,4.0
2404,4.860429754735793
2405,3.0913747399481535
2406,5.0
2407,5.0
2408,3.37399394362693
2409,2.5
2410,5.0
2411,5.0
2412,4.077784573205799
2413,5.0
2414,5.0
2415,2.904764892913033
2416,2.0
2417,2.0
2418,5.0
2419,4.375553670141557
2420,4.384376976004959
2421,4.0
2422,3.0
2423,5.0
2424,5.0
2425,4.587377680466127
2426,5.0
2427,3.0
2428,5.0
2429,2.0
2430,2.0
2431,3.375246992412009
2432,4.999999999999999
2433,5.0
2434,4.3846885651051775
2435,4.318359134774198
2436,4.318359134774198
2437,1.3305205193566851
2438,3.806152674167938
2439,3.4685183628213334
2440,4.28333232493743
2441,5.0
2442,5.0
2443,5.0
2444,5.0
2445,5.0
2446,4.541292644996241
2447,3.594827120123097
2448,5.0
2449,5.0
2450,3.5918762496848267
2451,3.5918762496848267
2452,4.177285781291302
2453,4.141244859417668
2454,4.970386207361224
2455,5.0
2456,3.0
2457,4.0
2458,4.999999999999999
2459,4.999999999999999
2460,5.0
2461,4.590140195535717
2462,4.0
2463,5.0
2464,5.0
2465,3.588744453116571
2466,3.588744453116571
2467,3.943253441610668
2468,4.0
2469,2.5
2470,3.5861329536983315
2471,4.0
2472,3.9090446250850035
2473,4.79096635491463
2474,3.0
2475,4.999999999999999
2476,5.0
2477,4.265535603760143
2478,1.8196475718637855
2479,3.822815351663841
2480,3.822815351663841
2481,5.0
2482,5.0
2483,4.336132017019197
2484,4.702341876024851
2485,4.999999999999999
2486,5.0
2487,5.0
2488,5.0
2489,5.0
2490,4.411275303674933
2491,4.411275303674933
2492,5.0
2493,2.7479878872538595
2494,2.5
2495,4.767747332769888
2496,4.0
2497,4.734437950987851
2498,3.5090797669355007
2499,5.0
2500,2.5
2501,3.0
2502,5.0
2503,5.0
2504,4.0
2505,4.0
2506,5.0
2507,4.999999999999999
2508,4.0
2509,4.406363069885197
2510,5.0
2511,2.7569963958745554
2512,4.0
2513,5.0
2514,4.6290646517679725
2515,4.6290646517679725
2516,4.709340205813295
2517,5.0
2518,5.0
2519,5.0
2520,5.0
2521,4.0
2522,2.5
2523,2.5
2524,4.0
2525,5.0
2526,4.585909426321064
2527,4.0
2528,4.999999999999999
2529,3.1054542165840995
2530,1.786906577458822
2531,5.0
2532,4.243515059640968
2533,4.136552622181818
2534,4.999999999999999
2535,3.41236142516549
2536,5.0
2537,4.0
2538,2.0412795223198095
2539,1.0
2540,4.701116649540736
2541,2.5
2542,3.6054941667803444
2543,3.6054941667803444
2544,5.0
2545,2.9720402728857036
2546,5.0
2547,5.0
2548,2.5
2549,2.7573737674282826
2550,4.999999999999999
2551,4.999999999999999
2552,5.0
2553,5.0
2554,5.0
2555,3.0
2556,4.999999999999999
2557,4.999999999999999
2558,5.0
2559,5.0
2560,5.0
2561,1.0
2562,5.0
2563,4.692199571793285
2564,4.0
2565,5.0
2566,4.41190525538236
2567,5.0
2568,4.743192687713127
2569,5.000000000000001
2570,5.000000000000001
2571,2.5
2572,3.3822295430664036
2573,4.396596002761229
2574,5.0
2575,3.7024875565307633
2576,2.3224573407819293
2577,2.3224573407819293
2578,3.716527403813752
2579,3.0
2580,4.0
2581,3.560999000142639
2582,5.0
2583,4.4797296847416845
2584,4.4797296847416845
2585,4.487824085113561
2586,4.465200997298184
2587,5.0
2588,5.0
2589,4.0
2590,4.7478718361985806
2591,4.7478718361985806
2592,4.0
2593,4.0
2594,4.2691865873397035
2595,4.0
2596,3.0
2597,5.0
2598,5.0
2599,4.0
2600,4.9272530547836055
2601,4.9272530547836055
2602,3.865204919385959
2603,2.9534235213779536
2604,4.999999999999999
2605,4.770581302690814
2606,3.8961992433908152
2607,3.8961992433908152
2608,4.0
2609,4.0
2610,3.7479878872538595
2611,4.372805870678324
2612,4.999999999999999
2613,4.0
2614,4.392924587753217
2615,2.832147463574015
2616,5.0
2617,4.0
2618,5.0
2619,5.0
2620,4.0
2621,4.0
2622,4.118847730782232
2623,1.0
2624,4.0
2625,5.0
2626,5.0
2627,2.0
2628,4.0
2629,4.0
2630,5.0
2631,3.0
2632,5.0
2633,5.0
2634,4.047617553543484
2635,2.5
2636,2.5
2637,4.379290004433004
2638,3.0
2639,4.0
2640,4.0
2641,3.912775275026943
2642,4.0
2643,4.0
2644,2.0
2645,2.0
2646,4.0
2647,4.0
2648,4.999999999999999
2649,4.500929865065113
2650,5.0
2651,5.0
2652,4.351978652116826
2653,5.0
2654,5.0
2655,4.176629306828469
2656,2.5
2657,5.0
2658,5.0
2659,2.0
2660,2.0
2661,3.0
2662,5.0
2663,4.0
2664,4.0
2665,5.0
2666,5.0
2667,5.0
2668,5.0
2669,5.0
2670,5.0
2671,4.598666919454035
2672,4.0
2673,2.0
2674,4.0
2675,3.0
2676,5.0
2677,4.0
2678,4.0
2679,5.0
2680,2.5
2681,4.0
2682,5.0
2683,3.7420454883129515
2684,4.944277241073615
2685,2.5
2686,5.0
2687,5.0
2688,5.0
2689,4.727776280976089
2690,5.0
2691,4.69195014704375
2692,4.0
2693,4.460071404980799
2694,3.37399394362693
2695,3.7487358741866457
2696,3.7487358741866457
2697,4.0
2698,5.000000000000001
2699,5.000000000000001
2700,5.0
2701,2.5
2702,4.469523243767917
2703,5.0
2704,1.0
2705,5.0
2706,5.0
2707,5.0
2708,5.0
2709,2.5
2710,5.0
2711,5.0
2712,3.5734658840219606
2713,4.365949894283183
2714,4.0
2715,4.0
2716,5.0
2717,5.0
2718,4.364480960593227
2719,3.0
2720,4.0
2721,5.0
2722,3.0
2723,5.0
2724,5.0
2725,5.0
2726,4.640440404201527
2727,4.0
2728,5.0
2729,3.470677728306115
2730,5.0
2731,5.0
2732,4.0
2733,5.0
2734,4.0
2735,4.0
2736,5.0
2737,2.5
2738,4.0
2739,5.0
2740,4.4348848564430705
2741,5.0
2742,5.0
2743,1.0
2744,1.0
2745,1.0
2746,2.5
2747,1.0
2748,3.0
2749,3.0
2750,5.0
2751,4.738194008354708
2752,2.5
2753,2.5
2754,4.0
2755,4.0
2756,5.0
2757,4.999999999999999
2758,5.0
2759,5.0
2760,3.0
2761,5.0
2762,5.0
2763,2.5
2764,2.5
2765,5.0
2766,4.514720584700683
2767,5.0
2768,5.0
2769,5.000000000000001
2770,4.0
2771,5.0
2772,5.0
2773,2.5
2774,5.0
2775,2.5
2776,5.0
2777,4.157716517426339
2778,5.0
2779,5.0
2780,4.0
2781,5.0
2782,4.999999999999999
2783,5.0
2784,4.6144284476978985
2785,5.0
2786,4.0
2787,5.0
2788,3.0
2789,2.0
2790,4.702487556530763
2791,4.59939220993
2792,5.0
2793,4.0
2794,5.0
2795,5.0
2796,5.0
2797,1.0
2798,1.0
2799,5.0
2800,1.0
2801,1.0
2802,4.431954068924836
2803,5.0
2804,5.0
2805,3.0
2806,3.0
2807,4.0
2808,2.5
2809,5.0
2810,5.0
2811,2.5
2812,5.0
2813,1.0
2814,3.1866823472486843
2815,4.0
2816,5.0
2817,4.960142477971718
2818,5.0
2819,5.0
2820,2.5
2821,5.0
2822,2.5
2823,3.6660594404834113
2824,4.499379451914017
2825,4.499379451914017
2826,5.0
2827,4.0
2828,5.0
2829,5.0
2830,5.0
2831,4.513063888986767
2832,5.0
2833,4.655207909747767
2834,1.0
2835,5.0
2836,5.0
2837,5.0
2838,5.0
2839,5.0
2840,5.0
2841,5.0
2842,5.0
2843,4.0
2844,4.0
2845,5.0
2846,5.0
2847,5.0
2848,1.0
2849,4.7115863263988
2850,3.4612635016649764
2851,4.0
2852,4.0
2853,5.0
2854,5.0
2855,5.0
2856,5.0
2857,5.0
2858,2.5
2859,5.0
2860,5.0
2861,4.999999999999999
2862,4.659645873125608
2863,2.581573096743001
2864,5.0
2865,3.5463588139236792
2866,5.0
2867,5.0
2868,5.0
2869,4.569664688207198
2870,5.0
2871,4.237209023188912
2872,5.0
2873,3.0
2874,3.6152467424299357
2875,5.0
2876,5.0
2877,5.0
2878,2.5
2879,3.0
2880,2.7951541407837657
2881,3.0
2882,5.0
2883,4.0
2884,5.0
2885,4.999999999999999
2886,5.0
2887,5.0
2888,5.0
2889,5.0
2890,3.25715653440386
2891,5.0
2892,5.0
2893,5.0
2894,5.0
2895,5.0
2896,4.0
2897,5.0
2898,2.5
2899,1.8477663457679934
2900,5.0
2901,5.0
2902,5.0
2903,5.0
2904,5.0
2905,2.5
2906,2.5
2907,5.0
2908,5.0
2909,5.0
2910,4.0
2911,5.0
2912,2.5
2913,5.0
2914,4.8710042624815255
2915,5.0
2916,4.0
2917,5.0
2918,5.0
2919,5.0
2920,3.0
2921,5.0
2922,5.0
2923,2.5
2924,5.0
2925,4.0
2926,5.0
2927,4.0
2928,5.0
2929,5.0
2930,5.0
2931,2.0
2932,2.0
2933,5.0
2934,2.0
2935,4.0
2936,4.0
2937,5.0
2938,1.0
2939,4.0
2940,5.0
2941,5.0
2942,5.0
2943,4.0
2944,2.0
2945,4.0
2946,4.0
2947,5.0
2948,5.0
2949,4.0
2950,5.0
2951,4.0
2952,4.0
2953,4.0
2954,2.0
2955,2.0
2956,3.7221931346045634
2957,5.0
2958,2.5
2959,2.5
2960,4.0
2961,5.0
2962,5.0
2963,4.0
2964,5.0
2965,5.0
2966,2.5
2967,5.0
2968,5.0
2969,5.0
2970,2.5
2971,4.0
2972,4.0
2973,4.0
2974,3.0
2975,2.5
2976,2.5
2977,2.5
2978,2.5
2979,2.5
2980,2.5
2981,2.5
2982,2.5
2983,2.5
2984,2.5
2985,2.5
2986,2.5
2987,2.5
2988,2.5
2989,2.5
2990,2.5
2991,2.5
2992,2.5
2993,2.5
2994,2.5
2995,2.5
2996,2.5
2997,2.5
2998,2.5
2999,2.5
3000,2.5
3001,2.5
3002,2.5
3003,2.5
3004,2.5
3005,2.5
3006,2.5
3007,2.5
3008,2.5
3009,2.5
3010,2.5
3011,2.5
3012,2.5
3013,2.5
3014,2.5
3015,2.5
3016,2.5
3017,2.5
3018,2.5
3019,2.5
3020,2.5
3021,2.5
3022,2.5
3023,2.5
3024,2.5
3025,2.5
3026,2.5
3027,2.5
3028,2.5
3029,2.5
3030,2.5
3031,2.5
3032,2.5
3033,2.5
3034,2.5
3035,2.5
3036,2.5
3037,2.5
3038,2.5
3039,2.5
3040,2.5
3041,2.5
3042,2.5
3043,2.5
3044,2.5
3045,2.5
3046,2.5
3047,2.5
3048,2.5
3049,2.5
3050,2.5
3051,2.5
3052,2.5
3053,2.5
3054,2.5
3055,2.5
3056,2.5
3057,2.5
3058,2.5
3059,2.5
3060,2.5
3061,2.5
3062,2.5
3063,2.5
3064,2.5
3065,2.5
3066,2.5
3067,2.5
3068,2.5
3069,2.5
3070,2.5
3071,2.5
3072,2.5
3073,2.5
3074,2.5
3075,2.5
3076,2.5
3077,2.5
3078,2.5
3079,2.5
3080,2.5
3081,2.5
3082,2.5
3083,2.5
3084,2.5
3085,2.5
3086,2.5
3087,2.5
3088,2.5
3089,2.5
3090,2.5
3091,2.5
3092,2.5
3093,2.5
3094,2.5
3095,2.5
3096,2.5
3097,2.5
3098,2.5
3099,2.5
3100,2.5
3101,2.5
3102,2.5
3103,2.5
3104,2.5
3105,2.5
3106,2.5
3107,2.5
3108,2.5
3109,2.5
3110,2.5
3111,2.5
3112,2.5
3113,2.5
3114,2.5
3115,2.5
3116,2.5
3117,2.5
3118,2.5
3119,2.5
3120,2.5
3121,2.5
3122,2.5
3123,2.5
3124,2.5
3125,2.5
3126,2.5
3127,2.5
3128,2.5
3129,2.5
3130,2.5
3131,2.5
3132,2.5
3133,2.5
3134,2.5
3135,2.5
3136,2.5
3137,2.5
3138,2.5
3139,2.5
3140,2.5
3141,2.5
3142,2.5
3143,2.5
3144,2.5
3145,2.5
3146,2.5
3147,2.5
3148,2.5
3149,2.5
3150,2.5
3151,2.5
3152,2.5
3153,2.5
3154,2.5
3155,2.5
3156,2.5
3157,2.5
3158,2.5
3159,2.5
3160,2.5
3161,2.5
3162,2.5
3163,2.5
3164,2.5
3165,2.5
3166,2.5
3167,2.5
3168,2.5
3169,2.5
3170,2.5
3171,2.5
3172,2.5
3173,2.5
3174,2.5
3175,2.5
3176,2.5
3177,2.5
3178,2.5
3179,2.5
3180,2.5
3181,2.5
3182,2.5
3183,2.5
3184,2.5
3185,2.5
3186,2.5
3187,2.5
3188,2.5
3189,2.5
3190,2.5
3191,2.5
3192,2.5
3193,2.5
3194,2.5
3195,2.5
3196,2.5
3197,2.5
3198,2.5
3199,2.5
3200,2.5
3201,2.5
3202,2.5
3203,2.5
3204,2.5
3205,2.5
3206,2.5
3207,2.5
3208,2.5
3209,2.5
3210,2.5
3211,2.5
3212,2.5
3213,2.5
3214,2.5
3215,2.5
3216,2.5
3217,2.5
3218,2.5
3219,2.5
3220,2.5
3221,2.5
3222,2.5
3223,2.5
3224,2.5
3225,2.5
3226,2.5
3227,2.5
3228,2.5
3229,2.5
3230,2.5
3231,2.5
3232,2.5
3233,2.5
3234,2.5
3235,2.5
3236,2.5
3237,2.5
3238,2.5
3239,2.5
3240,2.5
3241,2.5
3242,2.5
3243,2.5
3244,2.5
3245,2.5
3246,2.5
3247,2.5
3248,2.5
3249,2.5
3250,2.5
3251,2.5
3252,2.5
3253,2.5
3254,2.5
3255,2.5
3256,2.5
3257,2.5
3258,2.5
3259,2.5
3260,2.5
3261,2.5
3262,2.5
3263,2.5
3264,2.5
3265,2.5
3266,2.5
3267,2.5
3268,2.5
3269,2.5
3270,2.5
3271,2.5
3272,2.5
3273,2.5
3274,2.5
3275,2.5
3276,2.5
3277,2.5
3278,2.5
3279,2.5
3280,2.5
3281,2.5
3282,2.5
3283,2.5
3284,2.5
3285,2.5
3286,2.5
3287,2.5
3288,2.5
3289,2.5
3290,2.5
3291,2.5
3292,2.5
3293,2.5
3294,2.5
3295,2.5
3296,2.5
3297,2.5
3298,2.5
3299,2.5
3300,2.5
3301,2.5
3302,2.5
3303,2.5
3304,2.5
3305,2.5
3306,2.5
3307,2.5
3308,2.5
3309,2.5
3310,2.5
3311,2.5
3312,2.5
3313,2.5
3314,2.5
3315,2.5
3316,2.5
3317,2.5
3318,2.5
3319,2.5
3320,2.5
3321,2.5
3322,2.5
3323,2.5
3324,2.5
3325,2.5
3326,2.5
3327,2.5
3328,2.5
3329,2.5
3330,2.5
3331,2.5
3332,2.5
3333,2.5
3334,2.5
3335,2.5
3336,2.5
3337,2.5
3338,2.5
3339,2.5
3340,2.5
3341,2.5
3342,2.5
3343,2.5
3344,2.5
3345,2.5
3346,2.5
3347,2.5
3348,2.5
3349,2.5
3350,2.5
3351,2.5
3352,2.5
