,0
0,2.7876729439406116
1,4.368270575726215
2,3.724653895307477
3,3.724653895307477
4,4.883062614649846
5,4.714876009796112
6,3.673054207809403
7,4.468887364954325
8,4.468887364954325
9,4.531191857007959
10,3.6427171862431558
11,4.275710271325256
12,2.920214035569166
13,2.920214035569166
14,4.825368312195091
15,4.825368312195091
16,4.567381659356456
17,5.0
18,4.462859145705599
19,2.5
20,4.171208254027899
21,4.171208254027899
22,4.5438011873580395
23,4.05284170985062
24,4.510226564365318
25,4.510226564365318
26,4.049869925750253
27,4.613590757825228
28,4.613590757825228
29,3.8109733990129913
30,4.061049823972324
31,4.061049823972324
32,4.769750914573595
33,5.0
34,5.0
35,3.7749059533610074
36,5.0
37,3.345091049040821
38,4.0
39,5.0
40,4.694890958301419
41,3.906699352671167
42,4.086060414550342
43,4.417653207072521
44,4.4772011829667155
45,3.727577476476842
46,3.727577476476842
47,3.1195715906364256
48,3.757077055419064
49,3.757077055419064
50,3.6502441643628134
51,3.6502441643628134
52,3.9301237727593827
53,3.097077771580597
54,5.000000000000001
55,4.51093930932263
56,4.483884050364817
57,3.7810976404763865
58,3.7810976404763865
59,4.26375751433566
60,4.320271015162378
61,4.057866000084024
62,4.057866000084024
63,4.4151009098252185
64,4.7335788417122195
65,4.878835255474186
66,3.089473672788768
67,4.100539422242198
68,3.1652373330196144
69,3.1652373330196144
70,4.7335154087107085
71,4.7335154087107085
72,4.60395135649703
73,4.095267053425573
74,3.1566891529933767
75,3.1566891529933767
76,4.0
77,4.0
78,4.45030727851078
79,4.797213398502697
80,4.517933790266819
81,4.175232336798494
82,4.175232336798494
83,4.553246909289616
84,4.553246909289616
85,3.2177475993700067
86,4.429297229474787
87,4.749326077958202
88,3.4314226367423712
89,3.4314226367423712
90,3.714685640394173
91,4.409480908364277
92,4.176785964501308
93,4.151261407242402
94,4.92877074843346
95,2.48885937861105
96,2.48885937861105
97,4.900225252531069
98,4.0
99,4.52354882769766
100,4.420884538011575
101,4.140042783967344
102,4.140042783967344
103,3.77164737287234
104,4.515854330397888
105,4.515854330397888
106,4.512420450188017
107,3.520622472847245
108,5.0
109,4.999999999999999
110,4.117819023924143
111,4.894440906980204
112,4.894440906980204
113,3.954098601887187
114,4.6408701861711155
115,4.6408701861711155
116,4.278364536485033
117,2.5
118,5.0
119,4.441916800827146
120,4.482351808249839
121,3.0486931659729364
122,4.362499633246906
123,4.0752327671818245
124,4.0752327671818245
125,4.435436620376356
126,4.372637101928118
127,4.372637101928118
128,4.489068879629237
129,4.4939001216913725
130,4.0600135688811
131,4.0600135688811
132,4.648730183526666
133,2.8631225685933037
134,2.8631225685933037
135,4.843905241204315
136,4.567619797039739
137,4.567619797039739
138,4.583586564483487
139,4.455194023118938
140,4.746408089146981
141,4.746408089146981
142,4.346668292320108
143,4.346668292320108
144,3.5955429681632056
145,3.5955429681632056
146,4.837730373319455
147,5.000000000000001
148,5.000000000000001
149,3.819231153995487
150,3.819231153995487
151,4.154907644874902
152,3.2597287981043968
153,3.2597287981043968
154,4.586646018441863
155,4.586646018441863
156,4.921780153416309
157,3.289330775602903
158,3.289330775602903
159,3.6421003100930256
160,3.6421003100930256
161,5.0
162,5.0
163,3.7746714769951533
164,4.583642281175889
165,4.60648939996869
166,4.755167372796478
167,3.7156452080453453
168,2.5
169,4.256013399233823
170,4.606309925932356
171,4.183855253973313
172,4.183855253973313
173,3.737433584056666
174,4.726435102455628
175,5.0
176,5.0
177,4.0
178,4.689614037263742
179,4.0
180,4.0
181,4.059001226982369
182,4.059001226982369
183,5.0
184,3.369257624273567
185,3.369257624273567
186,4.93452831392137
187,2.00773522293515
188,2.00773522293515
189,4.78948587155172
190,5.0
191,5.0
192,4.015666971552991
193,4.849476811878431
194,4.0
195,4.041248816658684
196,4.041248816658684
197,5.0
198,2.7992037837256944
199,2.7992037837256944
200,4.7594514795340555
201,4.441244649531327
202,4.713998500148758
203,4.713998500148758
204,4.76463086522466
205,4.76463086522466
206,4.467113761760886
207,4.649771348417485
208,4.649771348417485
209,3.398262145679285
210,3.398262145679285
211,4.566032852809082
212,4.566032852809082
213,5.0
214,5.0
215,4.748985684118484
216,1.0
217,4.0
218,4.0317416364356315
219,4.0317416364356315
220,5.000000000000001
221,5.000000000000001
222,4.725582992857466
223,5.0
224,4.428075991928924
225,4.0
226,4.0
227,2.55794501235602
228,3.85240128396313
229,3.85240128396313
230,2.0
231,2.0
232,4.33697013356792
233,4.33697013356792
234,4.076189470787157
235,4.076189470787157
236,4.773630548140249
237,4.773630548140249
238,3.4097616404195263
239,3.0210151509862624
240,3.0210151509862624
241,4.467339703407694
242,4.0
243,2.9017539483960513
244,4.5785873960826615
245,4.037374035783484
246,4.774490594824646
247,4.774490594824646
248,3.246378380757551
249,4.232996138204332
250,4.577769755507793
251,5.0
252,4.265176397273259
253,4.157985143829502
254,4.157985143829502
255,4.2207436641326055
256,4.0563647515325085
257,2.0
258,3.8582704978469864
259,3.8582704978469864
260,4.784530341656219
261,4.784530341656219
262,5.0
263,4.6515131885670495
264,3.4162464301818534
265,3.4162464301818534
266,4.3880426570043864
267,4.0
268,4.685866946081335
269,4.195321013050181
270,2.659233458883465
271,2.659233458883465
272,4.756857002602018
273,4.548795557435844
274,3.9276215867792024
275,3.9276215867792024
276,3.0
277,3.0
278,2.9473498188442133
279,2.9473498188442133
280,3.262341513460913
281,3.584751604245078
282,3.584751604245078
283,3.4725973788198217
284,4.787856495246463
285,3.4580285768942702
286,3.4580285768942702
287,4.828831490125284
288,4.628751838222698
289,4.737339753102462
290,4.0
291,4.0
292,4.0
293,3.6957819010310953
294,4.732033837924805
295,4.620064713754555
296,4.760431047077741
297,2.5
298,4.105865097749325
299,4.271992375447153
300,4.429119494621054
301,4.391060589906341
302,4.3772212064126625
303,3.2774162315176785
304,5.0
305,4.404143815222975
306,4.341296453441456
307,4.999999999999999
308,3.8303923853778357
309,3.8303923853778357
310,3.0
311,4.148912639977497
312,4.293916306736554
313,4.293916306736554
314,4.345892228250461
315,4.7851067080606
316,3.3281115244645445
317,4.313413515626421
318,4.313413515626421
319,3.9063571306340212
320,3.9063571306340212
321,4.999999999999999
322,4.792800406904474
323,4.580202387620053
324,4.580202387620053
325,4.165614036982895
326,4.433393173581035
327,4.379532681823734
328,3.474602673969363
329,4.842427867242521
330,4.909596663703161
331,4.909596663703161
332,2.2321809172236065
333,3.531823942800481
334,3.531823942800481
335,3.6300034009382514
336,3.2091951458334065
337,3.2091951458334065
338,3.645075000742651
339,5.000000000000001
340,5.000000000000001
341,5.0
342,4.703903686404312
343,3.4030787523627324
344,3.4030787523627324
345,4.817955670832618
346,3.8388646970999742
347,3.8388646970999742
348,5.0
349,5.0
350,4.077429428218259
351,4.077429428218259
352,4.675113822236483
353,4.075026195174258
354,4.075026195174258
355,4.416532270009827
356,5.0
357,4.575194043183982
358,4.999999999999999
359,4.113322797086041
360,4.113322797086041
361,4.469903076904357
362,4.0
363,5.0
364,4.312038416943325
365,3.9416884474723863
366,3.9416884474723863
367,4.57206284093001
368,3.780686753055677
369,3.780686753055677
370,4.277335348601965
371,4.403993812066853
372,4.0
373,2.0
374,2.0
375,4.504682194152034
376,4.504682194152034
377,4.605572612301355
378,2.5889700308379937
379,2.5889700308379937
380,4.592169500981415
381,4.592169500981415
382,4.657469008356635
383,4.677939448404377
384,4.312877861292071
385,5.000000000000001
386,5.000000000000001
387,5.0
388,4.4308101100644635
389,5.0
390,3.8336846542453853
391,4.287487111774139
392,3.9891043537440445
393,3.9891043537440445
394,4.5105349708731355
395,2.35662992921169
396,5.0
397,2.989461667826761
398,4.859397400517381
399,5.0
400,5.0
401,3.8950558435234948
402,3.8950558435234948
403,4.170105809470023
404,4.170105809470023
405,2.643271735411021
406,4.778476718444782
407,4.778476718444782
408,4.870153739269812
409,3.3565930637781918
410,3.3565930637781918
411,5.000000000000001
412,4.398429789117454
413,4.0
414,4.0
415,4.010139289512812
416,4.0027786565714845
417,4.354230549161994
418,4.618465234174553
419,4.618465234174553
420,3.8907430863972428
421,3.344069788903376
422,3.344069788903376
423,4.892579016663073
424,4.892579016663073
425,4.918340931322438
426,4.918340931322438
427,4.4066100850548375
428,4.217857551279072
429,1.6194940558528732
430,1.6194940558528732
431,4.0
432,3.8389855810392697
433,3.3719021419172215
434,4.344538347018948
435,2.6304168825558483
436,2.6304168825558483
437,3.0127655578664605
438,3.0127655578664605
439,4.809756847400363
440,1.91860829811437
441,4.1999236856176925
442,4.535972639047415
443,4.535972639047415
444,4.751298232870371
445,5.0
446,3.0
447,4.737256448470174
448,4.302688663349199
449,3.622971058469114
450,3.622971058469114
451,4.471477174207282
452,4.092905817649104
453,2.391357254453527
454,2.391357254453527
455,4.0
456,3.4278183406760943
457,3.4278183406760943
458,3.8357522680998453
459,5.0
460,5.0
461,4.641419776786934
462,4.641419776786934
463,4.057853620373607
464,5.0
465,5.0
466,3.6954370612964214
467,4.837568339572313
468,4.0
469,5.0
470,3.5795139600558206
471,5.0
472,4.42315934572465
473,4.440938373810456
474,4.440938373810456
475,4.796640945247585
476,4.869903478503542
477,3.922034706748107
478,3.922034706748107
479,5.000000000000001
480,4.389543606960465
481,4.389543606960465
482,4.574746885343548
483,3.594006908876016
484,3.594006908876016
485,3.896893747052749
486,2.819319428838329
487,4.999999999999999
488,4.1387409732348495
489,4.3332244697467655
490,4.0
491,5.0
492,5.0
493,4.0
494,3.645287749992
495,5.0
496,3.29574868676223
497,3.29574868676223
498,4.645621637767011
499,4.3528845825817
500,4.3528845825817
501,4.070456587274681
502,4.070456587274681
503,4.418330919275235
504,4.2855395161805605
505,4.902210840242832
506,3.900123714937253
507,3.726477866730577
508,3.726477866730577
509,4.419960377925217
510,2.5239123908268195
511,2.5239123908268195
512,4.999999999999999
513,4.732840305247322
514,4.814466551178094
515,4.0
516,2.831596146026085
517,2.831596146026085
518,4.391676347589019
519,4.726769139775234
520,4.37778882174599
521,4.37778882174599
522,4.251659868234131
523,3.41159087499846
524,5.0
525,3.853440505149601
526,3.853440505149601
527,4.542602115174591
528,4.542602115174591
529,4.885820647078946
530,2.2545943446819217
531,2.2545943446819217
532,4.257115281331543
533,4.2816244405985735
534,4.2816244405985735
535,4.232723625492557
536,3.8862246223331014
537,3.853118417552761
538,3.853118417552761
539,4.290393348399844
540,4.290393348399844
541,4.222172199419858
542,4.0553378985250115
543,4.0
544,4.0
545,4.0510042431677045
546,3.9495819083279406
547,3.9495819083279406
548,3.782328837528689
549,4.0
550,4.639688627198487
551,4.449293763885758
552,4.493322071288883
553,4.493322071288883
554,3.7446130585394655
555,3.0
556,2.581532177557583
557,4.0916698985965265
558,4.607034737613562
559,2.7601712491138772
560,4.4267658001567565
561,2.312773621302087
562,2.312773621302087
563,3.8964404254839
564,4.627502631004541
565,4.627502631004541
566,5.0
567,3.372396117204003
568,5.0
569,4.068869846750626
570,4.068869846750626
571,3.9919958972159515
572,5.0
573,4.837386591784798
574,4.837386591784798
575,4.680683035247656
576,4.680683035247656
577,3.5371650182096706
578,4.39812804242522
579,4.39812804242522
580,3.4629636933174686
581,4.230012560717619
582,4.230012560717619
583,4.908801790709786
584,4.0
585,4.0
586,4.313554828491964
587,4.8111512778588885
588,3.2117362397928657
589,5.0
590,4.105426538441075
591,4.105426538441075
592,3.2528845168841003
593,4.442513229095031
594,4.371286109173523
595,4.4739251539607725
596,4.3896042234623724
597,4.3896042234623724
598,2.3961460928417875
599,4.178939498229467
600,4.774517073384139
601,4.470470725705455
602,4.999999999999999
603,4.999999999999999
604,3.499535128916597
605,3.9078781376880536
606,5.0
607,3.703051114163824
608,5.0
609,3.7076572281524056
610,4.855337463183039
611,3.8760632512716278
612,3.8760632512716278
613,4.480846784358861
614,4.480846784358861
615,5.0
616,3.447073632654055
617,3.447073632654055
618,3.0
619,5.0
620,3.6714713222213833
621,4.881435817689397
622,5.0
623,4.943064444416341
624,4.943064444416341
625,4.738218211142266
626,4.738218211142266
627,4.641752290388439
628,3.5600485066929632
629,4.049856926693288
630,4.0
631,4.411648624859142
632,3.4430178469935346
633,4.94472496781956
634,4.729609335374989
635,4.064126031759051
636,4.502659967549533
637,3.7486745971956688
638,3.7486745971956688
639,4.0
640,4.0
641,4.781896007412977
642,4.292479590861951
643,4.292479590861951
644,3.4097981398375397
645,3.4097981398375397
646,4.709950159529799
647,3.85144687434906
648,3.85144687434906
649,4.845522536847004
650,3.767244672874073
651,3.767244672874073
652,3.8240964935946096
653,3.7908983029639667
654,4.68765072347325
655,2.372842051554752
656,2.372842051554752
657,4.663976498370131
658,4.906287221588696
659,3.4921678665188907
660,3.3409910700098244
661,3.3409910700098244
662,4.889906792775817
663,4.889906792775817
664,4.444591316079397
665,4.444591316079397
666,4.770746669957217
667,4.5194421625450705
668,1.9871989976047901
669,4.610323518236454
670,4.610323518236454
671,4.0732374532750715
672,4.0732374532750715
673,4.424977947497002
674,4.424977947497002
675,4.794850672953895
676,3.3947327206447224
677,3.982407090822963
678,3.5384826233078166
679,3.8094737577673587
680,3.8094737577673587
681,4.508680706468936
682,4.508680706468936
683,3.768723565342572
684,2.780274622499265
685,2.780274622499265
686,5.0
687,3.7480972058385267
688,4.430330801558774
689,4.410057473680757
690,2.713774310486225
691,4.746250763448952
692,4.746250763448952
693,4.83828607565558
694,3.928429745839057
695,3.928429745839057
696,2.0
697,4.8607535160013455
698,2.0145696720007273
699,2.0145696720007273
700,1.0
701,4.197792876124793
702,4.3721142298606654
703,4.3721142298606654
704,4.0
705,3.8508617405920336
706,3.8508617405920336
707,4.4995294690541945
708,2.913443184648411
709,2.913443184648411
710,3.366401535068235
711,3.366401535068235
712,3.25794673235437
713,3.25794673235437
714,4.257615143723043
715,4.8904277493434245
716,2.0
717,2.0
718,2.5
719,4.761537280284187
720,3.975573305773867
721,4.420298897738412
722,4.420298897738412
723,4.892441859810385
724,2.5037522511025143
725,2.5037522511025143
726,3.8996367409999237
727,3.8996367409999237
728,2.789789643205109
729,2.789789643205109
730,3.9119047699983613
731,4.646700007717958
732,4.196618967476743
733,4.878793816398653
734,4.696783108428688
735,3.9337087312838457
736,2.16164079352069
737,4.48241210982867
738,4.48241210982867
739,2.7876729439406116
740,4.344626904803273
741,4.087256169155861
742,4.087256169155861
743,4.5373938817047685
744,4.5373938817047685
745,2.5
746,3.0
747,3.0
748,4.41619335556366
749,4.060703790522209
750,3.0
751,3.0
752,4.531826750632788
753,4.531826750632788
754,4.206204412564275
755,2.8115208826084275
756,2.8115208826084275
757,3.6331839022824064
758,4.0
759,4.608040952390425
760,4.608040952390425
761,4.697200575233404
762,4.6163384415876285
763,3.924532136958957
764,3.924532136958957
765,4.007343675639129
766,4.007343675639129
767,4.712038360921277
768,3.778556093718216
769,5.000000000000001
770,5.000000000000001
771,5.0
772,3.5109431531287254
773,3.5109431531287254
774,3.377755376324523
775,3.377755376324523
776,4.737814090907984
777,3.718560974638791
778,3.759183826138159
779,3.759183826138159
780,4.432582398416404
781,4.4935994988023955
782,2.5
783,3.926280296580965
784,3.926280296580965
785,3.0
786,2.1161969124290936
787,2.1161969124290936
788,5.0
789,5.0
790,4.914973302785234
791,4.914973302785234
792,4.766856574275483
793,4.682255410533089
794,4.291461252118895
795,5.0
796,5.0
797,4.0
798,4.0
799,4.250279781685203
800,4.250279781685203
801,4.2750292895818
802,4.2750292895818
803,3.5350117751912435
804,4.201703352658466
805,2.6221180854583435
806,4.251388076672731
807,4.941239586884654
808,4.5048467270323735
809,4.395579916583829
810,4.395579916583829
811,5.0
812,5.0
813,4.2651803296218365
814,4.999999999999999
815,4.467680834308431
816,4.825209633341144
817,2.830456068739669
818,2.830456068739669
819,3.210793838514098
820,3.210793838514098
821,5.0
822,5.0
823,3.8452473768538815
824,3.8452473768538815
825,3.857375810159387
826,3.9178317941430447
827,3.9178317941430447
828,5.0
829,3.656687442993734
830,4.422530477036694
831,4.427089266823598
832,4.427089266823598
833,4.216394620864233
834,4.609642174363034
835,4.609642174363034
836,4.749728200667075
837,5.0
838,5.0
839,4.163264645312419
840,5.0
841,3.664425306072411
842,3.5992990326781005
843,3.8231919516220327
844,3.8231919516220327
845,5.000000000000001
846,3.4751158041237598
847,4.732499996816975
848,3.853135695471362
849,3.853135695471362
850,4.152688999148623
851,4.324451437423857
852,4.324451437423857
853,4.6062254335995325
854,3.70395984494745
855,3.70395984494745
856,4.6313114082114035
857,2.5
858,5.0
859,5.0
860,4.208280008368014
861,2.034957091498991
862,3.886840643461962
863,3.886840643461962
864,2.612381393862788
865,4.384663973277935
866,4.384663973277935
867,3.5323333414754043
868,4.859687881087795
869,4.031666137077713
870,4.031666137077713
871,3.930404051682954
872,3.930404051682954
873,4.402414258914105
874,4.402414258914105
875,2.7089261481614773
876,2.7089261481614773
877,4.584923857265275
878,5.000000000000001
879,4.118219417357407
880,4.118219417357407
881,4.999999999999999
882,4.762214139289999
883,5.000000000000001
884,5.000000000000001
885,4.113038422610439
886,4.113038422610439
887,2.8371920469785175
888,3.262557647980204
889,4.759154678278914
890,4.752347349789531
891,4.752347349789531
892,4.204632318273177
893,3.7551886784824187
894,4.660646887236222
895,3.4944110844564933
896,2.4885891214489413
897,4.176703575345382
898,4.176703575345382
899,4.070650728891984
900,4.070650728891984
901,4.102678782931323
902,4.6668896360086425
903,4.6668896360086425
904,3.4377556676770804
905,5.0
906,3.940103608860942
907,3.940103608860942
908,4.999999999999999
909,5.0
910,4.458013046352011
911,3.508889821936917
912,3.508889821936917
913,4.195638518345578
914,4.0
915,2.0
916,4.770767372383423
917,4.760438451209868
918,4.760438451209868
919,4.580415089546178
920,5.0
921,4.005044309077447
922,4.482007526614308
923,4.2321727156413464
924,1.784949823983351
925,4.535961825015427
926,4.535961825015427
927,5.0
928,5.0
929,5.0
930,3.3479680293580776
931,2.38719160307117
932,5.000000000000001
933,5.000000000000001
934,3.6277668681159176
935,3.6277668681159176
936,4.975611157473152
937,3.6510098784843263
938,4.5488297848417645
939,3.930916784771051
940,1.8974666946356953
941,1.8974666946356953
942,3.7662698670107617
943,3.7662698670107617
944,3.3965708371200134
945,3.0015692370732006
946,3.8811266878711845
947,3.8811266878711845
948,4.498753426259042
949,4.9598533790641985
950,5.0
951,3.837216520513158
952,3.837216520513158
953,5.0
954,3.932535075888523
955,3.932535075888523
956,3.735553297511898
957,3.735553297511898
958,4.49482663878082
959,5.000000000000001
960,5.0
961,5.0
962,5.0
963,4.619876815806685
964,3.403499647638902
965,3.403499647638902
966,4.483220182763978
967,4.107491842149272
968,4.233732389648496
969,4.233732389648496
970,3.17709982462434
971,3.17709982462434
972,4.488963843221425
973,3.5237234055160678
974,3.7266376035206927
975,4.801572419715873
976,3.8972906794252613
977,4.606817209176839
978,4.831600497368558
979,3.9872792640457346
980,2.5
981,4.68534926915264
982,4.502376776210158
983,4.502376776210158
984,4.528229627525451
985,5.0
986,4.417456351422078
987,4.417456351422078
988,4.482330423966795
989,4.517062208731959
990,4.517062208731959
991,4.776352226384564
992,4.4319894807274585
993,2.5684734672159863
994,3.5696086535548575
995,5.0
996,4.810964784205928
997,5.0
998,5.0
999,2.7817227903839052
1000,2.7817227903839052
1001,1.7210572554611208
1002,1.7210572554611208
1003,4.640730245152952
1004,4.441686279440425
1005,3.7965609818646273
1006,4.826542756135911
1007,3.508666496320603
1008,4.61916949986071
1009,4.61916949986071
1010,3.029801611893093
1011,5.000000000000001
1012,5.0
1013,5.0
1014,4.6357611461573835
1015,4.180682015598283
1016,4.180682015598283
1017,3.8709843945436484
1018,5.0
1019,3.791562609341978
1020,4.749747546551376
1021,3.915391257788496
1022,4.686378509504588
1023,3.0
1024,4.60600840337966
1025,4.60600840337966
1026,3.8057283293335415
1027,4.999999999999999
1028,4.249789266074723
1029,4.313489169769466
1030,4.313489169769466
1031,5.000000000000002
1032,2.5
1033,2.5
1034,4.03474050140577
1035,4.03474050140577
1036,4.0942264650343985
1037,3.52483459900284
1038,4.366581002577206
1039,4.366581002577206
1040,5.0
1041,2.5599314237450352
1042,2.5599314237450352
1043,4.717419597553697
1044,4.8931104703496064
1045,4.8931104703496064
1046,4.677579912639935
1047,4.189568271138546
1048,4.446262787369416
1049,4.047439582158083
1050,4.59916018072455
1051,4.59916018072455
1052,4.246348102943911
1053,4.703986484701223
1054,1.9377169769916258
1055,1.9377169769916258
1056,3.1987014754161502
1057,3.1987014754161502
1058,3.2770368056361265
1059,4.693613112101009
1060,2.972135237755079
1061,4.6200507131591735
1062,4.587341337811746
1063,3.6796108599683266
1064,3.6796108599683266
1065,3.977207692942234
1066,3.977207692942234
1067,4.739707484885297
1068,4.413961249108569
1069,5.000000000000001
1070,4.809820293435698
1071,3.600995418227996
1072,4.46689148214
1073,4.46689148214
1074,4.558076371261998
1075,4.391006729333263
1076,3.1788555877828526
1077,4.3499017261669275
1078,4.449779832775395
1079,5.0
1080,4.367918440947715
1081,4.367918440947715
1082,3.7482167940518956
1083,3.7482167940518956
1084,3.228581385516435
1085,3.228581385516435
1086,5.0
1087,4.081281951396877
1088,4.081281951396877
1089,4.0
1090,3.9528859638966902
1091,3.9528859638966902
1092,4.498908201427307
1093,4.320035762567943
1094,2.1321519310872143
1095,4.660907011420939
1096,4.660907011420939
1097,4.591792176009371
1098,5.0
1099,4.0
1100,3.41159087499846
1101,5.0
1102,5.0
1103,4.691301874944265
1104,4.812090915639835
1105,4.812090915639835
1106,4.622021263258336
1107,4.212855287689908
1108,4.943858866291196
1109,4.943858866291196
1110,4.603573604753371
1111,5.0
1112,4.358445610133295
1113,4.358445610133295
1114,4.405468815715295
1115,4.102260835390388
1116,4.176561522776229
1117,4.876203730936194
1118,4.876203730936194
1119,5.0
1120,5.0
1121,5.000000000000001
1122,3.3591963869297685
1123,5.0
1124,4.200684784582612
1125,4.200684784582612
1126,1.0
1127,1.0
1128,3.0
1129,2.783735648531093
1130,2.783735648531093
1131,4.741574293862683
1132,4.070452562224336
1133,4.41224693859366
1134,4.8070881020617335
1135,4.8070881020617335
1136,4.887864578445055
1137,4.887864578445055
1138,4.860015190388281
1139,2.5
1140,2.6289563573888293
1141,5.0
1142,2.8420600703886136
1143,4.0
1144,4.0
1145,3.6889588503170554
1146,3.6889588503170554
1147,4.654808457899628
1148,4.626400675382284
1149,4.359069049275262
1150,4.433063003762176
1151,4.075984121566072
1152,4.763155090365849
1153,4.144180683368859
1154,4.131043607388357
1155,2.649252050781854
1156,4.1088259608663344
1157,4.156273480269448
1158,5.000000000000001
1159,3.7509291668189904
1160,3.7509291668189904
1161,4.842705897460298
1162,4.909030092670886
1163,4.703701166028107
1164,3.9527637373479383
1165,5.0
1166,4.697989390211633
1167,3.1499703930761496
1168,3.1499703930761496
1169,4.2122219058185
1170,4.6974322270854145
1171,4.828205637685829
1172,4.499289275950709
1173,5.0
1174,3.0
1175,5.0
1176,4.1608857994274855
1177,4.055807733174447
1178,3.7571984679205848
1179,3.262557647980204
1180,3.9348772381781396
1181,3.9348772381781396
1182,4.705738135723939
1183,4.665124564662274
1184,4.665124564662274
1185,5.0
1186,4.059536909924186
1187,4.815045966188839
1188,4.6879711480832675
1189,4.6879711480832675
1190,4.337066508711281
1191,4.871100745621342
1192,2.0
1193,5.0
1194,4.7293139760575595
1195,4.053133902079711
1196,4.053133902079711
1197,4.36977205862054
1198,4.670184789998682
1199,4.643427671580755
1200,4.643427671580755
1201,4.4347021773445565
1202,4.757094442907381
1203,3.8434152626716807
1204,4.75033470386525
1205,3.594493310478159
1206,5.000000000000001
1207,5.000000000000001
1208,5.0
1209,3.5166233341065456
1210,3.5166233341065456
1211,2.5
1212,5.0
1213,5.0
1214,3.0
1215,3.9349555752258905
1216,3.9349555752258905
1217,4.478611334404459
1218,3.5199280783130162
1219,3.5199280783130162
1220,4.016299185664453
1221,4.016299185664453
1222,5.0
1223,3.407832890264329
1224,3.407832890264329
1225,4.0
1226,2.236829828689538
1227,2.236829828689538
1228,5.0
1229,4.113811407176858
1230,4.113811407176858
1231,4.866872632959338
1232,4.427385867958519
1233,2.6102590571010524
1234,2.6102590571010524
1235,3.477872745967759
1236,3.477872745967759
1237,5.0
1238,4.086306190807637
1239,4.086306190807637
1240,4.445119198772049
1241,3.6095688772798926
1242,4.615299842627591
1243,4.615299842627591
1244,2.0
1245,4.8465468760498895
1246,4.258312851397231
1247,4.12983911988116
1248,3.942451475134356
1249,3.942451475134356
1250,2.257272738407857
1251,2.257272738407857
1252,4.457077457467549
1253,4.967355399420115
1254,5.0
1255,2.874383756356683
1256,2.874383756356683
1257,4.176486036610533
1258,4.176486036610533
1259,3.55476669305805
1260,4.649362544612239
1261,3.0
1262,3.0
1263,3.4919432600476132
1264,4.586897924764692
1265,4.516192036769838
1266,4.257527682438569
1267,4.0
1268,3.212584704469726
1269,4.420405519058071
1270,4.420405519058071
1271,3.95863284989935
1272,3.95863284989935
1273,4.138092838083344
1274,4.138092838083344
1275,4.435746286551912
1276,4.506400501197605
1277,4.941881436745343
1278,2.688817065240409
1279,4.4013824044336225
1280,3.5855020920512253
1281,4.41855328576961
1282,1.0
1283,1.0
1284,4.289150806217729
1285,4.969393498810488
1286,3.200842597162253
1287,4.513088131222555
1288,4.513088131222555
1289,4.12686624490842
1290,3.7055184004912625
1291,3.014886445313209
1292,3.4689667487680396
1293,3.4689667487680396
1294,4.4106440418076
1295,3.988067056711385
1296,5.0
1297,3.436328960096364
1298,4.0566999660337055
1299,3.4966476797612027
1300,4.044171353770957
1301,4.044171353770957
1302,4.8538737641499194
1303,4.4166389694249295
1304,4.2040503280847945
1305,3.6929734554747213
1306,3.685670917457451
1307,3.685670917457451
1308,3.751453782607214
1309,3.751453782607214
1310,3.7608158734030437
1311,4.31244416114377
1312,4.664581713535368
1313,3.3006296276531772
1314,3.0000000000000004
1315,5.0
1316,4.0
1317,4.0
1318,3.0825328942120516
1319,3.0825328942120516
1320,5.0
1321,3.738331876059858
1322,3.738331876059858
1323,3.8704367066266583
1324,3.8704367066266583
1325,5.0
1326,3.394427387698645
1327,4.0
1328,2.935140269729276
1329,5.0
1330,5.0
1331,2.8756392687667085
1332,4.43880156181999
1333,3.6830319276496004
1334,3.6830319276496004
1335,4.0
1336,4.7089025482942874
1337,4.888907188811346
1338,5.000000000000001
1339,5.000000000000001
1340,5.0
1341,4.849737644324533
1342,5.0
1343,3.413662718583427
1344,4.967559826918893
1345,4.679325463449154
1346,4.231125213390551
1347,3.0
1348,4.924813481553697
1349,4.521749044556624
1350,5.0
1351,5.0
1352,2.9709555356637916
1353,2.9709555356637916
1354,4.433789505901654
1355,4.433789505901654
1356,4.217268837933901
1357,4.217268837933901
1358,1.0
1359,1.0
1360,4.649397582473357
1361,4.649397582473357
1362,4.49476540386667
1363,2.5
1364,3.8296140007067665
1365,5.0
1366,4.0
1367,2.8941548104931734
1368,2.8941548104931734
1369,3.1717734716958454
1370,3.345888964776454
1371,5.0
1372,3.93705140540989
1373,5.0
1374,4.706998537418943
1375,2.5
1376,3.7858326636003956
1377,4.0220839257588725
1378,4.185259956544738
1379,4.160178117466197
1380,4.0
1381,5.000000000000001
1382,5.000000000000001
1383,5.0
1384,5.0
1385,4.5392063341866535
1386,5.0
1387,4.6549679705584035
1388,5.0
1389,4.533520069472734
1390,5.0
1391,5.0
1392,4.01721626885662
1393,5.0
1394,4.522044931273615
1395,3.341349287863494
1396,3.341349287863494
1397,1.0
1398,1.0
1399,4.384950082961673
1400,4.384950082961673
1401,4.617859043362751
1402,4.2664064579445435
1403,4.432969461877767
1404,3.0
1405,3.670528595874362
1406,4.0
1407,4.0
1408,4.682580151796689
1409,4.556787404114395
1410,4.0
1411,4.474790454190447
1412,3.21723187901916
1413,3.21723187901916
1414,3.684184704904466
1415,3.684184704904466
1416,5.0
1417,1.8408359484151084
1418,4.6402180343550254
1419,4.812415624977863
1420,4.812415624977863
1421,4.28849044885556
1422,4.0
1423,4.285219792422114
1424,4.285219792422114
1425,5.0
1426,3.849033151920135
1427,4.726678920436462
1428,4.499285413548509
1429,3.1110263216038354
1430,3.1110263216038354
1431,4.0
1432,5.0
1433,4.582666142679643
1434,3.7056271562768006
1435,4.0
1436,4.0
1437,4.188643641785759
1438,5.000000000000001
1439,5.000000000000001
1440,4.525689528286277
1441,5.000000000000001
1442,3.829389746176789
1443,3.829389746176789
1444,3.6520952718008175
1445,4.02902666236772
1446,4.02902666236772
1447,4.736708260601529
1448,4.344563412795603
1449,4.117487766939738
1450,3.709955118388319
1451,3.5115366831218653
1452,3.865500115081468
1453,4.516993084607745
1454,4.92088880524732
1455,5.0
1456,2.9652005234137713
1457,2.9652005234137713
1458,3.2664845912892915
1459,3.2664845912892915
1460,5.0
1461,5.0
1462,4.0
1463,4.0
1464,5.0
1465,4.504986423552875
1466,4.602861811260539
1467,3.2697989886557943
1468,3.2697989886557943
1469,4.365575313043128
1470,4.0
1471,3.6935674995638834
1472,4.0
1473,4.0
1474,3.1370491651897785
1475,3.9167949443411185
1476,4.259610026756165
1477,4.478911402897121
1478,5.0
1479,5.000000000000001
1480,2.4067688649287593
1481,4.36090358549898
1482,4.0
1483,4.0
1484,3.7999137152594264
1485,3.629897786835884
1486,5.000000000000001
1487,4.0
1488,3.0
1489,3.0
1490,5.0
1491,2.5
1492,5.0
1493,5.0
1494,3.4790378062515765
1495,3.2648401283573163
1496,4.56761254277962
1497,4.56761254277962
1498,3.852554786198048
1499,3.1948224123976128
1500,3.1948224123976128
1501,4.267810857903892
1502,5.0
1503,2.5
1504,4.722798916124466
1505,4.722798916124466
1506,4.431040033148557
1507,4.857283571155811
1508,4.0
1509,3.5970653217205553
1510,3.1828406045613646
1511,4.020582596335442
1512,4.020582596335442
1513,4.455952384999181
1514,4.234047325180714
1515,4.234047325180714
1516,3.374119013955146
1517,4.999999999999999
1518,3.9155196580682747
1519,4.394949729793267
1520,4.394949729793267
1521,3.0
1522,1.4678911721159438
1523,4.0
1524,1.0
1525,4.0
1526,4.999999999999999
1527,2.896795737248495
1528,2.896795737248495
1529,5.000000000000001
1530,2.957503623913754
1531,4.0
1532,5.0
1533,4.493398339081044
1534,3.5251152959604077
1535,4.5946948339155576
1536,4.820338240073224
1537,4.39040520322971
1538,4.0
1539,4.031698821681605
1540,4.084914044379534
1541,4.716070357177583
1542,4.497481098975824
1543,4.566790405994739
1544,4.325997619584148
1545,4.473252005508295
1546,4.077543234833197
1547,4.562067612405424
1548,4.0
1549,3.9304987323956064
1550,3.9304987323956064
1551,3.5646949012716505
1552,4.325389197625441
1553,4.325389197625441
1554,4.0
1555,3.81607412413798
1556,3.81607412413798
1557,4.187550865467756
1558,4.43513320738615
1559,2.9280176824582598
1560,5.0
1561,4.028608572321953
1562,4.098417476351988
1563,5.0
1564,5.0
1565,4.344962808323943
1566,5.0
1567,5.0
1568,4.721046536024777
1569,4.0
1570,4.578418566148881
1571,4.120950452214068
1572,3.019644194226296
1573,2.9999999999999996
1574,5.0
1575,5.0
1576,5.0
1577,4.799788310236999
1578,5.0
1579,3.09129405826347
1580,3.638436751578117
1581,4.0
1582,4.408640067505637
1583,3.9849676168745636
1584,4.522080578549445
1585,2.3562078412185485
1586,4.205823532091442
1587,4.205823532091442
1588,4.125116180574074
1589,4.508996632238674
1590,2.0
1591,4.0
1592,5.0
1593,4.00109168003784
1594,4.854850431326327
1595,4.132784462594645
1596,4.132784462594645
1597,3.4292738891686083
1598,3.4292738891686083
1599,4.125233416513234
1600,3.0000000000000004
1601,4.531819880163073
1602,4.338722202314889
1603,4.542039560311926
1604,5.0
1605,4.424758247057949
1606,4.424758247057949
1607,4.174353852529177
1608,5.0
1609,3.4978407105730147
1610,3.4978407105730147
1611,4.740086278286244
1612,3.9443429399180463
1613,3.9443429399180463
1614,4.440958563434433
1615,4.754409689133725
1616,4.999999999999999
1617,4.476038439248947
1618,4.080338400520574
1619,4.080338400520574
1620,4.354838152886567
1621,4.043921409787733
1622,4.043921409787733
1623,5.0
1624,3.0000000000000004
1625,3.838812344484555
1626,3.574428040789221
1627,4.779961082920156
1628,3.611931602745363
1629,4.64972370465203
1630,4.102519345292885
1631,3.6751046657743163
1632,3.876362562282873
1633,4.646671171913939
1634,5.0
1635,5.0
1636,4.792426526006608
1637,4.792426526006608
1638,4.718464197139826
1639,4.202311414644107
1640,4.202311414644107
1641,2.8504562825556023
1642,4.0
1643,3.0
1644,3.0
1645,4.0
1646,5.000000000000002
1647,3.9925122936314446
1648,3.9925122936314446
1649,4.427976274813932
1650,4.378483556656622
1651,4.378483556656622
1652,4.8723294193034326
1653,4.423240251385823
1654,4.661366344363336
1655,4.206652115255193
1656,4.206652115255193
1657,4.617979098081931
1658,4.326470494443974
1659,4.51605686779136
1660,4.51605686779136
1661,4.395054727519806
1662,3.9917399916727074
1663,5.0
1664,3.256444713529274
1665,2.504334143074466
1666,4.0
1667,5.0
1668,5.0
1669,3.260446338583542
1670,5.0
1671,5.0
1672,5.0
1673,3.267767939021204
1674,3.5290564746785953
1675,3.5290564746785953
1676,4.374620287935074
1677,4.374620287935074
1678,5.000000000000001
1679,3.0000000000000004
1680,4.265405091902848
1681,4.265405091902848
1682,3.528720371566198
1683,5.0
1684,4.0
1685,4.0
1686,5.0
1687,5.0
1688,4.790460274397618
1689,4.790460274397618
1690,2.5
1691,4.430126436244156
1692,4.0319240581876175
1693,4.0319240581876175
1694,3.3307295212062806
1695,3.0
1696,3.0
1697,3.4264401763330548
1698,3.6485107167347444
1699,3.6485107167347444
1700,4.868840398600953
1701,5.0
1702,3.9954188819113106
1703,3.9954188819113106
1704,4.7265282438046965
1705,4.0
1706,5.0
1707,5.0
1708,4.005111157424639
1709,5.0
1710,5.0
1711,3.3238053238720924
1712,2.5
1713,4.0
1714,3.0
1715,3.914223299085166
1716,4.5398948298177135
1717,4.5398948298177135
1718,5.0
1719,2.924413608931408
1720,4.379264666599928
1721,3.5520005368260437
1722,4.189575471788723
1723,4.189575471788723
1724,4.830127547963408
1725,3.3161927645273583
1726,3.3161927645273583
1727,2.566961822062641
1728,2.566961822062641
1729,2.8407341393103005
1730,4.0
1731,4.7350451548413615
1732,4.7350451548413615
1733,3.3444085326202044
1734,5.0
1735,4.37489133687824
1736,4.37489133687824
1737,4.802750812969113
1738,5.0
1739,2.8404145442973467
1740,2.8404145442973467
1741,5.0
1742,5.0
1743,5.0
1744,4.66303348446001
1745,3.654259350814764
1746,2.0
1747,4.474315120380586
1748,3.7566657810039272
1749,4.497534704792405
1750,4.490628916779537
1751,4.490628916779537
1752,5.0
1753,5.0
1754,3.0
1755,1.0
1756,3.0
1757,4.740135992118093
1758,4.740135992118093
1759,4.91034435521561
1760,3.75148173470633
1761,3.4065511326077957
1762,2.0
1763,4.6158737066835345
1764,5.0
1765,4.311958183206289
1766,5.0
1767,5.0
1768,4.0
1769,4.0
1770,4.0
1771,5.0
1772,4.576380746503006
1773,4.871473048039628
1774,4.0
1775,5.0
1776,4.818775517856854
1777,4.818775517856854
1778,3.8707911156353143
1779,5.000000000000001
1780,2.5
1781,4.167911522475916
1782,4.0
1783,4.0
1784,4.0
1785,5.0
1786,4.176355122608277
1787,4.999999999999999
1788,3.0000000000000004
1789,4.5351583202495
1790,5.0
1791,5.0
1792,4.61738776224223
1793,4.20716537062947
1794,3.765816485413968
1795,4.221222954719849
1796,5.000000000000001
1797,5.000000000000001
1798,1.0
1799,1.0
1800,3.6610396099374443
1801,3.6610396099374443
1802,4.15381692977614
1803,2.8710280978002256
1804,2.8710280978002256
1805,5.0
1806,5.0
1807,4.0
1808,4.866406674236162
1809,3.5984694520064795
1810,4.525363144579527
1811,4.434538921498183
1812,4.434538921498183
1813,3.7843952037105963
1814,4.912953552914821
1815,4.186516222553029
1816,4.455161136629109
1817,4.414512702052563
1818,4.0
1819,3.2181845361103876
1820,4.708864294871596
1821,4.708864294871596
1822,3.4931012434720246
1823,4.263007285558311
1824,4.263007285558311
1825,2.995780096391116
1826,2.995780096391116
1827,3.0
1828,4.678756674854441
1829,3.6771371744378096
1830,4.685693569672452
1831,4.910024615181306
1832,4.910024615181306
1833,4.722913225242046
1834,4.722913225242046
1835,4.429221129108472
1836,4.434130117842527
1837,3.263324779110932
1838,3.263324779110932
1839,4.12620367988945
1840,4.12620367988945
1841,5.0
1842,2.0
1843,4.0
1844,3.623083543990209
1845,5.0
1846,4.112960855332246
1847,2.5
1848,3.1469086065956127
1849,3.1469086065956127
1850,4.673423022529822
1851,4.673423022529822
1852,5.0
1853,3.6397111774204207
1854,5.0
1855,3.417044141759367
1856,3.417044141759367
1857,4.4195816240291865
1858,3.082660683315535
1859,4.812310482037794
1860,5.0
1861,4.0
1862,5.0
1863,4.859964699643073
1864,5.0
1865,4.951118309108474
1866,4.1830910798301515
1867,5.0
1868,5.0
1869,4.805541530076181
1870,5.0
1871,3.511904010757719
1872,5.0
1873,4.284404457177646
1874,4.284404457177646
1875,5.0
1876,5.0
1877,4.708694051233633
1878,5.0
1879,4.0
1880,4.0
1881,5.0
1882,5.0
1883,3.3989834771353773
1884,3.7234368422794217
1885,4.301733832715463
1886,4.301733832715463
1887,3.500459575557279
1888,3.500459575557279
1889,4.0
1890,4.579567957387141
1891,5.000000000000001
1892,5.000000000000001
1893,5.0
1894,1.4515449880803037
1895,5.0
1896,2.0
1897,2.0
1898,3.5531355691677957
1899,3.550372448627647
1900,3.0
1901,4.0
1902,5.0
1903,5.0
1904,5.0
1905,5.0
1906,5.000000000000001
1907,5.0
1908,2.5
1909,4.999999999999999
1910,4.999999999999999
1911,2.982985178877235
1912,2.982985178877235
1913,4.491627741040081
1914,4.032160727579779
1915,4.032160727579779
1916,4.345210369162599
1917,4.345210369162599
1918,4.645166799635789
1919,3.749052758315398
1920,3.749052758315398
1921,3.23694072522862
1922,1.0
1923,1.0
1924,4.217955256195424
1925,4.999999999999999
1926,4.764040732927613
1927,4.543516389766648
1928,4.543516389766648
1929,5.0
1930,4.440650947987886
1931,5.0
1932,2.5
1933,5.0
1934,4.380337255928368
1935,4.0
1936,4.139785188921503
1937,4.591031148444111
1938,4.245187054679565
1939,4.245187054679565
1940,5.0
1941,5.0
1942,4.075817917803076
1943,4.554291825058805
1944,5.0
1945,5.0
1946,5.0
1947,5.0
1948,4.522840417087321
1949,4.739627424827758
1950,4.739627424827758
1951,4.320521166232037
1952,2.9999999999999996
1953,4.093378156944708
1954,4.0
1955,4.806470217338788
1956,4.999999999999999
1957,5.000000000000001
1958,2.5713758335024797
1959,3.56019111894816
1960,4.687962335515995
1961,4.687962335515995
1962,4.0
1963,4.528732320883116
1964,3.136610107703064
1965,3.136610107703064
1966,4.60532673097674
1967,1.0
1968,3.131114056068799
1969,4.8520830388997345
1970,4.823817979346525
1971,5.0
1972,5.0
1973,5.0
1974,3.5840118829330576
1975,5.0
1976,3.234605859831774
1977,4.15102333604243
1978,4.15102333604243
1979,2.8914706022675087
1980,5.0
1981,3.9736020457508836
1982,3.8749199412578186
1983,3.8749199412578186
1984,4.570475294013322
1985,4.570475294013322
1986,4.752015840212771
1987,3.9076891186493814
1988,4.600412208190662
1989,4.600412208190662
1990,4.0
1991,4.760314509256967
1992,4.215258115555633
1993,1.6351165323686867
1994,3.0948547236944086
1995,3.0948547236944086
1996,3.78098430763689
1997,4.999999999999999
1998,4.999999999999999
1999,4.0
2000,5.0
2001,4.0
2002,5.0
2003,4.278701124675658
2004,4.749270385891202
2005,5.0
2006,5.0
2007,5.0
2008,5.0
2009,5.0
2010,4.425461366660464
2011,4.425461366660464
2012,4.0
2013,3.9283198686719167
2014,1.9497758494291564
2015,4.0
2016,4.0
2017,4.0
2018,5.0
2019,2.3113316754505604
2020,2.3113316754505604
2021,4.637168326029843
2022,5.0
2023,1.352444373907403
2024,4.4591822723315255
2025,3.0
2026,4.433506608391015
2027,4.433506608391015
2028,4.0
2029,4.0
2030,5.0
2031,4.685527920112384
2032,4.0
2033,4.657364957805723
2034,4.330967932274085
2035,2.223501828585402
2036,3.524845398939995
2037,3.9844724721133447
2038,4.0
2039,4.891165299235293
2040,4.155150154809309
2041,5.0
2042,5.0
2043,5.0
2044,4.208652336412644
2045,4.0
2046,4.175541844876794
2047,4.999999999999999
2048,4.320353066208649
2049,3.3915338817052807
2050,5.0
2051,4.0915580853125935
2052,3.8000189196832173
2053,4.735557717942385
2054,3.3193948655733303
2055,3.3193948655733303
2056,1.0
2057,1.0
2058,4.56969652453273
2059,3.888844974660575
2060,3.277155202872585
2061,4.0
2062,4.999999999999999
2063,4.854850431326327
2064,3.852554786198048
2065,4.3898332698443925
2066,4.3898332698443925
2067,4.357536265559545
2068,5.0
2069,4.5493899589660165
2070,4.5493899589660165
2071,4.61708183773815
2072,3.0
2073,3.0
2074,5.0
2075,4.0
2076,3.0
2077,3.0
2078,5.0
2079,4.542073394362601
2080,4.999999999999999
2081,4.232268429529708
2082,3.0
2083,5.000000000000001
2084,5.0
2085,2.445932247975331
2086,3.8331567380360863
2087,4.382624876563798
2088,4.352127132252249
2089,4.7922025188538795
2090,4.0
2091,5.0
2092,3.6879102048855725
2093,5.0
2094,5.0
2095,5.0
2096,3.0
2097,4.004399083345945
2098,4.004399083345945
2099,4.591616251543397
2100,3.612972951704619
2101,4.528202995342258
2102,3.9392121887191403
2103,3.584388029175936
2104,3.584388029175936
2105,4.347391947986613
2106,5.0
2107,4.0
2108,4.5253848033785475
2109,5.0
2110,4.247713123876358
2111,4.765957827443469
2112,4.765957827443469
2113,5.000000000000001
2114,4.006829262230384
2115,5.0
2116,5.0
2117,4.4791105257442885
2118,5.0
2119,5.0
2120,4.144885689250535
2121,4.144885689250535
2122,3.6935358083772454
2123,3.6935358083772454
2124,2.5
2125,4.0
2126,4.013340409378741
2127,4.0
2128,3.5251152959604077
2129,3.1507432434294214
2130,5.0
2131,3.9540204615143986
2132,3.9540204615143986
2133,4.709039166052072
2134,5.0
2135,4.254750516836154
2136,4.254750516836154
2137,4.0
2138,5.0
2139,4.298459655390177
2140,4.327442577077287
2141,4.0
2142,4.684526368405296
2143,3.888908452564561
2144,5.0
2145,3.9673061866000228
2146,2.5
2147,5.0
2148,5.0
2149,4.0
2150,4.267545055515928
2151,4.728956812948405
2152,4.728956812948405
2153,5.0
2154,5.0
2155,3.356207841218549
2156,5.0
2157,5.0
2158,5.0
2159,4.0
2160,1.0
2161,5.000000000000001
2162,5.000000000000001
2163,3.5376427818299274
2164,1.0
2165,1.0
2166,5.000000000000001
2167,5.0
2168,4.008095196527967
2169,3.2258759251691327
2170,4.599359505385534
2171,4.599359505385534
2172,4.0
2173,5.0
2174,3.4458264504840908
2175,5.0
2176,5.0
2177,4.4101826226714635
2178,5.000000000000001
2179,3.0
2180,4.999999999999999
2181,5.0
2182,5.0
2183,4.4132340719961
2184,5.0
2185,3.3972214190017067
2186,4.0
2187,4.541895140619884
2188,2.9374426705555745
2189,4.818351284346552
2190,4.818351284346552
2191,4.0
2192,4.0
2193,4.0
2194,3.8415388809986113
2195,4.0
2196,3.4156289075051003
2197,5.0
2198,4.931374034929137
2199,5.0
2200,5.0
2201,4.55760419090422
2202,5.0
2203,5.0
2204,4.373654246377408
2205,5.000000000000001
2206,3.6800536316702757
2207,4.772691593947275
2208,4.325740712614804
2209,5.000000000000001
2210,5.0
2211,5.0
2212,4.0
2213,5.0
2214,4.3400880384430485
2215,1.6268494066456554
2216,3.5383718955332513
2217,4.712539578122963
2218,4.696471738581291
2219,4.0
2220,5.0
2221,4.4147735992312205
2222,4.4147735992312205
2223,3.704760506625484
2224,3.79560291752366
2225,4.752473909886755
2226,5.0
2227,5.0
2228,4.0
2229,2.0
2230,3.3533141344356476
2231,5.0
2232,4.777285093833726
2233,4.445119198772049
2234,4.2719756336148045
2235,4.379205766104587
2236,4.379205766104587
2237,5.0
2238,4.354128841066579
2239,4.354128841066579
2240,5.0
2241,1.0
2242,4.999999999999999
2243,4.999999999999999
2244,5.0
2245,2.5
2246,3.478241012996935
2247,2.55903077132949
2248,4.141917690365412
2249,4.999999999999999
2250,4.0
2251,4.0
2252,4.0
2253,5.0
2254,4.0
2255,3.0
2256,4.949982798303327
2257,3.7494072087787664
2258,4.0
2259,4.944319989133164
2260,4.0
2261,4.0
2262,3.2117799183901425
2263,5.0
2264,3.8204099107116187
2265,3.8204099107116187
2266,3.9927912083535038
2267,5.0
2268,5.0
2269,4.3242148452055655
2270,5.0
2271,1.2202764236323522
2272,3.8421813090097174
2273,2.5
2274,4.0
2275,5.0
2276,3.0
2277,4.0
2278,5.0
2279,5.0
2280,5.0
2281,3.092990751045287
2282,4.47903531914554
2283,2.0
2284,2.023073366243731
2285,4.485218645210746
2286,2.5
2287,5.000000000000001
2288,4.5462039158469825
2289,4.5462039158469825
2290,4.0
2291,4.0
2292,5.0
2293,5.0
2294,4.0
2295,5.0
2296,5.0
2297,5.0
2298,5.0
2299,5.0
2300,4.714704488505449
2301,4.255768341560932
2302,5.0
2303,4.33569031293057
2304,4.0
2305,3.4322457047599157
2306,5.0
2307,4.694042699983899
2308,5.0
2309,4.0
2310,4.581782864088842
2311,5.0
2312,4.226025365163872
2313,4.358170631135235
2314,4.358170631135235
2315,1.0
2316,4.545366227551857
2317,3.990030740711886
2318,3.990030740711886
2319,5.0
2320,5.0
2321,4.618907917990109
2322,4.0
2323,5.0
2324,5.0
2325,3.0
2326,4.651748609008935
2327,3.0000000000000004
2328,2.0
2329,4.640295911382766
2330,2.0
2331,2.0
2332,1.0
2333,5.0
2334,4.571308733213014
2335,4.571308733213014
2336,5.0
2337,3.4799816099625294
2338,4.095953762640397
2339,2.1981943812581606
2340,3.0000000000000004
2341,3.5761428721618493
2342,2.5857259959975796
2343,2.5857259959975796
2344,4.173648384279524
2345,4.075827087257164
2346,4.075827087257164
2347,2.857637529014402
2348,5.0
2349,5.0
2350,4.0
2351,4.0
2352,3.0
2353,4.807664562224357
2354,5.0
2355,5.0
2356,4.559204575307476
2357,5.0
2358,5.0
2359,4.999999999999999
2360,4.5056354575683075
2361,5.000000000000001
2362,5.0
2363,5.0
2364,4.7124693571440845
2365,4.7657886157434435
2366,5.0
2367,5.0
2368,5.0
2369,4.0
2370,4.0
2371,4.0
2372,4.178870921692888
2373,3.353986763141517
2374,3.353986763141517
2375,4.886083286781433
2376,3.262641881040621
2377,4.929514770563773
2378,5.0
2379,5.0
2380,4.227078122601576
2381,2.0
2382,5.0
2383,5.0
2384,4.0
2385,5.0
2386,3.651211097369115
2387,3.9389575209218353
2388,5.0
2389,5.0
2390,5.0
2391,3.386107567502645
2392,4.682580151796689
2393,5.0
2394,3.0
2395,2.5
2396,4.032910415320753
2397,4.032910415320753
2398,5.0
2399,3.0767333805135038
2400,4.382356676055556
2401,4.0
2402,4.0
2403,4.682391381988024
2404,4.902430650832777
2405,2.819048810743963
2406,2.819048810743963
2407,2.0
2408,4.889101370001216
2409,5.0
2410,4.240729954574391
2411,2.5
2412,2.5
2413,3.458434880015199
2414,3.656898163527246
2415,4.784215675284349
2416,3.1387334782305607
2417,5.0
2418,5.0
2419,3.1781039206092747
2420,3.0
2421,5.0
2422,5.0
2423,3.953254412325235
2424,5.0
2425,5.0
2426,3.0256020047904193
2427,2.0
2428,2.0
2429,5.0
2430,4.3789336108815275
2431,4.527686952285059
2432,4.0
2433,3.0
2434,4.629806812063979
2435,4.629806812063979
2436,4.8037146521592415
2437,5.0
2438,3.0
2439,5.0
2440,2.0
2441,2.0
2442,3.4092646365463524
2443,4.999999999999999
2444,5.0
2445,4.548284698877947
2446,3.911643691846849
2447,3.911643691846849
2448,1.9070026593838583
2449,3.5616207779414117
2450,3.3109971110528096
2451,4.617300357596737
2452,5.0
2453,5.0
2454,5.0
2455,5.0
2456,2.5
2457,4.360019604152335
2458,3.4174464459227956
2459,5.0
2460,5.0
2461,3.794404000410698
2462,3.794404000410698
2463,4.0
2464,4.441655325257864
2465,3.6765780318005796
2466,5.0
2467,2.5
2468,4.0
2469,5.0
2470,5.0
2471,5.0
2472,4.644575403108864
2473,4.0
2474,5.0
2475,1.0
2476,4.999999999999999
2477,3.17333277521895
2478,3.17333277521895
2479,3.6208756088769714
2480,4.0
2481,5.0
2482,3.372230840665204
2483,4.0
2484,3.165486598841212
2485,4.724422162900461
2486,3.0
2487,5.0
2488,5.0
2489,3.8319862593983163
2490,4.0
2491,4.0
2492,4.0
2493,2.5
2494,5.0
2495,4.262894279507223
2496,4.70102879048709
2497,5.000000000000001
2498,5.0
2499,5.0
2500,5.0
2501,5.0
2502,4.623597100473597
2503,4.623597100473597
2504,5.0
2505,2.3562078412185485
2506,5.0
2507,4.575505319451833
2508,3.5142335277472285
2509,4.240509152268695
2510,3.554941675849416
2511,5.0
2512,3.775696126276805
2513,3.0
2514,5.0
2515,2.5
2516,4.0
2517,4.0
2518,5.0
2519,5.0
2520,4.0
2521,2.978998952561296
2522,5.0
2523,3.5890885775664287
2524,4.0
2525,5.0
2526,4.460543935844036
2527,4.460543935844036
2528,4.562189386717867
2529,5.0
2530,5.0
2531,5.0
2532,5.0
2533,2.8489594045365587
2534,4.0
2535,4.0
2536,4.0
2537,4.0
2538,5.000000000000001
2539,4.6163384415876285
2540,4.0
2541,5.0
2542,3.467888228871621
2543,2.1534281591578575
2544,5.0
2545,4.291625737743592
2546,4.093656526246836
2547,5.0
2548,3.31028911675212
2549,5.0
2550,5.0
2551,2.5
2552,4.0
2553,2.1339428921925494
2554,1.0
2555,4.529813641329591
2556,5.0
2557,3.770699003658848
2558,3.770699003658848
2559,5.0
2560,2.972766075102116
2561,4.999999999999999
2562,5.0
2563,4.0
2564,2.7174787979983948
2565,5.0
2566,5.0
2567,5.0
2568,5.0
2569,5.0
2570,3.0
2571,5.0
2572,5.0
2573,5.0
2574,5.0
2575,5.0
2576,1.0
2577,5.000000000000001
2578,4.618934315829072
2579,4.0
2580,4.0
2581,5.0
2582,4.556319511983064
2583,4.999999999999999
2584,4.64834153287783
2585,5.0
2586,5.0
2587,2.5
2588,3.055485246858093
2589,4.473346236238352
2590,3.944140007913548
2591,5.0
2592,4.0
2593,2.5037954548698105
2594,2.5037954548698105
2595,4.620272993013339
2596,3.0
2597,4.0
2598,2.874383756356683
2599,5.0
2600,4.942934209018538
2601,4.942934209018538
2602,4.500783542928784
2603,4.717564211946535
2604,5.0
2605,5.0
2606,4.0
2607,4.5511737887099075
2608,4.5511737887099075
2609,4.0
2610,4.0
2611,4.497481098975824
2612,4.0
2613,3.0
2614,5.0
2615,5.0
2616,4.0
2617,4.894804520794047
2618,4.894804520794047
2619,3.5707560980085025
2620,2.0
2621,5.0
2622,4.556337962143762
2623,4.194610650983327
2624,4.194610650983327
2625,4.0
2626,4.0
2627,3.356207841218549
2628,3.9336302920706356
2629,5.0
2630,4.0
2631,4.0
2632,2.9241173860289305
2633,5.0
2634,4.0
2635,5.0
2636,5.0
2637,4.0
2638,4.0
2639,4.0
2640,1.0
2641,4.0
2642,5.0
2643,5.000000000000001
2644,2.0
2645,4.262557647980205
2646,4.0
2647,5.0
2648,3.0
2649,5.0
2650,5.0
2651,3.9871989976047906
2652,4.0
2653,4.0
2654,4.279909295738778
2655,3.0
2656,4.0
2657,4.0
2658,2.423678305966145
2659,2.5
2660,4.0
2661,2.0
2662,2.0
2663,4.0
2664,4.0
2665,5.0
2666,4.591616251543397
2667,5.0
2668,4.726643985616828
2669,4.151851789196071
2670,5.0
2671,5.0
2672,4.583451365842126
2673,2.5
2674,5.0
2675,5.0
2676,2.387340907863327
2677,2.387340907863327
2678,3.0
2679,5.0
2680,4.0
2681,4.0
2682,5.0
2683,2.5
2684,5.0
2685,5.0
2686,5.0
2687,5.0
2688,4.728780302909899
2689,4.0
2690,2.7097598516909023
2691,4.0
2692,3.0
2693,5.0
2694,4.363931296896812
2695,4.0
2696,5.0
2697,5.0
2698,4.0
2699,5.0
2700,3.9119047699983613
2701,4.644653525284884
2702,2.5
2703,5.0
2704,5.0
2705,5.0
2706,4.353389701798315
2707,5.0
2708,4.0
2709,4.0
2710,4.320353066208649
2711,3.1781039206092747
2712,3.41159087499846
2713,3.41159087499846
2714,4.0
2715,5.0
2716,5.0
2717,5.0
2718,4.68386088168131
2719,5.0
2720,4.0
2721,5.0
2722,1.0
2723,5.0
2724,5.0
2725,2.5
2726,5.0
2727,5.0
2728,5.0
2729,5.0
2730,3.3297942339149933
2731,4.0
2732,4.0
2733,4.0
2734,5.0
2735,5.0
2736,4.590996166744595
2737,3.0
2738,4.0
2739,5.0
2740,3.0
2741,5.000000000000001
2742,5.0
2743,5.000000000000001
2744,4.633191210940035
2745,4.0
2746,5.0
2747,3.583514710279523
2748,5.0
2749,5.0
2750,4.0
2751,2.5
2752,4.0
2753,4.0
2754,2.5
2755,3.0
2756,4.0
2757,2.5
2758,4.535248388358281
2759,5.0
2760,5.0
2761,1.0
2762,1.0
2763,1.0
2764,4.0
2765,1.0
2766,3.0
2767,3.0
2768,5.0
2769,4.3485121750774836
2770,5.0
2771,5.0
2772,4.0
2773,4.0
2774,5.0
2775,5.0
2776,5.0
2777,5.0
2778,3.0
2779,5.0
2780,4.999999999999999
2781,5.0
2782,5.0
2783,5.0
2784,4.48836100254496
2785,5.0
2786,5.0
2787,5.0
2788,4.0
2789,5.0
2790,5.0
2791,5.0
2792,2.5
2793,5.0
2794,5.0
2795,4.999999999999999
2796,4.260672370146659
2797,5.0
2798,5.0
2799,4.0
2800,4.402336932121616
2801,5.0
2802,5.0
2803,4.771252004555884
2804,5.0
2805,4.0
2806,5.0
2807,3.0
2808,2.0
2809,5.0
2810,4.523871195124537
2811,5.0
2812,4.0
2813,5.0
2814,2.5
2815,5.0
2816,1.0
2817,1.0
2818,5.0
2819,2.5
2820,2.5
2821,4.450057229875514
2822,4.999999999999999
2823,5.0
2824,3.0
2825,3.0
2826,2.5
2827,5.0
2828,5.0
2829,5.0
2830,5.0
2831,5.0
2832,2.5
2833,2.5311937431363583
2834,4.0
2835,5.0
2836,4.495414501364881
2837,2.5
2838,5.0
2839,5.0
2840,4.0
2841,4.0319133506890354
2842,4.413353981558136
2843,4.413353981558136
2844,5.0
2845,4.0
2846,5.0
2847,5.0
2848,5.0
2849,4.724790294117364
2850,5.0
2851,5.0
2852,1.0
2853,5.0
2854,5.0
2855,5.0
2856,5.0
2857,5.0
2858,5.0
2859,5.0
2860,5.0
2861,4.0
2862,4.0
2863,2.5
2864,2.5
2865,2.5
2866,1.0
2867,4.0
2868,3.5162467897270817
2869,4.0
2870,4.0
2871,5.0
2872,5.0
2873,5.0
2874,5.0
2875,5.0
2876,4.0
2877,2.5
2878,5.0
2879,5.0
2880,4.555408683920603
2881,1.6470327887964733
2882,5.0
2883,3.0782774761240383
2884,5.0
2885,5.0
2886,5.0
2887,5.0
2888,4.364096071859739
2889,2.5
2890,4.745470670655483
2891,5.0
2892,3.0
2893,3.345888964776454
2894,2.5
2895,5.0
2896,5.0
2897,4.0
2898,3.0
2899,2.644576861577953
2900,3.0
2901,2.5
2902,4.0
2903,5.0
2904,5.0
2905,5.0
2906,5.0
2907,5.0
2908,2.5
2909,3.4462332703168905
2910,5.0
2911,5.0
2912,5.0
2913,5.0
2914,5.0
2915,4.0
2916,5.0
2917,5.0
2918,1.2896143187603657
2919,5.0
2920,5.0
2921,5.0
2922,5.0
2923,5.0
2924,4.0
2925,4.0
2926,5.0
2927,2.5
2928,5.0
2929,4.0
2930,5.0
2931,5.0
2932,5.0
2933,4.231618728413369
2934,5.0
2935,4.0
2936,5.0
2937,5.0
2938,5.0
2939,3.0
2940,2.5
2941,5.0
2942,2.5
2943,5.0
2944,4.0
2945,5.0
2946,4.0
2947,5.0
2948,5.0
2949,5.0
2950,2.0
2951,2.0
2952,5.0
2953,2.0
2954,4.0
2955,4.0
2956,5.0
2957,1.0
2958,4.0
2959,5.0
2960,5.0
2961,5.0
2962,4.0
2963,2.5
2964,4.0
2965,4.0
2966,2.5
2967,5.0
2968,4.0
2969,5.0
2970,4.0
2971,2.5
2972,4.0
2973,2.0
2974,2.0
2975,3.5193012842737854
2976,5.0
2977,4.0
2978,5.0
2979,4.0
2980,2.5
2981,5.0
2982,4.0
2983,5.0
2984,5.0
2985,3.0
2986,5.000000000000001
2987,5.0
2988,5.0
2989,5.0
2990,4.0
2991,4.0
2992,4.0
2993,3.0
2994,2.5
2995,2.5
2996,2.5
2997,2.5
2998,2.5
2999,2.5
3000,2.5
3001,2.5
3002,2.5
3003,2.5
3004,2.5
3005,2.5
3006,2.5
3007,2.5
3008,2.5
3009,2.5
3010,2.5
3011,2.5
3012,2.5
3013,2.5
3014,2.5
3015,2.5
3016,2.5
3017,2.5
3018,2.5
3019,2.5
3020,2.5
3021,2.5
3022,2.5
3023,2.5
3024,2.5
3025,2.5
3026,2.5
3027,2.5
3028,2.5
3029,2.5
3030,2.5
3031,2.5
3032,2.5
3033,2.5
3034,2.5
3035,2.5
3036,2.5
3037,2.5
3038,2.5
3039,2.5
3040,2.5
3041,2.5
3042,2.5
3043,2.5
3044,2.5
3045,2.5
3046,2.5
3047,2.5
3048,2.5
3049,2.5
3050,2.5
3051,2.5
3052,2.5
3053,2.5
3054,2.5
3055,2.5
3056,2.5
3057,2.5
3058,2.5
3059,2.5
3060,2.5
3061,2.5
3062,2.5
3063,2.5
3064,2.5
3065,2.5
3066,2.5
3067,2.5
3068,2.5
3069,2.5
3070,2.5
3071,2.5
3072,2.5
3073,2.5
3074,2.5
3075,2.5
3076,2.5
3077,2.5
3078,2.5
3079,2.5
3080,2.5
3081,2.5
3082,2.5
3083,2.5
3084,2.5
3085,2.5
3086,2.5
3087,2.5
3088,2.5
3089,2.5
3090,2.5
3091,2.5
3092,2.5
3093,2.5
3094,2.5
3095,2.5
3096,2.5
3097,2.5
3098,2.5
3099,2.5
3100,2.5
3101,2.5
3102,2.5
3103,2.5
3104,2.5
3105,2.5
3106,2.5
3107,2.5
3108,2.5
3109,2.5
3110,2.5
3111,2.5
3112,2.5
3113,2.5
3114,2.5
3115,2.5
3116,2.5
3117,2.5
3118,2.5
3119,2.5
3120,2.5
3121,2.5
3122,2.5
3123,2.5
3124,2.5
3125,2.5
3126,2.5
3127,2.5
3128,2.5
3129,2.5
3130,2.5
3131,2.5
3132,2.5
3133,2.5
3134,2.5
3135,2.5
3136,2.5
3137,2.5
3138,2.5
3139,2.5
3140,2.5
3141,2.5
3142,2.5
3143,2.5
3144,2.5
3145,2.5
3146,2.5
3147,2.5
3148,2.5
3149,2.5
3150,2.5
3151,2.5
3152,2.5
3153,2.5
3154,2.5
3155,2.5
3156,2.5
3157,2.5
3158,2.5
3159,2.5
3160,2.5
3161,2.5
3162,2.5
3163,2.5
3164,2.5
3165,2.5
3166,2.5
3167,2.5
3168,2.5
3169,2.5
3170,2.5
3171,2.5
3172,2.5
3173,2.5
3174,2.5
3175,2.5
3176,2.5
3177,2.5
3178,2.5
3179,2.5
3180,2.5
3181,2.5
3182,2.5
3183,2.5
3184,2.5
3185,2.5
3186,2.5
3187,2.5
3188,2.5
3189,2.5
3190,2.5
3191,2.5
3192,2.5
3193,2.5
3194,2.5
3195,2.5
3196,2.5
3197,2.5
3198,2.5
3199,2.5
3200,2.5
3201,2.5
3202,2.5
3203,2.5
3204,2.5
3205,2.5
3206,2.5
3207,2.5
3208,2.5
3209,2.5
3210,2.5
3211,2.5
3212,2.5
3213,2.5
3214,2.5
3215,2.5
3216,2.5
3217,2.5
3218,2.5
3219,2.5
3220,2.5
3221,2.5
3222,2.5
3223,2.5
3224,2.5
3225,2.5
3226,2.5
3227,2.5
3228,2.5
3229,2.5
3230,2.5
3231,2.5
3232,2.5
3233,2.5
3234,2.5
3235,2.5
3236,2.5
3237,2.5
3238,2.5
3239,2.5
3240,2.5
3241,2.5
3242,2.5
3243,2.5
3244,2.5
3245,2.5
3246,2.5
3247,2.5
3248,2.5
3249,2.5
3250,2.5
3251,2.5
3252,2.5
3253,2.5
3254,2.5
3255,2.5
3256,2.5
3257,2.5
3258,2.5
3259,2.5
3260,2.5
3261,2.5
3262,2.5
3263,2.5
3264,2.5
3265,2.5
3266,2.5
3267,2.5
3268,2.5
3269,2.5
3270,2.5
3271,2.5
3272,2.5
3273,2.5
3274,2.5
3275,2.5
3276,2.5
3277,2.5
3278,2.5
3279,2.5
3280,2.5
3281,2.5
3282,2.5
3283,2.5
3284,2.5
3285,2.5
3286,2.5
3287,2.5
3288,2.5
3289,2.5
3290,2.5
3291,2.5
3292,2.5
3293,2.5
3294,2.5
3295,2.5
3296,2.5
3297,2.5
3298,2.5
3299,2.5
3300,2.5
3301,2.5
3302,2.5
3303,2.5
3304,2.5
3305,2.5
3306,2.5
3307,2.5
3308,2.5
3309,2.5
3310,2.5
3311,2.5
3312,2.5
3313,2.5
3314,2.5
3315,2.5
3316,2.5
3317,2.5
3318,2.5
3319,2.5
3320,2.5
3321,2.5
3322,2.5
3323,2.5
3324,2.5
3325,2.5
3326,2.5
3327,2.5
3328,2.5
3329,2.5
3330,2.5
3331,2.5
3332,2.5
3333,2.5
3334,2.5
3335,2.5
3336,2.5
3337,2.5
3338,2.5
3339,2.5
3340,2.5
3341,2.5
3342,2.5
3343,2.5
3344,2.5
3345,2.5
3346,2.5
3347,2.5
3348,2.5
3349,2.5
3350,2.5
3351,2.5
3352,2.5
3353,2.5
3354,2.5
3355,2.5
3356,2.5
3357,2.5
3358,2.5
3359,2.5
3360,2.5
3361,2.5
3362,2.5
3363,2.5
3364,2.5
3365,2.5
3366,2.5
3367,2.5
3368,2.5
3369,2.5
3370,2.5
3371,2.5
