,0
0,2.50493200920693
1,4.950241708834798
2,3.862408800658086
3,3.862408800658086
4,4.894592844433741
5,5.0
6,4.580950858857349
7,4.442656074907124
8,4.442656074907124
9,4.999999999999999
10,4.192432334083621
11,4.394332942034663
12,3.101723562115929
13,3.101723562115929
14,4.8389686468274205
15,4.8389686468274205
16,5.0
17,5.0
18,4.62108953527026
19,2.5
20,4.482278001069885
21,4.482278001069885
22,4.518419927196675
23,4.425811955005494
24,4.46030104711171
25,4.46030104711171
26,4.408884192515943
27,4.693804959081085
28,4.693804959081085
29,4.452004372842259
30,3.977803096174326
31,3.977803096174326
32,4.517685726394639
33,4.999999999999999
34,4.999999999999999
35,4.503284022818917
36,5.000000000000001
37,3.3483702809096387
38,4.0
39,5.0
40,5.0
41,4.57773153524433
42,4.4573916077434745
43,4.793146638213097
44,5.000000000000001
45,3.737648339680814
46,3.737648339680814
47,2.5605168365649336
48,3.7166328174091072
49,3.7166328174091072
50,3.623074094238279
51,3.623074094238279
52,4.483602855511655
53,5.0
54,5.0
55,4.560216103079046
56,4.775647580961109
57,4.1073285288405605
58,4.1073285288405605
59,4.808961084675046
60,4.453254877120673
61,4.386412364516196
62,4.386412364516196
63,4.151079414511871
64,5.000000000000001
65,4.878757656362886
66,3.7106147865617367
67,3.790385454660877
68,3.332811489798808
69,3.332811489798808
70,4.723022525440668
71,4.723022525440668
72,4.885437225403459
73,4.627417609338573
74,3.5440982556772673
75,3.5440982556772673
76,4.0
77,4.0
78,4.852322400152976
79,5.0
80,4.707304546970415
81,4.452951637841097
82,4.452951637841097
83,4.634949419884025
84,4.634949419884025
85,3.0000000000000004
86,4.704357797923457
87,4.594536269767022
88,4.142420193929625
89,4.142420193929625
90,4.7765678335888655
91,4.676930113170144
92,4.6873021808012005
93,5.0
94,4.933572743860137
95,3.2502749837974956
96,3.2502749837974956
97,4.655258408425212
98,4.0
99,4.508523719413932
100,3.9020164328449565
101,4.412145972667513
102,4.412145972667513
103,3.7532961179771838
104,4.541120609359672
105,4.541120609359672
106,4.494937065433851
107,4.450850298313997
108,5.0
109,4.876758476929272
110,5.0
111,4.901398316459968
112,4.901398316459968
113,4.273323015951447
114,4.220863571271906
115,4.220863571271906
116,4.387079594683263
117,2.5
118,4.76207199977848
119,4.938645076273186
120,4.57639530607853
121,4.061936625053312
122,4.7029396174999905
123,4.146297337619883
124,4.146297337619883
125,4.7727814927868835
126,4.7065377486864595
127,4.7065377486864595
128,4.845132639966894
129,4.483814323359572
130,4.579550998218828
131,4.579550998218828
132,4.134679451761176
133,2.720030544480428
134,2.720030544480428
135,5.000000000000001
136,3.9125609858098884
137,3.9125609858098884
138,4.872049072092435
139,4.570266117404266
140,4.5783961119839445
141,4.5783961119839445
142,4.413989860097483
143,4.413989860097483
144,3.4124170893721453
145,3.4124170893721453
146,4.903940143875548
147,5.0
148,5.0
149,3.991508465413266
150,3.991508465413266
151,4.40529429386878
152,5.0
153,5.0
154,4.567557750548759
155,4.567557750548759
156,4.685480956210375
157,3.5812582873828744
158,3.5812582873828744
159,4.369755924528684
160,4.369755924528684
161,5.0
162,5.0
163,4.1730960664323025
164,4.68573375660787
165,4.948853271999066
166,4.938231828802682
167,4.193197640464521
168,2.5
169,4.1862882872324985
170,5.000000000000001
171,4.492392852200503
172,4.492392852200503
173,3.658122651968487
174,3.846076154735181
175,5.0
176,5.0
177,4.514158203669159
178,4.619909057595208
179,4.620902819513971
180,4.620902819513971
181,4.548025832700307
182,4.548025832700307
183,4.999999999999999
184,3.6484036271334728
185,3.6484036271334728
186,4.999999999999999
187,2.0450819288378423
188,2.0450819288378423
189,4.883887886688498
190,5.0
191,5.0
192,4.579309979874374
193,4.921504303920721
194,5.0
195,4.782169256788264
196,4.782169256788264
197,4.544752852594263
198,3.3777245748800047
199,3.3777245748800047
200,4.0
201,4.918619082917334
202,4.700312223817816
203,4.700312223817816
204,4.762202553699901
205,4.762202553699901
206,4.7411510962413965
207,4.557094962594457
208,4.557094962594457
209,3.238852874173894
210,3.238852874173894
211,4.310067811924003
212,4.310067811924003
213,5.0
214,5.0
215,4.956792115847519
216,1.0
217,5.0
218,4.247102828300998
219,4.247102828300998
220,5.0
221,5.0
222,4.712127852285579
223,5.0
224,4.468289311548738
225,4.0
226,4.0
227,4.5091168343419
228,4.196838710516173
229,4.196838710516173
230,2.0
231,2.0
232,4.339201123968671
233,4.339201123968671
234,4.148277264528605
235,4.148277264528605
236,4.788283118188881
237,4.788283118188881
238,4.0
239,3.425244371957441
240,3.425244371957441
241,4.999999999999999
242,4.0
243,3.6387052773825377
244,4.646767856048833
245,4.082312367647464
246,4.764883579046826
247,4.764883579046826
248,4.080019932867262
249,4.536327462066672
250,4.791641227727037
251,4.999999999999999
252,4.273251905702769
253,4.633014759366067
254,4.633014759366067
255,4.39290141531473
256,4.484420087025585
257,3.0
258,4.431443740568719
259,4.431443740568719
260,4.434161943552219
261,4.434161943552219
262,5.0
263,4.949880042601805
264,4.8889548679728545
265,4.8889548679728545
266,5.0
267,4.0
268,4.875530902277354
269,4.895048316594686
270,2.820613669396117
271,2.820613669396117
272,4.947600127904806
273,4.743778417043185
274,4.293906370609529
275,4.293906370609529
276,3.0
277,3.0
278,3.010612706338746
279,3.010612706338746
280,3.7443132134979265
281,4.147857069042633
282,4.147857069042633
283,3.511516210828622
284,4.81073676130856
285,4.1179594138900635
286,4.1179594138900635
287,4.913737643592773
288,4.920784766216192
289,4.750410349775856
290,5.0
291,4.0
292,4.0
293,3.8059075014755366
294,4.775402901625349
295,4.617815952862725
296,4.766791590158607
297,2.5
298,4.258700382012677
299,4.593269216262312
300,4.681828162791161
301,4.776327981199287
302,4.209509544882768
303,4.100818963944006
304,5.0
305,4.526809838210535
306,4.186341960751182
307,5.0
308,4.290272625815671
309,4.290272625815671
310,4.0
311,4.234540001127489
312,4.317832512542263
313,4.317832512542263
314,4.595925906139623
315,4.7839274763569435
316,4.16446253371171
317,4.1192947594442995
318,4.1192947594442995
319,3.97078566839931
320,3.97078566839931
321,5.0
322,4.738867905759461
323,5.0
324,5.0
325,4.172537539625178
326,4.363441342011997
327,4.999999999999999
328,3.693081585429372
329,4.844785751418993
330,4.910141616766025
331,4.910141616766025
332,2.80271783831464
333,3.6270079806277824
334,3.6270079806277824
335,4.563293241599102
336,4.001222663750791
337,4.001222663750791
338,4.087635886716583
339,4.999999999999999
340,4.999999999999999
341,4.0
342,5.0
343,3.2766253516888666
344,3.2766253516888666
345,5.0
346,4.105669032146287
347,4.105669032146287
348,5.0
349,5.0
350,4.278520676163758
351,4.278520676163758
352,4.8309249565186745
353,3.1808346974479997
354,3.1808346974479997
355,4.326241765552849
356,5.0
357,4.554575957061543
358,5.0
359,4.325712924004487
360,4.325712924004487
361,4.5308457709919585
362,5.0
363,4.999999999999999
364,4.429132449450442
365,4.4008233113217194
366,4.4008233113217194
367,4.91860137124566
368,3.814865727586067
369,3.814865727586067
370,4.130696125264385
371,4.107750843909105
372,4.190255328658748
373,3.0
374,3.0
375,4.554747579076806
376,4.554747579076806
377,4.62252373998702
378,2.6983850136901304
379,2.6983850136901304
380,4.4529928038329345
381,4.4529928038329345
382,4.8712915678864555
383,4.999999999999999
384,4.2424835289251455
385,4.814347071270366
386,4.814347071270366
387,5.0
388,4.390858694331135
389,5.0
390,4.196160563713543
391,4.68398730083254
392,3.7277189706565452
393,3.7277189706565452
394,5.0
395,3.2801357383763814
396,5.0
397,2.960219394645026
398,5.0
399,5.0
400,5.0
401,3.9047559110510335
402,3.9047559110510335
403,4.221094316475377
404,4.221094316475377
405,2.7023126636449453
406,4.765947806223396
407,4.765947806223396
408,4.999999999999999
409,3.6571852763893924
410,3.6571852763893924
411,5.0
412,4.654621572773875
413,3.480953356035193
414,3.480953356035193
415,4.109025209359358
416,4.631212639774805
417,4.353649137154174
418,5.0
419,5.0
420,3.778005760918214
421,3.651119218686127
422,3.651119218686127
423,4.893532796337367
424,4.893532796337367
425,4.889957295765138
426,4.889957295765138
427,4.729849695760815
428,4.8477328331676945
429,1.7156761824994546
430,1.7156761824994546
431,4.0
432,4.207429438281778
433,3.3336009014163572
434,4.611801190991063
435,2.7048185429257843
436,2.7048185429257843
437,3.8283929560840897
438,3.8283929560840897
439,4.8020246490075085
440,2.3722981756332207
441,4.137500645291384
442,4.364584024068357
443,4.364584024068357
444,5.0
445,5.0
446,4.0
447,4.999999999999999
448,4.798889531578222
449,3.688522289729821
450,3.688522289729821
451,5.0
452,4.292592392140966
453,2.717622248013357
454,2.717622248013357
455,4.540793820919874
456,3.585033073263646
457,3.585033073263646
458,4.760438001791237
459,5.000000000000001
460,5.000000000000001
461,4.884347022289105
462,4.884347022289105
463,4.456228073538545
464,5.0
465,5.0
466,4.685636428035637
467,5.0
468,5.0
469,4.572639652144025
470,4.196223461347677
471,4.999999999999999
472,4.415735613859459
473,4.434914015440891
474,4.434914015440891
475,4.755784998100267
476,4.782234003779137
477,4.25585795117337
478,4.25585795117337
479,5.0
480,4.799955086381471
481,4.799955086381471
482,5.0
483,4.134164418329192
484,4.134164418329192
485,3.928069122859474
486,2.2245285148584317
487,5.0
488,4.683429531872405
489,4.57891034412662
490,4.0
491,5.000000000000001
492,5.0
493,4.0
494,4.203417966518637
495,4.714188353374394
496,3.488918023534944
497,3.488918023534944
498,4.6736992065605945
499,4.691193342205964
500,4.691193342205964
501,3.9809963162241644
502,3.9809963162241644
503,4.765078575364909
504,3.710846965671161
505,4.692434345333339
506,4.269840753935401
507,3.925536414209646
508,3.925536414209646
509,4.6614606146662885
510,2.568036163705713
511,2.568036163705713
512,5.0
513,4.857983722049221
514,5.0
515,5.0
516,3.388856835392746
517,3.388856835392746
518,4.844009797445223
519,5.0
520,4.822296674623539
521,4.822296674623539
522,4.638585062770723
523,3.262120052277808
524,5.0
525,3.810965727931546
526,3.810965727931546
527,4.3603010633773165
528,4.3603010633773165
529,5.0
530,3.640309956706659
531,3.640309956706659
532,4.5828244569194325
533,4.3778940392578765
534,4.3778940392578765
535,4.237689371310889
536,3.678389014599235
537,4.456382224278861
538,4.456382224278861
539,4.72409567998551
540,4.72409567998551
541,4.670653761084455
542,4.5143184446165545
543,4.0
544,4.0
545,4.4614051503807435
546,4.047314175245631
547,4.047314175245631
548,4.402889259898083
549,5.0
550,3.646441997994963
551,4.904452374235264
552,4.636752956623009
553,4.636752956623009
554,4.448256887573731
555,5.0
556,3.609171723194088
557,4.4730372144868795
558,4.999999999999999
559,3.178029945382247
560,4.699419015694854
561,2.4927947908858354
562,2.4927947908858354
563,3.9269333713863204
564,4.591031385931631
565,4.591031385931631
566,5.0
567,3.576643246976381
568,4.0
569,4.216779397100074
570,4.216779397100074
571,4.0
572,5.0
573,4.684955244608157
574,4.684955244608157
575,4.704321674506912
576,4.704321674506912
577,4.06022511228038
578,4.806970732904791
579,4.806970732904791
580,4.191929814770328
581,4.691508924761529
582,4.691508924761529
583,5.0
584,5.0
585,5.0
586,4.405321245362645
587,4.906551275546137
588,3.858773086897337
589,5.0
590,4.063337885083011
591,4.063337885083011
592,3.798826467690225
593,4.951268908548276
594,4.925067951604086
595,4.3256733224406165
596,4.399587070299879
597,4.399587070299879
598,3.4249412181057215
599,4.599723741076377
600,4.895770189438075
601,4.0
602,5.0
603,5.0
604,4.618066393421231
605,4.588602609280874
606,5.0
607,3.656624755825486
608,5.0
609,3.7207431037976653
610,4.866365679949553
611,3.827186731927641
612,3.827186731927641
613,4.489794387542605
614,4.489794387542605
615,5.0
616,4.168299998214373
617,4.168299998214373
618,5.0
619,5.000000000000001
620,4.070732788998017
621,4.900250223259928
622,5.0
623,4.824661201885187
624,4.824661201885187
625,4.742049218903681
626,4.742049218903681
627,4.303593906352083
628,3.5673476524649366
629,4.6985267962061315
630,4.0
631,4.91325987752803
632,4.0
633,5.000000000000001
634,4.4322060019749845
635,4.090356391601285
636,4.142930637068647
637,3.6212951482719244
638,3.6212951482719244
639,4.492597850217729
640,4.492597850217729
641,4.926024313037148
642,4.239610902706041
643,4.239610902706041
644,4.521025940497598
645,4.521025940497598
646,4.70554156434778
647,3.576156435825338
648,3.576156435825338
649,4.874460649190143
650,3.5313644589909563
651,3.5313644589909563
652,4.383925847187115
653,4.06579464904613
654,4.818946031019215
655,2.430140858348782
656,2.430140858348782
657,4.791275117152372
658,4.8615154011980914
659,3.968234123725939
660,3.665938954128805
661,3.665938954128805
662,4.878145639692643
663,4.878145639692643
664,4.442504672403472
665,4.442504672403472
666,4.82819692908683
667,5.000000000000001
668,2.992451185974663
669,5.000000000000001
670,5.000000000000001
671,4.179799547307832
672,4.179799547307832
673,4.6622228940281545
674,4.6622228940281545
675,4.791097278345709
676,4.400015650994624
677,4.539169019060584
678,2.878917655913128
679,4.342524088855385
680,4.342524088855385
681,5.000000000000001
682,5.000000000000001
683,4.324817501843242
684,3.0460713356790214
685,3.0460713356790214
686,5.0
687,3.871315967416519
688,4.813724393802719
689,4.432597821761319
690,3.0306139193063273
691,5.000000000000001
692,5.000000000000001
693,4.840851441844258
694,3.8143470712703667
695,3.8143470712703667
696,3.0
697,4.8651279989767575
698,3.4415914933697374
699,3.4415914933697374
700,2.0423484606886193
701,4.223613920448777
702,5.0
703,5.0
704,5.0
705,3.9007700909190803
706,3.9007700909190803
707,5.0
708,3.2081301246947667
709,3.2081301246947667
710,4.0
711,4.0
712,3.1840179511548143
713,3.1840179511548143
714,4.2660273853921735
715,4.756202519642081
716,2.0
717,2.0
718,2.5
719,5.0
720,4.100700439085748
721,4.400675136140005
722,4.400675136140005
723,4.4410685669753835
724,2.958787352149353
725,2.958787352149353
726,4.61221024067029
727,4.61221024067029
728,3.452845896446242
729,3.452845896446242
730,4.444051813460483
731,5.0
732,5.0
733,4.888340095887131
734,4.253463964166186
735,3.987553424881066
736,3.4799498090988994
737,4.479631823940718
738,4.479631823940718
739,2.7573980138103953
740,4.362278968044474
741,4.600863346081708
742,4.600863346081708
743,4.87177774430555
744,4.87177774430555
745,2.5
746,3.0
747,3.0
748,4.559599340670262
749,4.20236863723919
750,4.0
751,4.0
752,4.519984603235983
753,4.519984603235983
754,5.0
755,2.8229817306484613
756,2.8229817306484613
757,4.236829825339486
758,4.431172399068696
759,4.605568691743128
760,4.605568691743128
761,4.828332098266087
762,4.60749170291657
763,4.24557509309196
764,4.24557509309196
765,3.9633246061098486
766,3.9633246061098486
767,4.635332729575485
768,4.277051579919039
769,5.0
770,5.0
771,5.0
772,3.436964321369351
773,3.436964321369351
774,3.852467696364792
775,3.852467696364792
776,4.866712892515034
777,3.749169914387948
778,3.810527515429582
779,3.810527515429582
780,4.5435255070093605
781,5.0
782,2.5
783,4.432043908315547
784,4.432043908315547
785,3.0
786,2.921022107276882
787,2.921022107276882
788,5.0
789,5.0
790,4.602214924637227
791,4.602214924637227
792,4.798262909943183
793,4.500996780248528
794,4.288118735518773
795,5.0
796,5.0
797,4.0
798,4.0
799,4.169314477411738
800,4.169314477411738
801,4.212052390660826
802,4.212052390660826
803,4.952226387122717
804,4.637424005342618
805,4.0274190786104755
806,4.399043864694961
807,4.846816985882962
808,4.516453708973051
809,4.097888887851265
810,4.097888887851265
811,5.0
812,5.0
813,4.368008058686525
814,4.6427558796601
815,4.0
816,4.818504001073541
817,4.476713619449594
818,4.476713619449594
819,3.7213733396785305
820,3.7213733396785305
821,5.000000000000001
822,5.000000000000001
823,3.8639819445316617
824,3.8639819445316617
825,3.9264570285517704
826,4.135064138272433
827,4.135064138272433
828,5.0
829,4.1103890292594825
830,4.356641010254112
831,4.610467149559646
832,4.610467149559646
833,4.488634104550295
834,4.578892706913885
835,4.578892706913885
836,4.908767419237889
837,5.0
838,5.0
839,4.291188209009655
840,4.999999999999999
841,3.7004408698621805
842,4.496606988488688
843,3.914980512543936
844,3.914980512543936
845,4.86698756011808
846,3.631956777067036
847,5.000000000000001
848,4.270958333683817
849,4.270958333683817
850,4.585244735239839
851,5.000000000000001
852,5.000000000000001
853,4.713374423629799
854,3.885670040392948
855,3.885670040392948
856,5.0
857,2.5
858,5.0
859,5.0
860,4.4277253749932655
861,2.542923566138538
862,4.700128192893214
863,4.700128192893214
864,4.608567859113802
865,4.383435295516317
866,4.383435295516317
867,4.334349892230857
868,4.890610630804138
869,4.062271482185927
870,4.062271482185927
871,3.8900450674883715
872,3.8900450674883715
873,4.475132589991627
874,4.475132589991627
875,3.4928385210606043
876,3.4928385210606043
877,4.571895601452384
878,5.0
879,4.088723825625843
880,4.088723825625843
881,5.0
882,4.768823733540972
883,5.0
884,5.0
885,4.3309804148095665
886,4.3309804148095665
887,3.0923016918069948
888,3.2524660046034652
889,5.0
890,4.7414314880785655
891,4.7414314880785655
892,3.1902553286587483
893,4.13696058773242
894,4.874673542491186
895,3.8249079666379147
896,2.5740188785524722
897,4.1613603693004615
898,4.1613603693004615
899,4.211830387450161
900,4.211830387450161
901,4.4090648132904295
902,4.715707068732604
903,4.715707068732604
904,4.054052020989974
905,4.820333845252298
906,3.985406096278634
907,3.985406096278634
908,5.0
909,5.0
910,5.0
911,3.651201956986747
912,3.651201956986747
913,5.0
914,4.3868400817269135
915,3.0
916,4.35424925633078
917,4.425536890109392
918,4.425536890109392
919,4.481526307495007
920,5.0
921,4.327076144386946
922,4.784848202262887
923,4.634790506582093
924,2.2342070593077854
925,4.806571032182113
926,4.806571032182113
927,5.0
928,5.0
929,5.0
930,4.39657740467553
931,3.3298327267267376
932,4.999999999999999
933,4.999999999999999
934,3.545742762843511
935,3.545742762843511
936,5.0
937,4.0
938,4.506107721053933
939,4.449093460663739
940,2.505386656764209
941,2.505386656764209
942,3.9267362944164623
943,3.9267362944164623
944,4.608862101307974
945,3.755650852454286
946,3.9793056844167656
947,3.9793056844167656
948,4.339507568733897
949,5.0
950,5.0
951,4.07454374014947
952,4.07454374014947
953,4.854548213060846
954,4.327457269634539
955,4.327457269634539
956,4.131865316931626
957,4.131865316931626
958,4.936143535135564
959,5.0
960,4.0
961,5.0
962,5.0
963,4.618177342565974
964,4.019747049150717
965,4.019747049150717
966,4.370952445360695
967,4.38023278674301
968,4.2342723842372845
969,4.2342723842372845
970,3.277217845589391
971,3.277217845589391
972,4.90225437004156
973,3.581062472039513
974,3.8398918818469854
975,5.000000000000001
976,4.999999999999999
977,4.884386291764002
978,4.836669540389819
979,4.548793016885829
980,2.5
981,4.461240413793199
982,4.4523571922995195
983,4.4523571922995195
984,5.0
985,5.0
986,4.408413699407991
987,4.408413699407991
988,4.138884801833235
989,4.516065013445375
990,4.516065013445375
991,5.0
992,5.0
993,3.0
994,4.608271158202061
995,4.7502338625417675
996,4.698399689770411
997,5.0
998,4.0
999,2.785568838286154
1000,2.785568838286154
1001,2.2589599814745958
1002,2.2589599814745958
1003,4.765674500474096
1004,4.8002240647303465
1005,4.790277970394361
1006,4.915071185302055
1007,3.9634083442577785
1008,4.517234689890872
1009,4.517234689890872
1010,2.6837677296954543
1011,5.000000000000001
1012,5.0
1013,5.0
1014,5.0
1015,4.802839998667003
1016,4.802839998667003
1017,4.413837049637994
1018,4.0
1019,3.8791690448579006
1020,4.58401376746893
1021,4.302335752494137
1022,4.857942924085071
1023,3.0
1024,4.598678494028558
1025,4.598678494028558
1026,3.9945349656022735
1027,5.0
1028,4.527519576886064
1029,4.7126376781827
1030,4.7126376781827
1031,5.0
1032,2.5
1033,2.5
1034,4.050474977209182
1035,4.050474977209182
1036,4.569672071521224
1037,3.869830537137853
1038,4.732877049727364
1039,4.732877049727364
1040,5.0
1041,2.683755316434207
1042,2.683755316434207
1043,5.0
1044,4.883531973605195
1045,4.883531973605195
1046,4.920030855211427
1047,4.809682790792252
1048,5.0
1049,4.483792482604711
1050,4.745416906866729
1051,4.745416906866729
1052,4.502780889330323
1053,5.0
1054,3.502459757657917
1055,3.502459757657917
1056,4.274281610138922
1057,4.274281610138922
1058,3.615217620713912
1059,4.9391849786555495
1060,2.883608178130995
1061,4.744581560096016
1062,4.609486909175251
1063,3.9480332266135276
1064,3.9480332266135276
1065,4.029640775479956
1066,4.029640775479956
1067,4.753929195390823
1068,4.381886915721091
1069,4.999999999999999
1070,4.6019975351720435
1071,4.136680074431052
1072,4.764893125885803
1073,4.764893125885803
1074,4.772685663493008
1075,4.696678441840996
1076,2.7348539162857928
1077,4.823353778111127
1078,4.438851474631595
1079,5.0
1080,4.823955925803235
1081,4.823955925803235
1082,3.977578397320723
1083,3.977578397320723
1084,4.333095911613314
1085,4.333095911613314
1086,5.0
1087,4.377297795217436
1088,4.377297795217436
1089,3.9273420935421868
1090,4.421867534045734
1091,4.421867534045734
1092,4.66065240566705
1093,4.569518926631994
1094,3.154781351688825
1095,4.822412271814969
1096,4.822412271814969
1097,5.000000000000001
1098,5.0
1099,3.0
1100,4.262120052277808
1101,4.860225132938126
1102,4.860225132938126
1103,4.896779590137951
1104,4.847219026996913
1105,4.847219026996913
1106,4.339240704875238
1107,4.873170420817233
1108,5.0
1109,5.0
1110,4.873860689241837
1111,5.000000000000001
1112,4.3597783092497435
1113,4.3597783092497435
1114,4.88888320600936
1115,4.752315616252454
1116,5.0
1117,4.410296321907784
1118,4.410296321907784
1119,5.000000000000001
1120,5.000000000000001
1121,5.0
1122,4.0995277564615815
1123,5.0
1124,4.24489732444902
1125,4.24489732444902
1126,1.0
1127,1.0
1128,3.0
1129,3.068438518351421
1130,3.068438518351421
1131,4.747794687945391
1132,4.67199919345518
1133,5.0
1134,4.999999999999999
1135,4.999999999999999
1136,4.90976215420373
1137,4.90976215420373
1138,5.0
1139,2.5
1140,5.0
1141,4.617506644089881
1142,2.710223612306711
1143,4.0
1144,4.0
1145,3.4833284555315083
1146,3.4833284555315083
1147,4.999999999999999
1148,4.727812074164928
1149,5.0
1150,4.416476968408844
1151,4.181061090204826
1152,5.0
1153,4.676164353064172
1154,4.84339194308817
1155,2.6285069664609453
1156,4.675249533273967
1157,4.5795881998166745
1158,4.23420581768536
1159,3.9458489781425583
1160,3.9458489781425583
1161,4.7203205269728565
1162,5.0
1163,4.6527859851218425
1164,4.4140273610790945
1165,4.0
1166,4.699233483977941
1167,3.1396132343661596
1168,3.1396132343661596
1169,4.999999999999999
1170,4.797626054678858
1171,4.999999999999999
1172,4.607629167758701
1173,5.0
1174,5.0
1175,5.0
1176,4.178963898823154
1177,4.155715846287067
1178,4.280156048978798
1179,3.2524660046034652
1180,3.816027067100121
1181,3.816027067100121
1182,4.71096149718877
1183,4.64832514935769
1184,4.64832514935769
1185,5.0
1186,4.540583567887754
1187,4.615912458073175
1188,4.557221380111587
1189,4.557221380111587
1190,4.587220462647807
1191,4.873971196677418
1192,5.0
1193,5.0
1194,4.735117567581522
1195,4.069826545748743
1196,4.069826545748743
1197,4.523458693751827
1198,4.999999999999999
1199,4.928663382344307
1200,4.928663382344307
1201,4.0
1202,4.4751002619679605
1203,3.7391016700658195
1204,4.751898258662801
1205,3.821644224868068
1206,5.0
1207,5.0
1208,5.0
1209,3.4385259115114475
1210,3.4385259115114475
1211,2.5
1212,4.410770384809498
1213,4.999999999999999
1214,3.622853211468368
1215,4.109741441700693
1216,4.109741441700693
1217,4.59559421056316
1218,3.843482045031976
1219,3.843482045031976
1220,4.608573568515812
1221,4.608573568515812
1222,5.0
1223,4.133638300318937
1224,4.133638300318937
1225,4.0
1226,2.1422273355792045
1227,2.1422273355792045
1228,5.0
1229,4.130584550251934
1230,4.130584550251934
1231,4.876942137940575
1232,5.0
1233,2.8018860086182644
1234,2.8018860086182644
1235,3.4702881035545183
1236,3.4702881035545183
1237,5.000000000000001
1238,4.417968111668666
1239,4.417968111668666
1240,4.0
1241,4.407005324756402
1242,4.659209069787905
1243,4.659209069787905
1244,5.0
1245,4.549742542816852
1246,4.0295454968094
1247,3.7390507907315795
1248,4.109074511813904
1249,4.109074511813904
1250,2.2560530028905483
1251,2.2560530028905483
1252,4.415325177178189
1253,5.000000000000001
1254,5.0
1255,2.864356206556319
1256,2.864356206556319
1257,4.553707577006553
1258,4.553707577006553
1259,3.5680023812520214
1260,4.715097313800277
1261,5.0
1262,5.0
1263,4.022650638697337
1264,4.843446891152347
1265,4.754415937430708
1266,4.543917529239578
1267,5.0
1268,3.9299121553966483
1269,4.39543318047008
1270,4.39543318047008
1271,4.186488723354603
1272,4.186488723354603
1273,3.849926724818371
1274,3.849926724818371
1275,4.230491051632052
1276,5.0
1277,4.508650452938002
1278,3.3523469877745304
1279,4.395505794156371
1280,3.903153845810649
1281,4.466773050652823
1282,5.0
1283,5.0
1284,4.646041732004085
1285,4.93467457917119
1286,2.8190505880877708
1287,4.49179503407833
1288,4.49179503407833
1289,4.916359953417381
1290,3.9392865512817834
1291,5.0
1292,3.5281985959019506
1293,3.5281985959019506
1294,4.8349216913934265
1295,4.634912218746341
1296,5.0
1297,4.776934804837719
1298,4.41786613443931
1299,3.7668455587460357
1300,4.049347631524442
1301,4.049347631524442
1302,4.193859155860925
1303,4.41868246899989
1304,4.643302534538656
1305,4.0
1306,5.0
1307,5.0
1308,4.016529914352382
1309,4.016529914352382
1310,4.159204157161069
1311,4.160780742448717
1312,5.0
1313,4.255810905560516
1314,3.2611886167883433
1315,5.0
1316,4.0
1317,4.0
1318,3.0458472248665447
1319,3.0458472248665447
1320,4.0
1321,3.9650844970028287
1322,3.9650844970028287
1323,4.116078920211803
1324,4.116078920211803
1325,5.0
1326,3.75495252002596
1327,4.0
1328,3.1976664892051088
1329,5.0
1330,5.0
1331,3.1967065113286837
1332,4.5876171152536775
1333,3.6628161914623267
1334,3.6628161914623267
1335,5.0
1336,4.2508635069154375
1337,4.897794581536584
1338,5.0
1339,5.0
1340,4.0
1341,4.431129765345931
1342,5.0
1343,4.0
1344,4.999999999999999
1345,4.174606099544501
1346,4.92039816542923
1347,3.0
1348,4.924730314683805
1349,5.0
1350,5.0
1351,5.0
1352,2.743626518210528
1353,2.743626518210528
1354,4.910907788604788
1355,4.910907788604788
1356,4.400925624590178
1357,4.400925624590178
1358,1.0
1359,1.0
1360,4.678166468152258
1361,4.678166468152258
1362,4.521861050578513
1363,2.5
1364,3.6360611092435287
1365,5.0
1366,5.0
1367,4.0
1368,4.0
1369,4.2665593196135765
1370,3.3637336779564193
1371,5.0
1372,3.93707978407669
1373,5.0
1374,4.908396030760745
1375,2.5
1376,4.8253423961505355
1377,4.513743504502601
1378,5.0
1379,4.495078873539501
1380,4.0
1381,5.0
1382,5.0
1383,5.0
1384,5.0
1385,4.527238626279408
1386,5.0
1387,4.660849226077415
1388,5.0
1389,4.33189055935691
1390,5.0
1391,5.0
1392,4.8651929632464
1393,4.999999999999999
1394,4.8358787995734085
1395,4.195031718524723
1396,4.195031718524723
1397,1.0
1398,1.0
1399,5.0
1400,5.0
1401,4.240343291276301
1402,4.489236244895485
1403,5.000000000000001
1404,5.0
1405,3.272108582549094
1406,4.0
1407,4.0
1408,4.671389939160487
1409,4.800058692523895
1410,5.0
1411,4.616435707109396
1412,3.693461800264099
1413,3.693461800264099
1414,3.6806927654635486
1415,3.6806927654635486
1416,5.0
1417,2.7816811763278246
1418,5.0
1419,5.0
1420,5.0
1421,4.286901933077535
1422,4.464777819634291
1423,4.001050957187684
1424,4.001050957187684
1425,5.0
1426,4.856010650163946
1427,5.0
1428,4.830869894317652
1429,3.2287774189630154
1430,3.2287774189630154
1431,4.0
1432,5.0
1433,4.503673867258403
1434,4.340887511508032
1435,5.0
1436,4.033621814468306
1437,3.8059172333782065
1438,5.0
1439,5.0
1440,5.0
1441,5.0
1442,3.847597015046044
1443,3.847597015046044
1444,3.6524482630801396
1445,3.9968099434162103
1446,3.9968099434162103
1447,4.742087441160991
1448,4.422780166186793
1449,4.123229419327234
1450,4.308153267813168
1451,4.253858816791717
1452,4.212698684770626
1453,5.0
1454,4.932001962155103
1455,5.0
1456,2.7847558035106155
1457,2.7847558035106155
1458,3.0
1459,3.0
1460,5.0
1461,5.0
1462,4.0
1463,4.0
1464,5.0
1465,4.638265902945025
1466,4.60790989749335
1467,3.6827908754878234
1468,3.6827908754878234
1469,4.631443804134784
1470,5.0
1471,4.606735052713386
1472,5.0
1473,5.0
1474,4.490396745608611
1475,3.8285531227102507
1476,4.3617662741385494
1477,4.729163357021168
1478,4.867687013730765
1479,5.000000000000001
1480,2.811802682446619
1481,4.376230829434516
1482,3.46789129473226
1483,5.0
1484,3.6796865834890973
1485,4.0397907921440055
1486,5.0
1487,3.559293096213007
1488,5.0
1489,5.0
1490,5.0
1491,2.5
1492,4.999999999999999
1493,4.0
1494,4.173873987621342
1495,4.290114342671385
1496,4.685750678215508
1497,4.685750678215508
1498,4.415759175429993
1499,2.7963630190202386
1500,2.7963630190202386
1501,4.531560205325445
1502,5.0
1503,2.5
1504,4.540483143319897
1505,4.540483143319897
1506,4.0
1507,4.725986337889288
1508,5.0
1509,4.832115353989864
1510,4.29598854828028
1511,4.259519668727017
1512,4.259519668727017
1513,5.0
1514,4.553130914293276
1515,4.553130914293276
1516,4.236677591338886
1517,5.000000000000001
1518,4.376154810190238
1519,5.000000000000001
1520,5.000000000000001
1521,4.0
1522,1.4336285570073137
1523,4.0
1524,2.0
1525,3.912193773007514
1526,5.0
1527,2.8033170093232185
1528,2.8033170093232185
1529,5.000000000000001
1530,3.0846005680800146
1531,4.297001612399277
1532,5.0
1533,4.352883853423203
1534,3.50493200920693
1535,5.000000000000001
1536,4.823845750356078
1537,4.902564322836362
1538,4.0
1539,4.036010331725519
1540,4.171110418287866
1541,4.707290696966754
1542,4.499467470389025
1543,5.000000000000001
1544,4.545442473556385
1545,5.000000000000001
1546,4.031679080741587
1547,4.54695404080089
1548,4.0
1549,4.814321364577775
1550,4.814321364577775
1551,4.228527254192191
1552,4.273840166745524
1553,4.273840166745524
1554,4.0
1555,3.6264308125617895
1556,3.6264308125617895
1557,4.409996218203171
1558,5.0
1559,3.2423512822641114
1560,5.0
1561,4.1747199683085014
1562,4.535572726474812
1563,5.0
1564,5.0
1565,4.8042569150802885
1566,4.999999999999999
1567,5.000000000000001
1568,4.868808677574331
1569,5.0
1570,4.766393211900215
1571,4.668607098928823
1572,5.000000000000001
1573,4.0
1574,5.0
1575,5.0
1576,5.0
1577,4.012397861046342
1578,5.0
1579,3.178231478246207
1580,3.75964160377618
1581,5.0
1582,4.263732546793578
1583,4.21178972695196
1584,4.793799160567969
1585,3.1719856549034025
1586,4.1207113696476005
1587,4.1207113696476005
1588,4.492920262356039
1589,4.216150293190669
1590,2.0
1591,5.0
1592,5.0
1593,4.082469092712135
1594,4.8615896833128325
1595,4.1433368552464085
1596,4.1433368552464085
1597,4.210997414125879
1598,4.210997414125879
1599,4.633609772516223
1600,3.0
1601,4.600890442513679
1602,4.323637265088381
1603,5.000000000000001
1604,4.650346911317053
1605,5.0
1606,5.0
1607,4.28288128551266
1608,4.0
1609,4.0
1610,4.0
1611,4.329544635411715
1612,3.8812695986993355
1613,3.8812695986993355
1614,4.816586292327986
1615,4.926432455586913
1616,4.76027702408006
1617,4.860035245271178
1618,3.8453044780644965
1619,3.8453044780644965
1620,4.07345837325896
1621,4.5927458945144135
1622,4.5927458945144135
1623,5.0
1624,5.0
1625,4.29103948306796
1626,4.567169693848854
1627,4.195170056952913
1628,4.335465034944657
1629,4.476431138006043
1630,4.114726302322471
1631,4.377219656085108
1632,4.164655823982681
1633,4.683873457218641
1634,5.0
1635,5.0
1636,4.7996878834473256
1637,4.7996878834473256
1638,4.717029819916094
1639,4.056315324516371
1640,4.056315324516371
1641,3.8391007480468593
1642,5.0
1643,3.0
1644,3.0
1645,4.4108081804329275
1646,4.746026200581912
1647,3.9983663357148025
1648,3.9983663357148025
1649,4.436454122615458
1650,5.0
1651,5.0
1652,5.000000000000001
1653,4.568031937363555
1654,4.0
1655,3.7918465192074597
1656,3.7918465192074597
1657,4.624251150933341
1658,4.0
1659,4.526052428162638
1660,4.526052428162638
1661,4.597320762868955
1662,4.065027179412348
1663,5.0
1664,3.8722410121634065
1665,3.252135786598706
1666,5.0
1667,4.639981722014493
1668,4.0
1669,4.0395850135587805
1670,5.0
1671,5.0
1672,5.0
1673,4.0
1674,3.5610670285954087
1675,3.5610670285954087
1676,4.418479421204592
1677,4.418479421204592
1678,5.0
1679,4.0
1680,4.324724527490909
1681,4.324724527490909
1682,4.0
1683,5.0
1684,5.0
1685,5.0
1686,5.0
1687,5.0
1688,4.7760373901661035
1689,4.7760373901661035
1690,2.5
1691,4.442356085938851
1692,4.207912118597286
1693,4.207912118597286
1694,4.0
1695,4.0
1696,4.0
1697,4.4618633152058145
1698,3.6441115683190812
1699,3.6441115683190812
1700,4.887603249561926
1701,5.0
1702,4.230806027711927
1703,4.230806027711927
1704,4.868726050000733
1705,5.0
1706,5.0
1707,5.0
1708,4.025557257119408
1709,4.55107418345955
1710,5.0
1711,4.002287487119868
1712,2.5
1713,4.0
1714,4.0
1715,4.275193812149968
1716,4.716945735598908
1717,4.716945735598908
1718,4.999999999999999
1719,3.6076185448769365
1720,4.385149696348597
1721,3.7702708296505767
1722,4.12348397790595
1723,4.12348397790595
1724,4.645734903879216
1725,3.583772537816067
1726,3.583772537816067
1727,2.8089361827004815
1728,2.8089361827004815
1729,3.987537753353432
1730,4.0478520021863265
1731,4.709072039834139
1732,4.709072039834139
1733,3.7046939755490604
1734,5.0
1735,4.434976901046962
1736,4.434976901046962
1737,5.0
1738,4.0
1739,2.643563802749106
1740,2.643563802749106
1741,5.0
1742,5.0
1743,5.0
1744,4.533098752124148
1745,4.672214199765909
1746,4.0
1747,4.498981713009863
1748,4.544911004694346
1749,4.999999999999999
1750,4.410617947109047
1751,4.410617947109047
1752,4.886853456891341
1753,5.0
1754,4.0
1755,1.0
1756,4.0
1757,4.729932615049062
1758,4.729932615049062
1759,4.916551635371223
1760,4.276266199206632
1761,4.428401802642067
1762,3.0
1763,4.0
1764,5.0
1765,4.999999999999999
1766,5.0
1767,5.0
1768,4.62597244517327
1769,4.420008978588696
1770,4.0
1771,5.0
1772,3.3307953822474716
1773,4.862943747435294
1774,4.0
1775,5.0
1776,4.795938948108886
1777,4.795938948108886
1778,4.0
1779,4.999999999999999
1780,2.5
1781,4.754206959233881
1782,4.0
1783,4.0
1784,4.0
1785,4.999999999999999
1786,4.571414292437298
1787,5.0
1788,4.0
1789,4.456739087918185
1790,5.0
1791,5.0
1792,4.612341720622991
1793,4.499818188183013
1794,4.4601765106376705
1795,2.625193366800988
1796,5.0
1797,5.0
1798,2.3767708965370353
1799,2.3767708965370353
1800,3.555623831220632
1801,3.555623831220632
1802,4.155966006874289
1803,3.2477651488006343
1804,3.2477651488006343
1805,5.0
1806,5.0
1807,5.0
1808,4.999999999999999
1809,4.434140657684852
1810,4.999999999999999
1811,4.0
1812,4.0
1813,5.0
1814,4.4936232843307
1815,4.624561201107349
1816,4.4520669426867565
1817,5.0
1818,4.0
1819,3.234143626647544
1820,4.742201709707326
1821,4.742201709707326
1822,2.780011157421815
1823,5.000000000000001
1824,5.000000000000001
1825,2.5694079054230374
1826,2.5694079054230374
1827,4.0
1828,4.643991234349348
1829,4.576072609724712
1830,4.245133363422029
1831,4.6734770768123575
1832,4.6734770768123575
1833,4.0
1834,4.0
1835,4.832748275799027
1836,4.4748980774615115
1837,3.686129539245909
1838,3.686129539245909
1839,4.140486008250395
1840,4.140486008250395
1841,5.0
1842,4.0
1843,5.0
1844,4.0
1845,5.0
1846,4.0
1847,2.5
1848,3.4005537366180496
1849,3.4005537366180496
1850,4.962117037676957
1851,4.962117037676957
1852,5.0
1853,4.047636945860088
1854,5.0
1855,3.448692937700136
1856,3.448692937700136
1857,4.501649692843786
1858,4.790404728408997
1859,4.847122927947587
1860,5.0
1861,4.0
1862,5.0
1863,4.425735930035135
1864,5.0
1865,4.902434969285393
1866,3.6263606232488517
1867,5.0
1868,5.000000000000001
1869,4.823940774294616
1870,4.397325387950793
1871,3.4759198111318463
1872,5.0
1873,4.324503760994482
1874,4.324503760994482
1875,5.0
1876,5.0
1877,4.602851686067251
1878,4.686237857567508
1879,4.0
1880,4.0
1881,5.0
1882,5.0
1883,4.051269657984458
1884,2.5009829526435907
1885,5.0
1886,5.0
1887,3.689625403083502
1888,3.689625403083502
1889,4.0
1890,5.0
1891,4.999999999999999
1892,4.999999999999999
1893,5.0
1894,1.3565725799594759
1895,4.3536728344452555
1896,4.0
1897,4.0
1898,4.119836391737821
1899,4.0
1900,3.0
1901,5.0
1902,5.0
1903,5.0
1904,4.999999999999999
1905,5.000000000000001
1906,4.0
1907,5.0
1908,2.5
1909,5.000000000000001
1910,5.000000000000001
1911,2.900552891101444
1912,2.900552891101444
1913,4.4911601657746525
1914,4.01651752580211
1915,4.01651752580211
1916,4.0
1917,4.0
1918,5.000000000000001
1919,4.026624506826995
1920,4.026624506826995
1921,4.679837279237027
1922,2.0
1923,2.0
1924,4.103649538524422
1925,5.0
1926,4.051999878889255
1927,4.564868977997042
1928,4.564868977997042
1929,5.0
1930,4.690844370451183
1931,5.0
1932,2.5
1933,5.0
1934,4.749081266381713
1935,4.0
1936,4.569842776663819
1937,4.502246027439467
1938,4.382172346545472
1939,4.382172346545472
1940,5.0
1941,4.999999999999999
1942,4.686938443042084
1943,4.532592565374943
1944,5.0
1945,5.0
1946,5.0
1947,5.0
1948,4.565196714798597
1949,4.999999999999999
1950,4.999999999999999
1951,3.7581720364596785
1952,4.269365577348015
1953,4.089664961456925
1954,4.0
1955,4.424373875750726
1956,4.928150310776078
1957,5.0
1958,3.1991244233542293
1959,4.672355819830194
1960,4.92711282049557
1961,4.92711282049557
1962,4.0
1963,4.813275923280621
1964,5.0
1965,5.0
1966,4.611332341614321
1967,1.0
1968,2.240165264370577
1969,5.0
1970,4.394252934310853
1971,4.999999999999999
1972,5.0
1973,4.999999999999999
1974,3.962716862864848
1975,5.0
1976,3.258703675179648
1977,4.153191761995781
1978,4.153191761995781
1979,2.874356254065152
1980,5.000000000000001
1981,3.963459847153496
1982,3.4634321623117343
1983,3.4634321623117343
1984,4.355484495218515
1985,4.355484495218515
1986,4.721537292036714
1987,3.916570267210603
1988,4.571217945894393
1989,4.571217945894393
1990,5.0
1991,4.86095673607113
1992,4.411051781120902
1993,1.530255913466491
1994,3.014933848279182
1995,3.014933848279182
1996,4.59758202678909
1997,5.0
1998,4.205915968791923
1999,5.0
2000,5.0
2001,4.0
2002,5.0
2003,4.293253532349659
2004,4.750966667900468
2005,4.0
2006,5.0
2007,5.0
2008,5.0
2009,5.0
2010,4.224819751618971
2011,4.224819751618971
2012,4.0
2013,4.288109813040929
2014,3.975676585802984
2015,5.0
2016,5.0
2017,4.0
2018,4.3435249436979095
2019,2.5782616236752762
2020,2.5782616236752762
2021,4.788891273140818
2022,5.0
2023,1.3377549558008364
2024,4.465048499576822
2025,4.0
2026,4.607314110036375
2027,4.607314110036375
2028,5.0
2029,4.0
2030,5.0
2031,4.302240725157465
2032,4.0
2033,4.665911232466855
2034,4.60425630194526
2035,3.216959897946259
2036,3.5434823801843054
2037,4.775401411480664
2038,4.0
2039,4.5102235963825885
2040,4.899527400964617
2041,5.0
2042,5.0
2043,5.0
2044,4.579670888204447
2045,5.0
2046,5.0
2047,5.000000000000001
2048,4.306370994335277
2049,3.814888703119012
2050,5.0
2051,4.2649643037061145
2052,4.294595499549406
2053,4.723191107507583
2054,4.262563870842475
2055,4.262563870842475
2056,1.0
2057,1.0
2058,4.5795164377232185
2059,3.675117890882878
2060,3.520682139699502
2061,4.0
2062,5.0
2063,4.8615896833128325
2064,3.8315183508599855
2065,3.8741869731338783
2066,3.8741869731338783
2067,5.0
2068,4.352373371197684
2069,5.0
2070,5.0
2071,4.593092663884144
2072,4.0
2073,4.0
2074,5.0
2075,4.0
2076,3.2017232718792963
2077,3.0
2078,4.2864739708351935
2079,4.999999999999999
2080,4.0
2081,4.261827222025855
2082,4.0
2083,4.0
2084,5.0
2085,4.869386215912261
2086,3.2478769911265464
2087,4.413877188185481
2088,4.724944843489105
2089,4.784843333680775
2090,4.0
2091,5.0
2092,4.271086520128671
2093,5.0
2094,5.0
2095,5.0
2096,3.0000000000000004
2097,4.4215676522191325
2098,4.4215676522191325
2099,4.572853778229127
2100,5.0
2101,4.521780218505536
2102,5.0
2103,4.085873799770166
2104,4.085873799770166
2105,5.000000000000001
2106,5.0
2107,5.0
2108,4.553371128916872
2109,4.661572357853519
2110,4.2431398757817975
2111,4.947079815567559
2112,4.947079815567559
2113,4.899164336998162
2114,4.51501756483652
2115,4.49394895061684
2116,5.0
2117,4.4651543478628515
2118,5.0
2119,5.0
2120,4.141625403063353
2121,4.141625403063353
2122,4.0
2123,4.0
2124,2.5
2125,4.0
2126,4.522212366006846
2127,4.0
2128,4.252466004603465
2129,2.756373704697484
2130,5.0
2131,3.9822364720057157
2132,3.9822364720057157
2133,4.711778488143335
2134,5.0
2135,4.591644194611767
2136,4.591644194611767
2137,4.0
2138,5.0
2139,5.000000000000001
2140,4.32516504186741
2141,3.0
2142,4.61153227767566
2143,3.887417612852536
2144,5.0
2145,4.254117997266088
2146,2.5
2147,5.0
2148,5.0
2149,3.493959974997812
2150,4.746106663872707
2151,4.733129863861864
2152,4.733129863861864
2153,5.0
2154,5.0
2155,3.1719856549034025
2156,5.0
2157,5.0
2158,5.0
2159,3.0
2160,3.0
2161,5.0
2162,5.0
2163,3.2465665049446746
2164,1.0
2165,1.0
2166,5.0
2167,5.0
2168,4.092747793940762
2169,3.99474059883781
2170,5.000000000000001
2171,5.000000000000001
2172,5.0
2173,5.0
2174,4.735488215910027
2175,5.0
2176,5.0
2177,4.0
2178,5.0
2179,4.0
2180,5.0
2181,5.0
2182,4.999999999999999
2183,4.685125745244472
2184,5.0
2185,4.0
2186,5.0
2187,4.495565460484775
2188,2.9672639493849835
2189,4.399356488483187
2190,4.399356488483187
2191,5.0
2192,4.0
2193,4.0
2194,3.9534119795618157
2195,4.0
2196,4.0
2197,5.0
2198,5.0
2199,5.0
2200,5.0
2201,4.542356479034727
2202,1.0
2203,5.0
2204,5.0
2205,5.0
2206,5.0
2207,5.0
2208,4.589469683093375
2209,4.999999999999999
2210,4.0
2211,4.0
2212,5.0
2213,5.0
2214,4.432347120173839
2215,1.6109647068577113
2216,4.2917413587012225
2217,4.899374075037375
2218,5.0
2219,5.0
2220,5.0
2221,4.141013422938245
2222,4.141013422938245
2223,3.906926925879772
2224,3.7649657359883997
2225,4.999999999999999
2226,5.0
2227,5.0
2228,4.0
2229,4.0
2230,4.3496583591133495
2231,5.0
2232,4.626130342985255
2233,4.430531817432372
2234,4.635581296735394
2235,5.0
2236,5.0
2237,5.0
2238,4.400570578589566
2239,4.400570578589566
2240,5.0
2241,1.0
2242,4.999999999999999
2243,4.999999999999999
2244,5.0
2245,2.5
2246,4.0
2247,2.4736289660039885
2248,4.522929332546123
2249,5.0
2250,5.0
2251,5.0
2252,4.999999999999999
2253,5.0
2254,4.556695713530108
2255,5.0
2256,5.0
2257,4.4991491764439555
2258,3.7358184480072856
2259,4.884104370122258
2260,3.8735030861261035
2261,4.0
2262,3.0
2263,5.0
2264,4.999999999999999
2265,4.999999999999999
2266,4.054883568694126
2267,5.000000000000001
2268,5.000000000000001
2269,4.735310887486271
2270,5.0
2271,2.074745935709868
2272,4.725257560717153
2273,2.5
2274,5.0
2275,5.0
2276,4.0
2277,4.0
2278,5.000000000000001
2279,5.000000000000001
2280,5.0
2281,3.747144832226536
2282,4.999999999999999
2283,3.0
2284,5.0
2285,4.198988778139419
2286,2.5
2287,5.0
2288,5.0
2289,5.0
2290,4.0
2291,4.0
2292,5.0
2293,5.0
2294,4.686237857567508
2295,5.0
2296,5.0
2297,5.0
2298,5.0
2299,5.0
2300,4.999999999999999
2301,5.0
2302,5.0
2303,4.383985412130247
2304,4.0
2305,3.9595300678511376
2306,4.0
2307,5.0
2308,5.0
2309,4.0
2310,4.439666775154765
2311,4.908396030760745
2312,4.098751993610156
2313,4.395355317578317
2314,4.395355317578317
2315,2.0
2316,5.0
2317,3.627690031041596
2318,3.627690031041596
2319,5.0
2320,5.0
2321,5.000000000000001
2322,5.0
2323,3.0
2324,3.0
2325,4.0
2326,5.0
2327,3.0000000000000004
2328,3.0
2329,4.999999999999999
2330,2.0
2331,2.0
2332,1.0
2333,4.999999999999999
2334,4.5746141513132805
2335,4.5746141513132805
2336,4.0
2337,4.0
2338,4.382980302452868
2339,3.1942773963302975
2340,4.0
2341,3.699716856999025
2342,3.52371253005237
2343,3.52371253005237
2344,4.7847822602948415
2345,4.071717144182401
2346,4.071717144182401
2347,2.6033644964395832
2348,5.0
2349,5.0
2350,4.489744744824632
2351,5.0
2352,4.0
2353,4.6456521310808885
2354,4.999999999999999
2355,5.0
2356,5.0
2357,5.0
2358,5.0
2359,4.9138431020368625
2360,5.000000000000001
2361,4.820556575659343
2362,5.000000000000001
2363,5.0
2364,4.251611729018531
2365,5.0
2366,5.0
2367,5.0
2368,5.0
2369,4.0
2370,4.0
2371,4.0
2372,4.609796093260983
2373,4.060562449720848
2374,4.060562449720848
2375,4.368959281668909
2376,3.7116575217131977
2377,4.868723216276429
2378,5.0
2379,5.0
2380,4.884167068797619
2381,3.0
2382,5.0
2383,5.0
2384,4.658207771953819
2385,5.0
2386,3.6913409410698947
2387,4.0
2388,5.0
2389,5.0
2390,5.0
2391,4.049276867701825
2392,4.671389939160487
2393,5.0
2394,3.0
2395,2.5
2396,4.057550341460894
2397,4.057550341460894
2398,5.000000000000001
2399,4.641800019243771
2400,4.774612830002765
2401,5.0
2402,4.0
2403,4.0
2404,4.518286839757615
2405,2.6223611074262902
2406,2.6223611074262902
2407,5.0
2408,5.000000000000001
2409,5.0
2410,4.510626321809856
2411,2.5
2412,2.5
2413,4.493135084150421
2414,3.6166407293553204
2415,5.000000000000001
2416,2.1556179738217844
2417,5.0
2418,5.0
2419,3.1719856549034025
2420,3.0
2421,5.0
2422,5.0
2423,4.59323762624443
2424,5.0
2425,5.0
2426,4.501887203506334
2427,3.0
2428,3.0
2429,5.0
2430,4.318430831431401
2431,4.160822225757619
2432,5.0
2433,5.0
2434,4.815917118139076
2435,4.815917118139076
2436,4.816444447404511
2437,4.0
2438,3.0
2439,5.0
2440,2.9999999999999996
2441,2.9999999999999996
2442,4.190255328658748
2443,5.000000000000001
2444,5.0
2445,4.549922935728613
2446,4.642954354421098
2447,4.642954354421098
2448,3.255559768650873
2449,4.550134760049686
2450,3.546854680104288
2451,4.632843274637444
2452,4.999999999999999
2453,5.0
2454,5.0
2455,5.0
2456,2.5
2457,4.697739328792101
2458,4.727229557420741
2459,5.0
2460,5.0
2461,3.7957582386949227
2462,3.7957582386949227
2463,4.0
2464,4.420451244232829
2465,3.585318702710636
2466,4.279846292691224
2467,2.5
2468,4.0
2469,4.0
2470,5.0
2471,5.0
2472,4.0
2473,4.0
2474,5.0
2475,5.0
2476,4.225290154516864
2477,3.128386517425988
2478,3.128386517425988
2479,3.992751877974975
2480,4.0
2481,5.0
2482,4.742366962175515
2483,4.0
2484,3.4403677919651585
2485,5.0
2486,3.0
2487,5.0
2488,4.7284902778350455
2489,4.101310385935792
2490,4.0
2491,4.0
2492,4.0
2493,2.5
2494,4.64533891413349
2495,4.247245775559119
2496,4.388987549148579
2497,5.0
2498,5.0
2499,5.0
2500,5.0
2501,5.0
2502,4.632503441292144
2503,4.632503441292144
2504,4.999999999999999
2505,3.1719856549034025
2506,5.0
2507,5.0
2508,2.9575251140005085
2509,4.773577880318739
2510,2.9999999999999996
2511,5.0
2512,4.738316442669865
2513,3.0
2514,5.0
2515,2.5
2516,4.0
2517,5.0
2518,5.0
2519,5.000000000000001
2520,3.0
2521,3.6262969127874043
2522,5.0
2523,3.817589644126715
2524,5.0
2525,5.0
2526,5.0
2527,5.0
2528,4.543687889639274
2529,5.0
2530,4.683193225229341
2531,5.0
2532,4.1384103166871675
2533,5.0
2534,4.0
2535,3.0
2536,3.0
2537,4.0
2538,4.656394414397449
2539,4.60749170291657
2540,4.0
2541,5.0
2542,4.137884668193178
2543,4.031464151506429
2544,5.0
2545,5.000000000000001
2546,4.470903709535986
2547,5.0
2548,4.1496645511269605
2549,5.0
2550,5.0
2551,2.5
2552,4.0
2553,1.2255651245965629
2554,4.0
2555,4.572459536759396
2556,5.0
2557,4.195952176313943
2558,4.195952176313943
2559,5.0
2560,3.6441115683190812
2561,5.0
2562,4.0
2563,4.0
2564,2.7636278905012674
2565,5.0
2566,5.0
2567,5.0
2568,5.0
2569,5.0
2570,3.0
2571,4.0
2572,4.0
2573,5.0
2574,5.0
2575,5.0
2576,5.0
2577,5.0
2578,4.652480311645101
2579,5.0
2580,5.0
2581,5.0
2582,4.543635619055494
2583,4.619920998176375
2584,5.0
2585,5.0
2586,5.0
2587,2.5
2588,4.526664001761678
2589,4.207110025314822
2590,4.355371621385902
2591,5.0
2592,5.0
2593,2.7610905882187797
2594,2.7610905882187797
2595,4.820050841961987
2596,5.0
2597,5.0
2598,2.864356206556319
2599,5.0
2600,4.999999999999999
2601,4.999999999999999
2602,4.999999999999999
2603,4.75982420648788
2604,4.332296766370072
2605,5.0
2606,4.0
2607,4.581971952768449
2608,4.581971952768449
2609,4.436532540277422
2610,4.0
2611,4.713834278923157
2612,4.0
2613,4.0
2614,5.0
2615,5.0
2616,5.0
2617,4.901622823750768
2618,4.901622823750768
2619,5.0
2620,2.0
2621,4.0
2622,5.0
2623,3.598530002582768
2624,3.598530002582768
2625,4.0
2626,4.0
2627,2.5159569647102074
2628,5.0
2629,5.0
2630,4.0
2631,4.0
2632,5.000000000000001
2633,5.0
2634,3.0
2635,5.0
2636,5.0
2637,4.863774616890958
2638,4.863774616890958
2639,5.0
2640,1.0
2641,4.718191321290042
2642,5.0
2643,4.5145795223263345
2644,2.0
2645,5.000000000000001
2646,5.0
2647,5.0
2648,2.0
2649,5.0
2650,5.0
2651,3.9962255929873316
2652,4.0
2653,4.0
2654,4.267870018665235
2655,4.0
2656,4.0
2657,4.0
2658,2.3435143178143822
2659,2.5
2660,2.0
2661,2.0
2662,2.0
2663,4.0
2664,4.0
2665,5.0
2666,5.0
2667,5.0
2668,4.781509664648366
2669,4.522378453773824
2670,5.0
2671,5.0
2672,4.140480365870919
2673,2.5
2674,5.0
2675,4.400882708833495
2676,3.3821600734094113
2677,3.3821600734094113
2678,5.0
2679,5.0
2680,4.0
2681,4.0
2682,5.0
2683,2.5
2684,5.0
2685,5.0
2686,5.0
2687,5.0
2688,4.730433737287136
2689,5.0
2690,2.810057589766909
2691,3.0
2692,3.0
2693,5.0
2694,4.999999999999999
2695,4.0
2696,5.0
2697,5.0
2698,4.999999999999999
2699,5.0
2700,4.444051813460483
2701,4.487298765699173
2702,2.5
2703,5.0
2704,5.0
2705,4.5997122835511055
2706,4.786906329105607
2707,4.76042255267865
2708,4.0
2709,4.0
2710,4.653185497167638
2711,4.0
2712,3.5242401045556164
2713,3.5242401045556164
2714,5.0
2715,5.0
2716,5.0
2717,5.0
2718,4.455517753434383
2719,4.0
2720,4.0
2721,5.0
2722,1.0
2723,5.0
2724,5.0
2725,2.5
2726,5.0
2727,5.0
2728,5.0
2729,5.0
2730,4.0
2731,5.0
2732,4.0
2733,4.0
2734,5.0
2735,5.0
2736,4.609510758294271
2737,4.0
2738,5.0
2739,5.0
2740,4.0
2741,4.633437086173702
2742,5.0
2743,4.0
2744,4.645966217261572
2745,4.0
2746,5.0
2747,4.0
2748,5.0
2749,5.0
2750,5.0
2751,2.5
2752,3.0
2753,4.0
2754,2.5
2755,5.0
2756,5.0
2757,2.5
2758,4.5258959889011
2759,5.0
2760,5.0
2761,1.0
2762,1.0
2763,1.0
2764,4.999999999999999
2765,1.0
2766,4.0
2767,4.0
2768,5.0
2769,4.687033405128424
2770,5.0
2771,5.0
2772,4.0
2773,4.0
2774,4.454788430992446
2775,5.0
2776,5.0
2777,5.0
2778,5.0
2779,5.0
2780,5.0
2781,5.0
2782,5.0
2783,5.0
2784,4.13942708206531
2785,5.0
2786,5.0
2787,5.0
2788,5.0
2789,5.0
2790,5.0
2791,5.0
2792,2.5
2793,4.588436190574257
2794,5.0
2795,5.0
2796,4.999999999999999
2797,5.0
2798,4.0
2799,4.0
2800,4.381148402917636
2801,5.0
2802,4.0
2803,5.000000000000001
2804,5.0
2805,4.0
2806,5.0
2807,4.0
2808,5.0
2809,5.0
2810,4.0
2811,5.0
2812,4.0
2813,5.0
2814,2.5
2815,5.0
2816,1.0
2817,1.0
2818,5.0
2819,2.5
2820,2.5
2821,5.0
2822,4.4154212528840295
2823,5.0
2824,3.0
2825,3.0
2826,2.5
2827,5.0
2828,4.999999999999999
2829,5.0
2830,5.0
2831,5.0
2832,2.5
2833,4.026946270273529
2834,5.0
2835,5.0
2836,5.0
2837,2.5
2838,4.0
2839,5.0
2840,5.0
2841,4.102370493550134
2842,4.0
2843,4.0
2844,4.0
2845,4.0
2846,5.0
2847,5.0
2848,5.0
2849,4.7423882441016465
2850,4.0
2851,4.0
2852,4.0
2853,5.0
2854,5.0
2855,5.0
2856,5.0
2857,5.0
2858,4.0
2859,4.7665799203951424
2860,4.7665799203951424
2861,3.0
2862,4.0
2863,2.5
2864,2.5
2865,2.5
2866,2.0
2867,5.0
2868,3.556280272187904
2869,4.0
2870,5.0
2871,4.0
2872,5.0
2873,4.0
2874,5.0
2875,5.0
2876,5.0
2877,2.5
2878,5.0
2879,5.0
2880,5.0
2881,1.5787483232729405
2882,5.0
2883,3.539511690628545
2884,5.0
2885,5.0
2886,5.0
2887,5.0
2888,4.361568202459662
2889,2.5
2890,4.418385430933556
2891,5.0
2892,4.0
2893,3.3637336779564193
2894,2.5
2895,5.0
2896,5.0
2897,4.999999999999999
2898,5.000000000000001
2899,3.327154768953006
2900,5.0
2901,2.5
2902,5.0
2903,5.0
2904,5.0
2905,5.0
2906,4.0
2907,5.0
2908,2.5
2909,4.0
2910,5.0
2911,5.0
2912,5.0
2913,5.0
2914,5.0
2915,4.0
2916,5.0
2917,5.0
2918,2.1460210826774166
2919,5.0
2920,5.0
2921,5.0
2922,5.0
2923,5.0
2924,4.0
2925,4.0
2926,4.999999999999999
2927,2.5
2928,5.0
2929,4.0
2930,5.0
2931,5.000000000000001
2932,4.0
2933,5.0
2934,5.0
2935,4.0
2936,4.0
2937,5.0
2938,5.0
2939,5.0
2940,2.5
2941,5.0
2942,2.5
2943,5.0
2944,4.0
2945,5.0
2946,5.0
2947,5.0
2948,5.0
2949,5.0
2950,2.0
2951,2.0
2952,5.0
2953,5.0
2954,5.0
2955,5.0
2956,5.0
2957,2.0
2958,4.0
2959,5.0
2960,5.0
2961,5.0
2962,5.0
2963,2.5
2964,5.0
2965,5.0
2966,2.5
2967,5.0
2968,4.0
2969,5.0
2970,5.0
2971,2.5
2972,5.0
2973,2.0
2974,2.0
2975,4.579691707760242
2976,5.0
2977,5.0
2978,4.0
2979,4.0
2980,2.5
2981,5.0
2982,5.0
2983,5.0
2984,5.0
2985,3.0
2986,4.0
2987,5.0
2988,5.0
2989,4.999999999999999
2990,4.0
2991,4.0
2992,4.0
2993,4.0
2994,2.5
2995,2.5
2996,2.5
2997,2.5
2998,2.5
2999,2.5
3000,2.5
3001,2.5
3002,2.5
3003,2.5
3004,2.5
3005,2.5
3006,2.5
3007,2.5
3008,2.5
3009,2.5
3010,2.5
3011,2.5
3012,2.5
3013,2.5
3014,2.5
3015,2.5
3016,2.5
3017,2.5
3018,2.5
3019,2.5
3020,2.5
3021,2.5
3022,2.5
3023,2.5
3024,2.5
3025,2.5
3026,2.5
3027,2.5
3028,2.5
3029,2.5
3030,2.5
3031,2.5
3032,2.5
3033,2.5
3034,2.5
3035,2.5
3036,2.5
3037,2.5
3038,2.5
3039,2.5
3040,2.5
3041,2.5
3042,2.5
3043,2.5
3044,2.5
3045,2.5
3046,2.5
3047,2.5
3048,2.5
3049,2.5
3050,2.5
3051,2.5
3052,2.5
3053,2.5
3054,2.5
3055,2.5
3056,2.5
3057,2.5
3058,2.5
3059,2.5
3060,2.5
3061,2.5
3062,2.5
3063,2.5
3064,2.5
3065,2.5
3066,2.5
3067,2.5
3068,2.5
3069,2.5
3070,2.5
3071,2.5
3072,2.5
3073,2.5
3074,2.5
3075,2.5
3076,2.5
3077,2.5
3078,2.5
3079,2.5
3080,2.5
3081,2.5
3082,2.5
3083,2.5
3084,2.5
3085,2.5
3086,2.5
3087,2.5
3088,2.5
3089,2.5
3090,2.5
3091,2.5
3092,2.5
3093,2.5
3094,2.5
3095,2.5
3096,2.5
3097,2.5
3098,2.5
3099,2.5
3100,2.5
3101,2.5
3102,2.5
3103,2.5
3104,2.5
3105,2.5
3106,2.5
3107,2.5
3108,2.5
3109,2.5
3110,2.5
3111,2.5
3112,2.5
3113,2.5
3114,2.5
3115,2.5
3116,2.5
3117,2.5
3118,2.5
3119,2.5
3120,2.5
3121,2.5
3122,2.5
3123,2.5
3124,2.5
3125,2.5
3126,2.5
3127,2.5
3128,2.5
3129,2.5
3130,2.5
3131,2.5
3132,2.5
3133,2.5
3134,2.5
3135,2.5
3136,2.5
3137,2.5
3138,2.5
3139,2.5
3140,2.5
3141,2.5
3142,2.5
3143,2.5
3144,2.5
3145,2.5
3146,2.5
3147,2.5
3148,2.5
3149,2.5
3150,2.5
3151,2.5
3152,2.5
3153,2.5
3154,2.5
3155,2.5
3156,2.5
3157,2.5
3158,2.5
3159,2.5
3160,2.5
3161,2.5
3162,2.5
3163,2.5
3164,2.5
3165,2.5
3166,2.5
3167,2.5
3168,2.5
3169,2.5
3170,2.5
3171,2.5
3172,2.5
3173,2.5
3174,2.5
3175,2.5
3176,2.5
3177,2.5
3178,2.5
3179,2.5
3180,2.5
3181,2.5
3182,2.5
3183,2.5
3184,2.5
3185,2.5
3186,2.5
3187,2.5
3188,2.5
3189,2.5
3190,2.5
3191,2.5
3192,2.5
3193,2.5
3194,2.5
3195,2.5
3196,2.5
3197,2.5
3198,2.5
3199,2.5
3200,2.5
3201,2.5
3202,2.5
3203,2.5
3204,2.5
3205,2.5
3206,2.5
3207,2.5
3208,2.5
3209,2.5
3210,2.5
3211,2.5
3212,2.5
3213,2.5
3214,2.5
3215,2.5
3216,2.5
3217,2.5
3218,2.5
3219,2.5
3220,2.5
3221,2.5
3222,2.5
3223,2.5
3224,2.5
3225,2.5
3226,2.5
3227,2.5
3228,2.5
3229,2.5
3230,2.5
3231,2.5
3232,2.5
3233,2.5
3234,2.5
3235,2.5
3236,2.5
3237,2.5
3238,2.5
3239,2.5
3240,2.5
3241,2.5
3242,2.5
3243,2.5
3244,2.5
3245,2.5
3246,2.5
3247,2.5
3248,2.5
3249,2.5
3250,2.5
3251,2.5
3252,2.5
3253,2.5
3254,2.5
3255,2.5
3256,2.5
3257,2.5
3258,2.5
3259,2.5
3260,2.5
3261,2.5
3262,2.5
3263,2.5
3264,2.5
3265,2.5
3266,2.5
3267,2.5
3268,2.5
3269,2.5
3270,2.5
3271,2.5
3272,2.5
3273,2.5
3274,2.5
3275,2.5
3276,2.5
3277,2.5
3278,2.5
3279,2.5
3280,2.5
3281,2.5
3282,2.5
3283,2.5
3284,2.5
3285,2.5
3286,2.5
3287,2.5
3288,2.5
3289,2.5
3290,2.5
3291,2.5
3292,2.5
3293,2.5
3294,2.5
3295,2.5
3296,2.5
3297,2.5
3298,2.5
3299,2.5
3300,2.5
3301,2.5
3302,2.5
3303,2.5
3304,2.5
3305,2.5
3306,2.5
3307,2.5
3308,2.5
3309,2.5
3310,2.5
3311,2.5
3312,2.5
3313,2.5
3314,2.5
3315,2.5
3316,2.5
3317,2.5
3318,2.5
3319,2.5
3320,2.5
3321,2.5
3322,2.5
3323,2.5
3324,2.5
3325,2.5
3326,2.5
3327,2.5
3328,2.5
3329,2.5
3330,2.5
3331,2.5
3332,2.5
3333,2.5
3334,2.5
3335,2.5
3336,2.5
3337,2.5
3338,2.5
3339,2.5
3340,2.5
3341,2.5
3342,2.5
3343,2.5
3344,2.5
3345,2.5
3346,2.5
3347,2.5
3348,2.5
3349,2.5
3350,2.5
3351,2.5
3352,2.5
3353,2.5
3354,2.5
3355,2.5
3356,2.5
3357,2.5
3358,2.5
3359,2.5
3360,2.5
3361,2.5
3362,2.5
3363,2.5
3364,2.5
3365,2.5
3366,2.5
3367,2.5
3368,2.5
3369,2.5
3370,2.5
3371,2.5
