,0
0,3.8906122697597296
1,4.90050994153548
2,2.0
3,4.5617880251119525
4,3.6160349315541307
5,3.6160349315541307
6,4.804366274780539
7,4.282010656957356
8,4.282010656957356
9,4.382718157884338
10,3.336728665403852
11,3.336728665403852
12,4.58852202920341
13,4.58852202920341
14,4.0
15,4.999999999999999
16,2.8165092021691143
17,4.5114240075553536
18,3.0
19,3.0
20,4.914714092948629
21,4.914714092948629
22,4.449053382429379
23,5.0
24,4.602724414469972
25,2.5
26,3.4425431416824135
27,3.4425431416824135
28,4.545514972710512
29,4.27927722751429
30,4.5733671048247295
31,4.5733671048247295
32,4.43345069726851
33,3.9668301605349137
34,4.6403322447481585
35,4.6403322447481585
36,4.515506325001674
37,4.139911232930243
38,4.139911232930243
39,4.706927879562465
40,5.0
41,5.0
42,4.101595269687096
43,5.0
44,2.704723319236248
45,4.0
46,5.0
47,4.638953676557937
48,3.72177829269727
49,3.9191618440535825
50,4.281732632516954
51,3.8201352246881504
52,3.8201352246881504
53,2.8506307266549897
54,3.491224094201653
55,3.491224094201653
56,1.989995214225588
57,1.989995214225588
58,3.660156412612732
59,3.8517192637766775
60,5.0
61,5.0
62,4.364559624124851
63,3.0440726162229086
64,3.0440726162229086
65,4.705924877499133
66,4.481391499887912
67,3.94055019573005
68,3.94055019573005
69,4.404532602197895
70,4.987698184414217
71,4.695665328636729
72,3.239982768676467
73,2.3328639910754987
74,2.3328639910754987
75,2.5
76,2.5
77,4.875743419246895
78,3.985795995799446
79,3.0
80,3.0
81,4.0
82,4.0
83,4.425250530181016
84,3.0
85,4.76382821609372
86,4.5095537608452085
87,4.5095537608452085
88,4.355024638991007
89,4.355024638991007
90,2.5
91,3.908623280735558
92,4.814570478983102
93,1.7095251314456847
94,1.7095251314456847
95,4.0
96,4.382120931265054
97,4.276649751758402
98,3.674090429606046
99,4.978235364847028
100,3.4053906405793515
101,3.4053906405793515
102,4.828162627223543
103,2.5
104,4.648728413222821
105,4.867453371582559
106,4.710357522291804
107,4.710357522291804
108,4.0
109,4.273435375845173
110,4.273435375845173
111,4.006387007688093
112,5.0
113,4.387507100476665
114,5.0
115,2.5
116,5.0
117,5.0
118,4.767935253991821
119,4.767935253991821
120,3.8788412753201102
121,2.5
122,5.0
123,4.313601550519012
124,4.468007996257072
125,3.4306049272658625
126,4.666665682032269
127,4.049594543268887
128,4.049594543268887
129,4.158531443905202
130,4.400672563735112
131,4.400672563735112
132,4.508493290125353
133,4.0
134,4.570026023414973
135,4.570026023414973
136,4.826870009868984
137,3.7446032319312907
138,3.7446032319312907
139,4.944321330202222
140,4.999999999999999
141,4.999999999999999
142,4.773263400526807
143,4.332290507678245
144,4.332290507678245
145,2.7783918424173146
146,2.7783918424173146
147,4.769737204529213
148,5.0
149,2.5
150,3.320345562460444
151,3.320345562460444
152,3.932767691794928
153,2.603064230787934
154,2.603064230787934
155,4.0
156,4.0
157,5.0
158,4.025246846774202
159,4.025246846774202
160,2.5
161,2.5
162,5.0
163,5.0
164,3.9501340376704053
165,4.97473944083568
166,4.975625878878833
167,3.5795984731897463
168,4.8794696677459655
169,4.8794696677459655
170,5.0
171,4.411799930654846
172,4.9030666051816905
173,4.280203903000345
174,4.280203903000345
175,4.834864645221778
176,3.986613222797417
177,5.0
178,5.0
179,4.0
180,4.624675800706384
181,4.0
182,4.0
183,4.287353249739579
184,4.287353249739579
185,5.0
186,3.6457765196923475
187,3.6457765196923475
188,4.951411465164313
189,1.8484996375910936
190,1.8484996375910936
191,4.896135482432495
192,5.0
193,5.0
194,4.825013598280917
195,4.0
196,4.6329051306607125
197,4.6329051306607125
198,5.0
199,2.3594965250903686
200,2.3594965250903686
201,4.722876529586307
202,3.9685968577956507
203,4.30147688038437
204,4.80635503589569
205,4.80635503589569
206,4.572182961177713
207,4.405953815635552
208,4.405953815635552
209,2.227352434894229
210,2.227352434894229
211,3.5221560536436254
212,3.5221560536436254
213,5.000000000000001
214,5.000000000000001
215,2.5
216,4.0
217,3.7629811362392664
218,3.7629811362392664
219,5.0
220,5.0
221,4.123449336408874
222,5.0
223,4.326676767747867
224,4.0
225,4.0
226,3.8046781376912016
227,3.8046781376912016
228,2.5
229,2.5
230,4.610663681820684
231,4.610663681820684
232,5.0
233,5.0
234,3.9373762441067224
235,3.0000000000000004
236,3.175126363020533
237,3.175126363020533
238,4.531568490597349
239,2.5
240,2.59406034826556
241,4.40624346949603
242,4.1521547784924815
243,3.550667519920722
244,4.853129815655496
245,4.853129815655496
246,3.704772543542303
247,4.6754232312836415
248,4.5689186448428485
249,5.0
250,4.630548260215884
251,3.4937677706833554
252,3.4937677706833554
253,4.191994781560496
254,3.735501921185381
255,2.0
256,3.866682583895139
257,3.866682583895139
258,4.745069492835564
259,4.745069492835564
260,5.0
261,4.624826065446826
262,3.709008863121401
263,3.709008863121401
264,4.592730212072812
265,4.0
266,4.467539877961184
267,4.424440504450205
268,2.0
269,2.0
270,3.972875964495637
271,3.972875964495637
272,3.0
273,3.0
274,1.5905248499895792
275,1.5905248499895792
276,3.656563428657554
277,3.306278757147354
278,3.306278757147354
279,3.0068272085884273
280,4.625736000405668
281,2.987549622575713
282,2.987549622575713
283,4.711953581810204
284,4.709277919017001
285,4.842389147014302
286,2.5
287,4.0
288,4.0
289,3.8441889937676073
290,4.552776674310934
291,4.765444697891739
292,4.782248273332962
293,5.0
294,3.9639276564857413
295,4.5597883077840295
296,4.674726574141488
297,4.742685660032
298,2.5
299,5.0
300,4.302431127695503
301,4.433114946882794
302,4.739245783132691
303,5.0
304,3.951671638473944
305,3.951671638473944
306,3.0
307,4.315296172935055
308,4.043589534578987
309,4.043589534578987
310,3.4917091341069177
311,3.941348443034646
312,3.941348443034646
313,3.797049979430344
314,3.797049979430344
315,5.0
316,4.758030643412931
317,4.517749958156046
318,4.517749958156046
319,4.328104811963488
320,4.460482544802989
321,4.0
322,3.0
323,4.0
324,4.9066619367390665
325,4.9066619367390665
326,2.387398088664151
327,4.403754121061779
328,4.461321689481957
329,4.461321689481957
330,3.9018503820268196
331,3.82541450182252
332,3.82541450182252
333,3.6508407463658243
334,4.999999999999999
335,4.999999999999999
336,5.0
337,4.474774586808087
338,2.9101370892150706
339,2.9101370892150706
340,4.724053018417812
341,3.3999330785376003
342,3.3999330785376003
343,5.0
344,5.0
345,4.0
346,4.0
347,4.764467384544061
348,4.811502245259437
349,4.811502245259437
350,4.0
351,4.999999999999999
352,2.5
353,5.000000000000001
354,4.390402526146892
355,4.390402526146892
356,4.0
357,5.0
358,4.645186474045918
359,3.0000000000000004
360,3.0000000000000004
361,4.582249779608695
362,3.7174467627882013
363,3.7174467627882013
364,4.423368378155139
365,4.377746226458598
366,4.0
367,2.5
368,2.5
369,4.933910243672187
370,4.933910243672187
371,4.523554454392015
372,2.727023261199055
373,2.727023261199055
374,4.420736399749852
375,4.420736399749852
376,4.602568167610804
377,4.705029184146514
378,4.3967585835543375
379,2.5
380,2.5
381,5.0
382,4.341804874231057
383,2.5
384,4.381157627685228
385,3.319470715832128
386,3.319470715832128
387,2.5
388,1.5619067955405657
389,5.0
390,2.0550113000096584
391,4.881108181004741
392,4.693256931794701
393,5.0
394,5.0
395,5.0
396,5.0
397,3.785446489817678
398,3.785446489817678
399,1.627801944643977
400,4.851382309565226
401,4.851382309565226
402,2.9805801421513363
403,2.9805801421513363
404,5.0
405,4.722602795459351
406,4.0
407,4.0
408,3.449589235540038
409,5.0
410,4.132878652663044
411,4.132878652663044
412,4.12311071856721
413,2.9442569732619037
414,2.9442569732619037
415,4.62066049199938
416,4.62066049199938
417,4.389484940833546
418,4.401802981792131
419,1.2745419088465026
420,1.2745419088465026
421,4.0
422,4.247152190968345
423,4.0
424,4.0
425,1.250196847268935
426,1.250196847268935
427,3.0000000000000004
428,3.0000000000000004
429,2.522634176246976
430,4.398059568528622
431,4.398059568528622
432,4.15289659576106
433,4.435192791923552
434,4.435192791923552
435,4.77144067708378
436,2.5
437,3.0
438,4.433033938743669
439,4.645462210553822
440,4.3997380422727375
441,3.838695495296474
442,3.838695495296474
443,4.643154606598561
444,4.0
445,1.3375019286308425
446,1.3375019286308425
447,4.0
448,2.305607950158932
449,2.305607950158932
450,4.999999999999999
451,4.999999999999999
452,4.298368998976184
453,4.298368998976184
454,3.9919027425167855
455,2.5
456,2.5
457,3.2918810549253537
458,4.637432866218849
459,2.5
460,5.0
461,3.588968001303525
462,5.0
463,5.0
464,4.302756968579049
465,4.679371058717427
466,4.454097297255731
467,4.454097297255731
468,4.577614835688813
469,3.595386415325154
470,3.595386415325154
471,5.0
472,4.885774075113521
473,4.885774075113521
474,4.0
475,3.694469646146978
476,3.694469646146978
477,3.70975505455817
478,2.0
479,4.999999999999999
480,4.205705547977457
481,4.2770718257002756
482,2.5
483,5.0
484,2.5
485,4.0
486,4.831498655408003
487,5.0
488,3.2876124426448596
489,3.2876124426448596
490,4.503428775774046
491,4.335624954936208
492,4.335624954936208
493,4.050811784414283
494,4.050811784414283
495,4.585444340156312
496,4.0
497,4.827823206947926
498,3.926499377529488
499,3.5274112456518187
500,3.5274112456518187
501,4.0
502,2.5700642769910043
503,2.5700642769910043
504,5.0
505,5.000000000000001
506,4.501495981408516
507,4.8313795381773526
508,4.90278921725119
509,4.0
510,1.138644443055382
511,1.138644443055382
512,4.578016830138233
513,4.212305944467849
514,3.673864782902462
515,4.150183103470951
516,4.150183103470951
517,5.0
518,5.0
519,3.276840077082727
520,3.276840077082727
521,4.543699020606953
522,4.543699020606953
523,4.982774946061512
524,1.6208861179933804
525,1.6208861179933804
526,4.318365361104706
527,5.0
528,4.377764636601024
529,2.5
530,2.5
531,2.5191317831669684
532,4.47612654065385
533,4.070642652950782
534,3.317384701466521
535,3.317384701466521
536,4.622318036992477
537,4.622318036992477
538,4.331126085149709
539,3.5123022717869636
540,3.5723823439020697
541,3.5723823439020697
542,2.5
543,2.5
544,4.230077448753952
545,4.046819669091053
546,3.431898642879386
547,3.431898642879386
548,3.7840137718029165
549,4.0
550,4.7087308949730735
551,4.664549277131098
552,4.405434422834732
553,4.405434422834732
554,3.223567220773655
555,2.5
556,1.0
557,4.203271445866424
558,4.645686060012098
559,1.9083812896723034
560,4.534690877232619
561,1.8089028184511928
562,1.8089028184511928
563,3.0
564,4.0
565,4.0
566,5.0
567,2.9763161737359933
568,3.9355273323042073
569,2.5
570,4.2079873802412875
571,4.2079873802412875
572,3.9249770226335174
573,5.0
574,4.731961900398136
575,4.731961900398136
576,4.915712456190354
577,4.915712456190354
578,4.0
579,4.101454801139299
580,4.101454801139299
581,2.8578195785125184
582,4.457251060419372
583,4.457251060419372
584,4.954031973137597
585,2.5
586,2.5
587,4.389118015743038
588,4.86914199753189
589,3.331858791163649
590,5.000000000000001
591,3.701285785420146
592,3.701285785420146
593,3.6197988930405756
594,4.708401457435862
595,4.4174400149051465
596,4.61482019768838
597,4.61482019768838
598,1.8651787522417211
599,4.623370749968054
600,5.0
601,4.744979848995614
602,4.0
603,5.0
604,5.0
605,3.0000000000000004
606,4.060935934537073
607,5.0
608,2.1641908881340375
609,5.0
610,3.0
611,4.781685877432626
612,3.457998765216831
613,3.457998765216831
614,4.760234551579445
615,4.760234551579445
616,4.052897857801622
617,5.0
618,3.8665090936886495
619,3.8665090936886495
620,5.0
621,3.0
622,4.8485998143420925
623,5.000000000000001
624,4.913513719500868
625,4.913513719500868
626,4.348068096345613
627,4.348068096345613
628,5.0
629,4.0
630,3.9397440697740986
631,4.0
632,4.788332070955603
633,2.5
634,4.93206677794888
635,3.573381031542795
636,3.649844147784007
637,4.124288476626808
638,4.124288476626808
639,4.315504567850359
640,4.315504567850359
641,4.5566806524918135
642,4.5566806524918135
643,3.9205231888802072
644,3.9205231888802072
645,4.5117936275951696
646,3.862042727503795
647,3.862042727503795
648,4.235693712036811
649,4.235693712036811
650,3.8376712577012455
651,3.848657768662711
652,2.5
653,2.5
654,4.940361035114222
655,4.24181826417922
656,3.3513690759850383
657,3.3513690759850383
658,4.284050678560307
659,4.284050678560307
660,4.9602925294336835
661,4.6577324669572
662,1.9249770226335174
663,5.0
664,5.0
665,4.243933482019723
666,4.243933482019723
667,4.343152582040731
668,4.343152582040731
669,4.651931903654388
670,3.963869467225219
671,3.68707064485533
672,2.5
673,5.0
674,4.812857599364704
675,4.812857599364704
676,3.6876858313280074
677,4.4592605694575065
678,4.4592605694575065
679,5.0
680,1.0
681,1.0
682,4.0
683,3.6012562423358645
684,4.164342604057991
685,4.428741963204381
686,1.0
687,4.0
688,4.0
689,4.816950174473669
690,2.5
691,2.5
692,2.0
693,4.885556624122361
694,1.1372709544232513
695,1.1372709544232513
696,1.0
697,4.7525334741282474
698,4.0
699,4.0
700,4.0
701,3.624025297321272
702,3.624025297321272
703,4.639090919113564
704,2.4314683309627743
705,2.4314683309627743
706,2.4168541445446143
707,2.4168541445446143
708,2.9688034162072414
709,2.9688034162072414
710,4.252382472490163
711,3.661868043465121
712,5.0
713,2.0
714,2.0
715,4.590082787231227
716,5.0
717,4.656009589144273
718,4.656009589144273
719,4.502014302836115
720,4.183110211646301
721,4.246883885341678
722,4.246883885341678
723,4.984383328368985
724,4.0
725,4.0
726,4.791914486642708
727,4.791914486642708
728,1.987179819767001
729,1.987179819767001
730,3.0000000000000004
731,4.569957455510629
732,4.431979845349401
733,4.302113908620396
734,4.858530863696608
735,3.4842832908829475
736,2.117596326445359
737,4.587368750524304
738,4.587368750524304
739,2.0
740,4.769007071925885
741,5.0
742,4.07103223977202
743,4.07103223977202
744,4.167588218398686
745,4.167588218398686
746,2.5
747,3.0
748,3.0
749,4.648141113302911
750,3.418355594441622
751,2.9999999999999996
752,2.9999999999999996
753,4.539354518169095
754,4.113737468781753
755,4.113737468781753
756,2.7778512547158503
757,3.2461519104412777
758,3.2461519104412777
759,3.467755596078433
760,4.0
761,5.0
762,5.0
763,4.101877013987313
764,3.0
765,3.0
766,3.9058499037076313
767,3.9058499037076313
768,4.833692797514946
769,5.000000000000001
770,5.000000000000001
771,2.5
772,3.012505785892527
773,3.012505785892527
774,3.239242468042281
775,3.239242468042281
776,4.567683378148252
777,3.6763944896680387
778,3.7284543811018023
779,3.7284543811018023
780,4.2232538123357415
781,4.462488511316759
782,5.0
783,4.009726076387556
784,4.009726076387556
785,2.5
786,2.157871011766956
787,2.157871011766956
788,2.5
789,2.5
790,5.0
791,5.0
792,4.388763775259604
793,4.0
794,5.0
795,5.0
796,4.230746943013467
797,4.230746943013467
798,4.4071021512560185
799,4.4071021512560185
800,5.0
801,5.0
802,3.875057290463261
803,4.427685041603716
804,3.0000000000000004
805,4.232535310928559
806,2.5
807,4.509665145588107
808,4.473348437509157
809,4.473348437509157
810,5.000000000000001
811,5.0
812,4.2247014348417204
813,5.0
814,4.084744338546809
815,4.903094604227436
816,2.5
817,2.5
818,3.48197233349172
819,3.48197233349172
820,2.5
821,2.5
822,4.227626472628029
823,4.227626472628029
824,5.0
825,5.0
826,3.9401898099408554
827,4.5702870553447035
828,4.08562396292843
829,4.08562396292843
830,2.5
831,3.424542213483488
832,4.168134972233181
833,4.575750181204453
834,4.575750181204453
835,3.7337853194154076
836,3.7337853194154076
837,4.663770083365182
838,4.553587659829471
839,4.553587659829471
840,4.5770922336159705
841,2.5
842,2.5
843,4.112296667282577
844,5.000000000000001
845,3.8444445114923416
846,4.0
847,4.277379964431037
848,4.277379964431037
849,4.020018760414778
850,4.9771121140138534
851,3.5430153405077647
852,3.5430153405077647
853,4.12715789711663
854,4.662812436350402
855,4.662812436350402
856,4.774615140288215
857,3.494872375136724
858,3.494872375136724
859,4.221507623549479
860,5.0
861,5.0
862,5.0
863,4.474812349913258
864,1.0
865,4.246754796254488
866,4.246754796254488
867,2.3616238360214505
868,4.324696041672801
869,4.324696041672801
870,3.3880817992714447
871,4.82002736226637
872,3.1838622413845337
873,3.1838622413845337
874,3.774813322041712
875,3.774813322041712
876,4.586604128382954
877,4.586604128382954
878,5.0
879,2.968596977501011
880,2.968596977501011
881,4.0
882,5.0
883,3.6798824596281423
884,3.6798824596281423
885,5.0
886,5.000000000000001
887,5.0
888,5.0
889,4.0
890,4.0
891,3.2825555337232712
892,3.0
893,4.725125069463546
894,4.0
895,3.387465533950276
896,4.5350024671967555
897,3.761324318039811
898,1.919007792262559
899,4.431977707829058
900,4.431977707829058
901,4.094204054169339
902,4.094204054169339
903,4.291975847453769
904,4.213759009537366
905,4.213759009537366
906,2.0
907,5.000000000000001
908,3.927088484584463
909,3.927088484584463
910,5.0
911,5.0
912,4.501887287743331
913,3.6892288195586924
914,3.6892288195586924
915,4.4934934962645245
916,4.259741869714743
917,2.0
918,4.848622413146397
919,4.70116045983999
920,4.70116045983999
921,4.735331126129525
922,5.0
923,3.6498845111528575
924,4.362949034624896
925,4.0
926,1.0
927,4.295713951907383
928,4.295713951907383
929,2.5
930,5.0
931,5.0
932,2.5
933,3.0
934,5.0
935,5.0
936,2.0
937,2.0
938,4.860690710268862
939,4.0
940,4.373072982863729
941,4.075056546473748
942,1.0906907430130086
943,1.0906907430130086
944,4.796580580075505
945,4.728694582234613
946,4.728694582234613
947,3.6835248580059834
948,4.0
949,4.1766239158642735
950,4.1766239158642735
951,4.934985811268489
952,2.5
953,3.841370157617531
954,3.841370157617531
955,5.0
956,4.5702733480861
957,3.8160461090286906
958,3.8160461090286906
959,2.4412018367773207
960,2.4412018367773207
961,4.032670236081483
962,4.933699592556258
963,4.933699592556258
964,5.0
965,5.0
966,2.5
967,4.837328694837589
968,3.863144925482246
969,3.863144925482246
970,4.549115625102953
971,4.525215486539382
972,3.8109194484010356
973,3.8109194484010356
974,4.123850079459438
975,4.123850079459438
976,2.7095564839309323
977,2.7095564839309323
978,4.3418263474982774
979,4.076128140687833
980,3.9728666337604093
981,4.5592932228101075
982,5.0
983,4.065872235472804
984,2.5
985,5.0
986,3.944054759516258
987,3.944054759516258
988,4.635802597465226
989,5.0
990,4.999999999999999
991,4.999999999999999
992,4.751339499620216
993,4.415186104131767
994,4.415186104131767
995,4.891687446166482
996,4.601870117575628
997,2.7451437673235977
998,4.079810603145145
999,5.000000000000001
1000,4.908499259064967
1001,5.0
1002,5.0
1003,2.1168859200503967
1004,2.1168859200503967
1005,2.5
1006,2.5
1007,3.6842433961049093
1008,4.883770135444091
1009,4.883770135444091
1010,3.635013509837429
1011,4.446913098049865
1012,4.760698089785525
1013,3.0
1014,4.105954547633783
1015,4.105954547633783
1016,1.9083812896723034
1017,2.5
1018,2.5
1019,2.5
1020,4.775596572604239
1021,3.9724121773467997
1022,3.9724121773467997
1023,4.531963709901162
1024,5.000000000000001
1025,3.8082383028634266
1026,5.0
1027,4.402942223167102
1028,5.0
1029,4.51227885749583
1030,3.0
1031,4.614034454011052
1032,4.614034454011052
1033,4.166074390444128
1034,5.0
1035,4.221093732326336
1036,4.612358466580457
1037,4.612358466580457
1038,5.0
1039,5.000000000000001
1040,5.000000000000001
1041,4.243744998570643
1042,4.243744998570643
1043,3.964885904343708
1044,3.1089345027049737
1045,4.559116476500279
1046,4.559116476500279
1047,5.0
1048,1.2589173115670484
1049,1.2589173115670484
1050,4.767401914763468
1051,4.767401914763468
1052,4.9209787423212905
1053,3.452783634590347
1054,4.764104677227781
1055,4.3044066366898734
1056,4.826368290669867
1057,4.826368290669867
1058,4.148806967000562
1059,4.366307479910524
1060,1.204459808110329
1061,1.204459808110329
1062,2.811473763732701
1063,2.811473763732701
1064,3.8747289093378847
1065,4.781095091097496
1066,4.711960930395972
1067,2.433497088778982
1068,4.470665943280619
1069,4.684992864464295
1070,3.9898893179062465
1071,3.9898893179062465
1072,3.6775487629852237
1073,3.6775487629852237
1074,4.881468020371452
1075,4.048566201402575
1076,4.8544023089200605
1077,5.0
1078,4.337904881054543
1079,4.444212990559124
1080,4.444212990559124
1081,5.0
1082,4.837465809600534
1083,3.2533103087034254
1084,2.5
1085,4.1512491709772315
1086,5.0
1087,4.530880875072885
1088,4.530880875072885
1089,3.0456151784703502
1090,3.0456151784703502
1091,2.529553347395846
1092,2.529553347395846
1093,5.0
1094,2.990112856474442
1095,2.990112856474442
1096,4.0
1097,4.4076884479404725
1098,4.4076884479404725
1099,4.377123970162061
1100,4.413634712410281
1101,1.9923681905235335
1102,4.617210193389914
1103,4.617210193389914
1104,5.000000000000001
1105,2.5
1106,5.0
1107,4.730406535351929
1108,5.0
1109,5.0
1110,5.0
1111,4.518284929249338
1112,4.791732395534325
1113,4.791732395534325
1114,3.491679773497917
1115,3.491679773497917
1116,5.0
1117,4.2455869182242
1118,4.950955722583642
1119,4.950955722583642
1120,4.595826759934923
1121,5.000000000000001
1122,4.33636467083537
1123,4.33636467083537
1124,3.6000973959643514
1125,4.510343105579014
1126,4.510343105579014
1127,5.0
1128,5.0
1129,2.5
1130,3.912363646095359
1131,5.0
1132,5.0
1133,3.5341295276165385
1134,3.5341295276165385
1135,1.0
1136,1.0
1137,2.5
1138,1.7107574970227166
1139,1.7107574970227166
1140,4.680018653951858
1141,4.0
1142,4.497485948732305
1143,4.862880430050307
1144,4.862880430050307
1145,4.790102362844344
1146,4.790102362844344
1147,2.5
1148,2.0
1149,5.0
1150,2.966741434225288
1151,4.0
1152,4.0
1153,4.1082137603493285
1154,4.1082137603493285
1155,4.635819525847713
1156,4.052635760148059
1157,4.065857873164664
1158,4.507250753621676
1159,3.6757110832231916
1160,4.841516479773912
1161,4.294394485210141
1162,4.489815379425687
1163,3.2167994478578046
1164,4.250838108309533
1165,4.0285957067297815
1166,5.0
1167,3.046646282935163
1168,3.046646282935163
1169,4.881439116978163
1170,4.716172485498035
1171,4.792757889541217
1172,4.055881707496816
1173,5.0
1174,4.720524235472955
1175,2.0
1176,2.0
1177,4.650379379662021
1178,4.703006322767812
1179,4.8599704118132445
1180,4.55038736044319
1181,5.0
1182,2.5
1183,5.0
1184,3.349565014991365
1185,4.165055132633714
1186,3.322550154008037
1187,3.0
1188,2.4335199008198987
1189,2.4335199008198987
1190,4.6347136398043975
1191,4.862880430050307
1192,4.862880430050307
1193,2.5
1194,4.280598896737997
1195,4.450517372766092
1196,4.24811348609606
1197,4.24811348609606
1198,4.291650035971495
1199,4.686030217151903
1200,2.5
1201,2.5
1202,5.0
1203,3.671886447279649
1204,3.671886447279649
1205,2.8212367909776503
1206,4.771183815994293
1207,4.800400738951074
1208,4.800400738951074
1209,5.0
1210,4.464627479064871
1211,4.682693522180874
1212,3.7402645883956036
1213,4.630343115001634
1214,3.506685467256727
1215,5.0
1216,5.0
1217,2.5
1218,3.7534630689655577
1219,3.7534630689655577
1220,5.0
1221,5.0
1222,5.0
1223,3.0
1224,2.5
1225,2.5
1226,4.250053024746187
1227,2.8484996375910936
1228,2.8484996375910936
1229,3.9039030522500426
1230,3.9039030522500426
1231,4.999999999999999
1232,3.5133326921007195
1233,3.5133326921007195
1234,4.0
1235,2.9674210985698153
1236,2.9674210985698153
1237,2.5
1238,3.972983116362089
1239,3.972983116362089
1240,4.86730665268859
1241,4.461351700058639
1242,1.9951361627412747
1243,1.9951361627412747
1244,3.0
1245,3.0
1246,5.0
1247,4.038610796338337
1248,4.038610796338337
1249,4.0
1250,3.046300849409296
1251,4.88758868483131
1252,4.88758868483131
1253,5.0
1254,3.812998572228338
1255,3.823004450108524
1256,3.9249770226335174
1257,2.804250478894586
1258,2.804250478894586
1259,2.5
1260,2.5
1261,4.716513564032909
1262,5.0
1263,4.891205389989277
1264,5.0
1265,2.0
1266,2.0
1267,4.650727110262625
1268,4.650727110262625
1269,3.387465533950276
1270,4.877731622008571
1271,2.9999999999999996
1272,2.9999999999999996
1273,4.196261460420421
1274,3.0
1275,4.547021328421511
1276,4.169954527521762
1277,4.315930657310321
1278,2.5
1279,3.5970352289554484
1280,4.8489490556912545
1281,4.8489490556912545
1282,4.4777027183212486
1283,4.4777027183212486
1284,2.9999999999999996
1285,2.9999999999999996
1286,4.0
1287,4.537511488683241
1288,4.668516690316968
1289,3.2524300183280572
1290,4.727491591975502
1291,2.0
1292,4.807186674496237
1293,1.0
1294,1.0
1295,5.0
1296,5.0
1297,3.2028353480785734
1298,4.817388166952462
1299,4.817388166952462
1300,4.575665118267952
1301,4.0
1302,3.0767835911213557
1303,1.864833264893398
1304,1.864833264893398
1305,4.498072436018102
1306,3.9329965643572717
1307,2.5
1308,1.0
1309,4.0
1310,3.769840620871124
1311,4.0
1312,4.0
1313,5.0
1314,5.0
1315,4.26086120523466
1316,3.643580870424531
1317,3.0
1318,3.0
1319,2.8151731164085216
1320,2.8151731164085216
1321,4.440384958439922
1322,4.1480395475389535
1323,4.561994819179158
1324,3.387465533950276
1325,2.5
1326,5.000000000000001
1327,4.0
1328,4.0
1329,2.397875669803446
1330,2.397875669803446
1331,5.0
1332,2.3832285010440915
1333,2.3832285010440915
1334,4.5329647463809
1335,3.7234433004445973
1336,3.7234433004445973
1337,5.0
1338,3.5235264359882055
1339,2.5
1340,2.963869467225219
1341,5.0
1342,5.0
1343,3.290231549293723
1344,4.346157653535676
1345,5.0
1346,5.0
1347,4.0
1348,4.728359955877539
1349,4.728359955877539
1350,4.804027460502164
1351,5.0
1352,5.0
1353,2.5
1354,4.888999108715012
1355,5.0
1356,3.0
1357,5.0
1358,4.414685613189025
1359,4.5849254518415865
1360,2.5
1361,5.0
1362,4.695137714925601
1363,5.0
1364,5.0
1365,3.880610296569159
1366,3.880610296569159
1367,4.089986443109139
1368,4.089986443109139
1369,5.0
1370,5.0
1371,1.0
1372,1.0
1373,5.0
1374,5.0
1375,4.246940916326697
1376,2.5
1377,4.100319894425946
1378,2.5
1379,4.123238146649184
1380,4.0
1381,4.0
1382,3.4746170547283874
1383,2.5
1384,2.5
1385,4.580250709400875
1386,5.0
1387,5.0
1388,2.5
1389,3.809065204395789
1390,4.0580802433361844
1391,5.0
1392,3.7376213589696246
1393,3.9055188474066447
1394,2.5
1395,5.0
1396,5.0
1397,3.229157878163075
1398,3.229157878163075
1399,5.0
1400,5.0
1401,4.0
1402,2.5
1403,2.5
1404,5.0
1405,4.489783668299945
1406,4.578096802750453
1407,4.999999999999999
1408,4.999999999999999
1409,4.0
1410,5.0
1411,5.0
1412,2.7728932107999027
1413,2.7728932107999027
1414,4.008586321369009
1415,1.0
1416,1.0
1417,4.584097594213997
1418,4.584097594213997
1419,4.248299533115048
1420,3.9762930697784493
1421,4.480309173473301
1422,3.0
1423,3.6193011660766743
1424,4.0
1425,4.0
1426,4.417010370746197
1427,4.58414645456313
1428,4.0
1429,4.649738136408178
1430,2.934198988293715
1431,2.934198988293715
1432,3.3357524502024094
1433,3.3357524502024094
1434,5.0
1435,1.7194012883089682
1436,4.691047859869123
1437,3.979565489654652
1438,4.745388755860341
1439,4.745388755860341
1440,2.5
1441,4.0
1442,4.382406640189523
1443,4.382406640189523
1444,4.0
1445,4.431238742678334
1446,4.674577924817287
1447,4.270316115946843
1448,2.406087415024183
1449,2.406087415024183
1450,4.0
1451,2.5
1452,4.426299986048295
1453,3.919149547592449
1454,2.5
1455,4.045701600037491
1456,2.5
1457,5.0
1458,5.0
1459,5.0
1460,4.713982642542891
1461,5.0
1462,3.7568929429633857
1463,3.7568929429633857
1464,4.0
1465,3.0
1466,3.0
1467,4.711943170479402
1468,4.423547064330592
1469,3.9249770226335174
1470,3.2409912635560647
1471,3.0
1472,3.9522166940423293
1473,4.284717538411509
1474,4.902106640776582
1475,4.999999999999999
1476,5.0
1477,5.0
1478,3.3138634320029996
1479,3.3138634320029996
1480,4.64571051592241
1481,2.5
1482,2.5
1483,5.0
1484,5.0
1485,2.5
1486,2.5
1487,2.5
1488,4.3960580955371515
1489,2.5
1490,2.0
1491,2.0
1492,4.0
1493,4.0
1494,3.9048676405970593
1495,4.0
1496,4.0
1497,3.117596326445359
1498,4.258257420982301
1499,4.165043077823669
1500,4.39038580766974
1501,5.000000000000001
1502,2.8797545967232643
1503,2.8797545967232643
1504,5.0
1505,1.0
1506,4.435294717846357
1507,2.5
1508,4.0
1509,3.946501616942439
1510,5.0
1511,4.0
1512,3.0
1513,3.0
1514,2.5
1515,2.5
1516,5.0
1517,2.5
1518,2.0
1519,3.3721697834238444
1520,4.547305103183306
1521,4.547305103183306
1522,4.218661816939254
1523,2.8484996375910936
1524,2.8484996375910936
1525,3.3581098815797206
1526,2.5
1527,4.0
1528,4.820126112979826
1529,4.820126112979826
1530,4.088872004376036
1531,4.875631170331827
1532,2.5
1533,2.0
1534,1.9877218534511214
1535,3.494872375136724
1536,3.494872375136724
1537,4.0
1538,4.16905377120144
1539,4.16905377120144
1540,4.189689703240741
1541,4.546368820770834
1542,5.0
1543,4.0181465605531
1544,4.209975329388641
1545,4.209975329388641
1546,3.0000000000000004
1547,1.0
1548,2.5
1549,1.0
1550,4.0
1551,5.0
1552,2.8832096631256516
1553,2.8832096631256516
1554,5.0
1555,2.0970845701009226
1556,4.0
1557,2.5
1558,4.234538993550338
1559,3.0
1560,4.326724738913575
1561,4.2045915754908245
1562,2.5
1563,3.9249770226335174
1564,4.198160019287866
1565,4.764575078353036
1566,4.324922073892004
1567,4.843311172151661
1568,4.234397594579496
1569,4.544933499736763
1570,3.0
1571,4.749498953047734
1572,2.5
1573,4.0
1574,4.0
1575,3.870552774373796
1576,3.879690137750115
1577,3.879690137750115
1578,2.5
1579,3.172513281977791
1580,3.172513281977791
1581,3.6369634149058903
1582,3.6369634149058903
1583,4.781385948360703
1584,2.5
1585,3.39228990247212
1586,5.000000000000001
1587,4.293454106708119
1588,3.582019489944627
1589,2.5
1590,2.5
1591,4.0
1592,5.0
1593,5.0
1594,4.5646698620867445
1595,4.0
1596,4.760814555462328
1597,2.5
1598,3.2839780146732673
1599,3.0000000000000004
1600,2.5
1601,5.0
1602,5.0
1603,4.843394053916299
1604,2.5
1605,3.164176714803699
1606,3.0
1607,4.0
1608,4.299881260861051
1609,3.9224167948012227
1610,4.556586677685653
1611,2.0
1612,3.321115782211808
1613,3.321115782211808
1614,4.0
1615,2.0
1616,2.5
1617,2.5
1618,3.1933631101563225
1619,4.166889707994087
1620,4.117328663042368
1621,4.117328663042368
1622,4.263955100617609
1623,4.263955100617609
1624,4.18147437399423
1625,2.5
1626,5.0
1627,4.590189369330798
1628,5.0
1629,2.169339557906579
1630,2.169339557906579
1631,4.365586688621052
1632,2.5
1633,3.6493676579803096
1634,3.6493676579803096
1635,4.9110872689101654
1636,2.5
1637,2.5
1638,4.430500276655072
1639,4.711315396605583
1640,4.999999999999999
1641,4.592976165396249
1642,3.844619222233945
1643,3.844619222233945
1644,3.934492088108479
1645,3.9432222915591186
1646,4.5523943619279885
1647,4.5523943619279885
1648,2.5
1649,3.0000000000000004
1650,2.5
1651,4.0
1652,4.0
1653,3.0
1654,5.0
1655,4.292279610933186
1656,3.496078311621417
1657,4.0
1658,4.555253439970301
1659,2.579556590885909
1660,2.579556590885909
1661,4.508210380845309
1662,4.508210380845309
1663,5.0
1664,5.0
1665,5.0
1666,3.2532986007899587
1667,2.5
1668,3.0
1669,3.0
1670,4.0
1671,4.567283518516518
1672,5.0
1673,3.6654395227128145
1674,3.6654395227128145
1675,4.440004705478115
1676,4.602469088195625
1677,4.602469088195625
1678,4.166889707994087
1679,4.007557106708622
1680,5.0
1681,1.6410500759012805
1682,1.6410500759012805
1683,4.820138273890154
1684,4.0
1685,4.572278516955502
1686,4.572278516955502
1687,4.406345089969271
1688,4.268826246197501
1689,2.5
1690,4.0
1691,2.141671987570015
1692,2.5
1693,5.0
1694,2.5
1695,3.6886793591082743
1696,5.0
1697,5.0
1698,5.0
1699,2.5
1700,1.675003857261685
1701,1.675003857261685
1702,4.714447486462457
1703,4.714447486462457
1704,5.0
1705,2.5
1706,4.268546264816472
1707,4.268546264816472
1708,3.499546974359456
1709,2.5
1710,4.0
1711,4.0
1712,5.0
1713,5.0
1714,4.793634531316431
1715,4.793634531316431
1716,5.0
1717,4.47228370413282
1718,3.9506736221539356
1719,3.9506736221539356
1720,3.675274917981232
1721,3.0
1722,3.0
1723,3.1710249723421797
1724,3.0
1725,3.0
1726,4.8402613400420025
1727,5.0
1728,3.0000000000000004
1729,3.0000000000000004
1730,4.944726804496798
1731,4.0
1732,2.5
1733,2.5
1734,5.0
1735,5.0
1736,5.0
1737,2.5868659389544435
1738,2.5
1739,4.0
1740,4.999999999999999
1741,3.0000000000000004
1742,4.217294861348582
1743,4.7300664524946825
1744,4.7300664524946825
1745,5.0
1746,3.508488747681898
1747,5.0
1748,4.0
1749,3.970466251359958
1750,3.970466251359958
1751,2.6616272949550246
1752,2.6616272949550246
1753,2.8851155476529144
1754,2.8851155476529144
1755,5.0
1756,4.0
1757,2.5
1758,2.5
1759,3.6262150091640284
1760,5.0
1761,5.0
1762,5.0
1763,4.892211478479488
1764,5.0
1765,4.4053449485485325
1766,4.821045933817646
1767,2.0
1768,2.0
1769,4.999999999999999
1770,5.0
1771,5.0
1772,4.0
1773,2.0
1774,2.5
1775,5.0
1776,4.757909540964663
1777,4.757909540964663
1778,5.0
1779,5.0
1780,3.0
1781,1.0
1782,2.5
1783,4.715214872272638
1784,4.715214872272638
1785,5.0
1786,3.7999102603719095
1787,2.4700366403283187
1788,2.0
1789,4.0
1790,5.0
1791,4.614983274410411
1792,2.5
1793,2.5
1794,4.0
1795,4.0
1796,4.0
1797,5.0
1798,4.63447113854456
1799,5.0
1800,2.5
1801,2.5
1802,5.0
1803,5.0
1804,3.587172803412881
1805,5.000000000000001
1806,5.000000000000001
1807,4.1191429841463
1808,4.0
1809,4.588041808702175
1810,4.588041808702175
1811,2.5
1812,3.308112064464733
1813,5.0
1814,2.5
1815,4.9117143593152015
1816,5.0
1817,5.0
1818,4.767922797957207
1819,4.644209240831495
1820,3.166179966760589
1821,3.0000000000000004
1822,5.0
1823,5.0
1824,1.0
1825,1.0
1826,3.691486640004946
1827,3.691486640004946
1828,3.8549908742097276
1829,2.7291282171054756
1830,2.7291282171054756
1831,5.0
1832,5.0
1833,4.0
1834,4.892834945359627
1835,2.5
1836,5.0
1837,5.0
1838,5.0
1839,3.0
1840,4.904986130693336
1841,4.541314389578069
1842,4.6304909411376585
1843,4.3000486979821755
1844,4.123238146649184
1845,2.7442470279605695
1846,4.8503061649129195
1847,4.8503061649129195
1848,3.2156935914135065
1849,4.695119546753894
1850,4.695119546753894
1851,3.1115820126243996
1852,3.1115820126243996
1853,3.0
1854,4.379142940954021
1855,4.9049013882177785
1856,4.192158447730952
1857,4.756480469456382
1858,4.756480469456382
1859,4.477600197418419
1860,4.477600197418419
1861,4.230332207002649
1862,4.554436920948618
1863,2.758693071887454
1864,2.758693071887454
1865,5.0
1866,5.0
1867,5.0
1868,2.5
1869,2.0
1870,2.5
1871,3.0
1872,2.5
1873,2.5
1874,5.0
1875,2.0739138899078995
1876,2.0739138899078995
1877,4.439382700022338
1878,4.3846768695987945
1879,4.3846768695987945
1880,4.999999999999999
1881,5.0
1882,3.6541033979447977
1883,3.6541033979447977
1884,4.443464395945106
1885,3.665421257148879
1886,4.704702244228123
1887,5.0
1888,4.0
1889,2.5
1890,4.700150855481849
1891,5.0
1892,5.0
1893,4.962778911915344
1894,4.314451433498128
1895,5.0
1896,5.0
1897,4.918536111532906
1898,5.0
1899,2.9913668391006074
1900,5.0
1901,4.611825107364921
1902,4.611825107364921
1903,5.0
1904,5.0
1905,4.865693392853337
1906,5.0
1907,4.0
1908,4.0
1909,5.0
1910,5.0
1911,3.1685849465797125
1912,4.378393110191124
1913,4.378393110191124
1914,3.3502462482222426
1915,4.342444305039851
1916,4.342444305039851
1917,3.2299665488208236
1918,3.2299665488208236
1919,4.0
1920,4.850619938202629
1921,4.999999999999999
1922,4.999999999999999
1923,2.5
1924,1.0
1925,5.0
1926,4.887358582633887
1927,2.0
1928,2.0
1929,5.0
1930,3.5816931282241136
1931,3.0
1932,4.0
1933,2.5
1934,5.0
1935,4.95215473891766
1936,5.000000000000001
1937,4.999999999999999
1938,4.056426792761468
1939,5.0
1940,2.5
1941,2.5
1942,5.0
1943,5.0
1944,2.4670158735942107
1945,2.4670158735942107
1946,4.450961937586125
1947,3.9864166775656296
1948,3.9864166775656296
1949,2.5
1950,2.5
1951,4.644555841981781
1952,2.505781345474396
1953,2.505781345474396
1954,3.3879432980050352
1955,1.0
1956,1.0
1957,3.35712569788994
1958,5.0
1959,5.0
1960,4.079364683915307
1961,4.079364683915307
1962,5.0
1963,4.2860173574571085
1964,5.0
1965,2.5
1966,2.5
1967,4.544874825856347
1968,5.0
1969,2.5
1970,4.282357757997057
1971,4.562970885221071
1972,4.221183363326457
1973,4.221183363326457
1974,3.2564179585099136
1975,5.0
1976,2.5
1977,4.999999999999999
1978,4.0
1979,4.486084598565822
1980,2.5
1981,2.5
1982,5.0
1983,5.0
1984,4.0
1985,4.287598361120504
1986,4.287598361120504
1987,4.6006789280880325
1988,3.07697023638251
1989,4.0
1990,4.0
1991,4.503407695241763
1992,5.0
1993,2.276929906675894
1994,3.255083176681604
1995,4.433310708589133
1996,4.433310708589133
1997,4.0
1998,4.629972232400252
1999,4.402826030137756
2000,4.402826030137756
2001,4.821634715112222
2002,1.6430871777462195
2003,2.5
2004,4.605937961798394
2005,4.7914752718636535
2006,5.0
2007,5.0
2008,5.0
2009,4.0
2010,5.0
2011,2.5
2012,4.103745357779105
2013,4.103745357779105
2014,2.8709958879118638
2015,5.0
2016,2.5
2017,3.3760173721635263
2018,3.3760173721635263
2019,4.563908059684626
2020,4.563908059684626
2021,4.8978076642699415
2022,4.5901451465321275
2023,4.335045222048074
2024,4.335045222048074
2025,4.0
2026,4.892539925428206
2027,5.0
2028,2.043413029955035
2029,1.0
2030,2.5619067955405654
2031,2.5619067955405654
2032,2.5
2033,5.0
2034,4.0
2035,5.0
2036,4.0
2037,2.5
2038,2.5
2039,2.5
2040,5.000000000000001
2041,5.0
2042,5.0
2043,2.5
2044,5.0
2045,4.3507835798620205
2046,4.3507835798620205
2047,4.651470707173799
2048,4.651470707173799
2049,4.0
2050,2.5
2051,1.777532502583168
2052,2.5
2053,4.373192033663587
2054,4.0
2055,5.0
2056,1.6632252122391793
2057,1.6632252122391793
2058,4.860427297650073
2059,4.999999999999999
2060,1.0
2061,4.085339973016099
2062,4.052674771029558
2063,4.052674771029558
2064,4.0
2065,2.5
2066,2.5
2067,4.0
2068,4.0
2069,4.787384638509436
2070,3.3789740926177565
2071,3.214770505329152
2072,2.7672778793786277
2073,4.485421880633906
2074,4.135094288724433
2075,4.0
2076,4.931909797817804
2077,5.0
2078,5.0
2079,5.0
2080,4.0
2081,4.0
2082,4.376646543968283
2083,5.0
2084,3.0
2085,3.131496867991836
2086,2.5
2087,3.807904773927284
2088,2.5
2089,4.0
2090,4.0
2091,1.0
2092,1.0
2093,4.105954547633783
2094,3.246387097432894
2095,3.0
2096,4.0
2097,5.0
2098,4.166889707994087
2099,4.378340789790303
2100,4.378340789790303
2101,4.218661816939254
2102,4.280198646562288
2103,4.280198646562288
2104,3.709114313996222
2105,5.0
2106,4.56484804774936
2107,4.56484804774936
2108,4.898216851709605
2109,3.0
2110,3.0
2111,5.0
2112,4.330372485711649
2113,3.0
2114,3.0
2115,5.0
2116,4.0
2117,5.0
2118,5.0
2119,4.0
2120,3.0
2121,5.0
2122,5.0
2123,4.0
2124,3.0
2125,4.313456655079497
2126,4.4020083309840246
2127,4.905332014495337
2128,2.5
2129,2.5
2130,3.504860527759937
2131,2.5
2132,2.5
2133,5.0
2134,2.5
2135,3.5996446621704243
2136,3.5996446621704243
2137,4.518946613332225
2138,5.0
2139,4.939811949771644
2140,4.070266444550211
2141,2.5
2142,2.5
2143,4.0
2144,2.5
2145,2.5
2146,4.697285841673252
2147,4.999999999999999
2148,4.0
2149,4.306119909981019
2150,4.306119909981019
2151,5.0
2152,4.661412992581708
2153,5.0
2154,5.000000000000001
2155,4.4612789697787045
2156,2.5
2157,2.5
2158,4.0
2159,4.0
2160,3.0
2161,3.0
2162,2.5
2163,4.0
2164,4.228092967378346
2165,4.0
2166,3.0
2167,2.0
2168,5.0
2169,3.1331086556794907
2170,3.1331086556794907
2171,5.0
2172,5.0
2173,4.180312628089761
2174,4.180312628089761
2175,4.0
2176,5.000000000000001
2177,4.999999999999999
2178,4.493893195232423
2179,2.5
2180,2.5
2181,2.9777519713800973
2182,3.0000000000000004
2183,5.0
2184,3.4711732001444084
2185,2.5
2186,5.0
2187,5.0
2188,4.0
2189,4.0
2190,4.716963564505518
2191,4.716963564505518
2192,5.0
2193,5.0
2194,3.0
2195,5.0
2196,5.0
2197,5.0
2198,4.0
2199,1.0
2200,5.0
2201,5.0
2202,4.088028906829224
2203,1.0
2204,1.0
2205,5.0
2206,5.000000000000001
2207,3.961616724565428
2208,2.6568221052225947
2209,4.65491760114115
2210,4.65491760114115
2211,4.0
2212,2.5
2213,2.955200394836838
2214,5.0
2215,5.0
2216,4.401500149776421
2217,5.0
2218,3.0
2219,4.278200696487113
2220,5.0
2221,5.0
2222,4.269997213298587
2223,2.5
2224,4.0
2225,4.0
2226,4.0
2227,3.248654413792106
2228,4.8068840267698585
2229,4.8068840267698585
2230,4.0
2231,4.482534829059008
2232,4.482534829059008
2233,4.209772039337701
2234,2.5
2235,3.3956670976137606
2236,5.0
2237,4.838309682379988
2238,5.0
2239,5.0
2240,4.0
2241,5.0
2242,5.000000000000001
2243,4.559653133084132
2244,5.0
2245,4.290099512339032
2246,4.127660211797322
2247,4.3700218456123325
2248,5.0
2249,5.0
2250,5.0
2251,2.5
2252,5.0
2253,5.0
2254,1.1954554812026426
2255,4.857462112099327
2256,2.5
2257,2.5
2258,4.336711334671778
2259,4.336711334671778
2260,4.4344906169184055
2261,5.0
2262,4.999999999999999
2263,4.999999999999999
2264,4.0
2265,2.798668689538626
2266,3.677199297439857
2267,5.0
2268,5.0
2269,4.0
2270,4.6972165642103025
2271,2.5
2272,2.5
2273,2.5
2274,4.2404484281281185
2275,4.2404484281281185
2276,2.5
2277,1.0
2278,5.0
2279,5.0
2280,5.0
2281,5.0
2282,2.5
2283,2.031042071314011
2284,3.6034490539749453
2285,5.0
2286,4.0
2287,4.0
2288,4.0
2289,5.0
2290,4.0
2291,3.0000000000000004
2292,4.826093273568587
2293,2.5
2294,4.0
2295,5.0
2296,4.0
2297,2.5
2298,3.0
2299,2.5
2300,2.9999999999999996
2301,2.9999999999999996
2302,3.98580899501003
2303,4.999999999999998
2304,4.999999999999998
2305,4.08572263412822
2306,5.0
2307,1.0
2308,3.945103930375129
2309,2.5
2310,4.0
2311,2.5
2312,3.0
2313,4.0
2314,5.0
2315,5.0
2316,5.0
2317,4.0
2318,3.649844147784007
2319,2.0
2320,1.0
2321,4.190726275030915
2322,5.0
2323,4.999999999999999
2324,2.5
2325,2.5
2326,4.0
2327,4.0
2328,5.0
2329,5.0
2330,4.0
2331,5.0
2332,2.5
2333,4.999999999999999
2334,5.0
2335,5.0
2336,4.558356812388434
2337,4.0
2338,5.0
2339,5.0
2340,2.5
2341,4.034523071962812
2342,5.0
2343,4.712062009784256
2344,5.0
2345,4.0
2346,4.765215701285392
2347,5.0
2348,3.3333935061954887
2349,4.492275643700987
2350,4.492275643700987
2351,1.0
2352,4.2049120449254564
2353,4.707824187591467
2354,4.707824187591467
2355,5.0
2356,5.0
2357,4.0
2358,2.5
2359,2.5
2360,3.0
2361,4.533692735240057
2362,2.5
2363,2.0
2364,5.0
2365,2.0
2366,2.0
2367,1.0
2368,5.0
2369,5.0
2370,5.0
2371,5.0
2372,3.4156747641443994
2373,4.4610933713686025
2374,2.0
2375,2.5
2376,3.8281651867674396
2377,2.8896124840106387
2378,2.8896124840106387
2379,2.9693616338432984
2380,4.0
2381,4.0
2382,2.0838114993404284
2383,5.0
2384,5.0
2385,4.0
2386,4.0
2387,3.0000000000000004
2388,4.912597436065929
2389,5.0
2390,5.0
2391,4.149514157276497
2392,5.0
2393,2.5
2394,5.0
2395,4.198623993089288
2396,5.0
2397,5.0
2398,2.5
2399,4.674937360875478
2400,4.0
2401,2.5
2402,4.999999999999999
2403,4.999999999999999
2404,2.5
2405,4.0
2406,4.0
2407,3.244967888482358
2408,2.8484996375910936
2409,2.8484996375910936
2410,5.0
2411,2.924893685422784
2412,4.942563202920372
2413,5.0
2414,5.0
2415,2.5
2416,2.0
2417,5.0
2418,5.0
2419,4.044109995392077
2420,2.5
2421,4.045620194154308
2422,5.0
2423,5.0
2424,5.0
2425,5.0
2426,3.4971324805214774
2427,4.417010370746197
2428,4.999999999999999
2429,2.5
2430,2.5
2431,4.099959817301856
2432,4.099959817301856
2433,5.0
2434,3.3213549528198074
2435,4.73922648730132
2436,2.5
2437,4.0
2438,3.8294186418998364
2439,1.9615751138519208
2440,1.9615751138519208
2441,2.0
2442,4.887875296803894
2443,2.5
2444,4.315792259364858
2445,5.0
2446,5.0
2447,3.686996452621559
2448,3.0
2449,4.0
2450,4.414045847592041
2451,3.7022318716374185
2452,2.5
2453,2.5
2454,3.0
2455,2.5
2456,5.000000000000001
2457,5.0
2458,4.095485792971057
2459,2.5
2460,2.5
2461,3.150045954732965
2462,2.0
2463,2.0
2464,5.000000000000001
2465,4.342479961170053
2466,4.631360128178987
2467,4.0
2468,3.0
2469,4.597589556068493
2470,4.597589556068493
2471,4.687956601496401
2472,2.5
2473,3.0
2474,2.5
2475,2.0
2476,2.0
2477,3.0000000000000004
2478,2.5
2479,5.0
2480,2.5
2481,3.6769171222777444
2482,3.6769171222777444
2483,2.3445752672913205
2484,2.5
2485,2.8137470888790395
2486,4.0
2487,5.0
2488,5.0
2489,2.5
2490,2.5
2491,2.5
2492,4.809433410917998
2493,3.452106622607773
2494,5.0
2495,5.0
2496,3.746259802287227
2497,3.746259802287227
2498,4.0
2499,4.1887350477351895
2500,3.6909372639859166
2501,4.733929163161636
2502,5.0
2503,3.0
2504,4.0
2505,5.0
2506,5.0
2507,2.5
2508,5.0
2509,2.5
2510,5.0
2511,1.0
2512,5.0
2513,2.5
2514,2.5
2515,3.125330573744125
2516,2.5
2517,2.5
2518,3.0
2519,4.0
2520,2.5
2521,4.6294533667080895
2522,3.0
2523,5.0
2524,5.0
2525,3.4077715353220914
2526,3.3185587725782404
2527,1.0
2528,1.0
2529,2.5
2530,5.0
2531,4.483013789210493
2532,4.0
2533,5.0
2534,5.0
2535,5.0
2536,5.0
2537,5.0
2538,4.778741686697112
2539,4.778741686697112
2540,5.0
2541,2.0
2542,2.5
2543,4.348068096345613
2544,2.5
2545,4.042992073013017
2546,2.5
2547,2.5
2548,2.5
2549,2.5
2550,5.0
2551,5.0
2552,2.5
2553,4.0
2554,2.5
2555,2.5
2556,2.5
2557,2.0
2558,5.0
2559,4.0
2560,4.0
2561,2.5
2562,4.126222825932993
2563,4.126222825932993
2564,4.793443589825566
2565,2.5
2566,5.0
2567,2.5
2568,5.0
2569,3.7798092374862233
2570,4.0
2571,2.5
2572,2.5
2573,4.0
2574,5.0
2575,4.101877013987313
2576,2.5
2577,4.999999999999999
2578,4.0
2579,1.0
2580,2.5
2581,4.4568696910890475
2582,3.7742734581957484
2583,5.0
2584,2.5
2585,5.0
2586,5.0
2587,2.5
2588,4.0
2589,2.088099540503691
2590,1.0
2591,4.397325891194799
2592,2.5
2593,3.498569635400295
2594,3.498569635400295
2595,2.5
2596,2.0
2597,5.0
2598,5.0
2599,4.0
2600,1.6147322629382768
2601,5.0
2602,5.0
2603,5.0
2604,5.0
2605,2.5
2606,3.0
2607,5.0
2608,5.0
2609,5.0
2610,2.5
2611,2.5
2612,1.0
2613,5.0
2614,4.732370899683826
2615,4.0
2616,2.5
2617,2.5
2618,2.5
2619,5.0
2620,4.1722536254829325
2621,5.0
2622,5.0
2623,5.0
2624,2.673766366112917
2625,4.33725147163215
2626,4.172165216263433
2627,5.0
2628,4.0
2629,2.6763944896680383
2630,2.6763944896680383
2631,5.0
2632,3.0
2633,2.5
2634,2.0
2635,2.5
2636,2.5
2637,2.5
2638,4.0
2639,4.6054993028512365
2640,4.999999999999999
2641,2.5
2642,4.0
2643,4.0
2644,4.0
2645,4.0
2646,2.5
2647,4.324922073892004
2648,2.5
2649,2.5
2650,5.0
2651,5.0
2652,2.5
2653,4.709068972204579
2654,4.709068972204579
2655,4.047124129477087
2656,2.0
2657,5.0
2658,4.107970671809255
2659,5.0
2660,5.0
2661,2.5
2662,2.5
2663,3.0
2664,3.0
2665,5.0
2666,4.0
2667,2.5
2668,4.256815851083912
2669,2.5
2670,4.0
2671,2.5
2672,5.0
2673,2.5
2674,2.5
2675,4.869436379488476
2676,1.0
2677,4.0
2678,5.0
2679,5.0
2680,2.0
2681,4.0
2682,2.5
2683,2.5
2684,2.5
2685,5.0
2686,5.0
2687,3.9249770226335174
2688,4.0
2689,4.0
2690,4.8566872124127425
2691,3.0
2692,4.0
2693,4.0
2694,1.0
2695,4.0
2696,4.0
2697,2.0
2698,2.5
2699,2.5
2700,4.0
2701,5.0
2702,4.518946613332225
2703,5.0
2704,4.711037263524437
2705,4.082064093679569
2706,2.5
2707,2.5
2708,4.618152234963745
2709,5.0
2710,5.0
2711,5.0
2712,2.0
2713,2.0
2714,3.0000000000000004
2715,5.0
2716,4.0
2717,4.0
2718,5.0
2719,5.0
2720,5.0
2721,4.999999999999999
2722,4.999999999999999
2723,5.0
2724,4.133678868984468
2725,4.0
2726,2.0
2727,4.0
2728,3.0
2729,5.0
2730,2.5
2731,4.0
2732,2.5
2733,5.0
2734,4.0
2735,5.0
2736,3.0000000000000004
2737,4.271785961088572
2738,5.0
2739,2.5
2740,2.5
2741,5.0
2742,3.29874737777774
2743,5.0
2744,4.1214424819160955
2745,2.5
2746,3.772752287897566
2747,3.0
2748,5.0
2749,5.0
2750,4.0
2751,5.0
2752,5.0
2753,2.5
2754,4.559034610584989
2755,2.5
2756,4.0
2757,2.5
2758,1.0
2759,5.0
2760,5.0
2761,2.5
2762,5.0
2763,2.5
2764,5.000000000000001
2765,2.5
2766,3.321567314816525
2767,4.0
2768,4.0
2769,4.0
2770,5.0
2771,5.0
2772,2.5
2773,3.0
2774,2.5
2775,5.0
2776,2.5
2777,5.0
2778,2.5
2779,5.0
2780,4.56226839244645
2781,2.5
2782,2.5
2783,3.0000000000000004
2784,5.0
2785,5.0
2786,4.0
2787,2.5
2788,4.0
2789,2.5
2790,5.0
2791,3.0
2792,4.0
2793,2.5
2794,4.0
2795,5.0
2796,5.0
2797,1.0
2798,1.0
2799,1.0
2800,4.0
2801,1.0
2802,3.0
2803,3.0
2804,5.0
2805,2.5
2806,5.0
2807,5.0
2808,2.5
2809,2.5
2810,5.0
2811,5.0
2812,5.0
2813,5.0
2814,3.0
2815,5.0
2816,5.0
2817,2.5
2818,2.5
2819,5.0
2820,4.741742579017699
2821,5.0
2822,5.0
2823,5.0
2824,4.0
2825,5.0
2826,2.5
2827,2.5
2828,5.0
2829,2.5
2830,2.5
2831,5.0
2832,4.0
2833,5.0
2834,5.0
2835,4.0
2836,4.438306982521821
2837,5.0
2838,5.0
2839,4.999999999999999
2840,5.0
2841,2.5
2842,5.0
2843,2.5
2844,2.5
2845,5.0
2846,4.066509304004364
2847,2.5
2848,4.0
2849,5.0
2850,2.5
2851,2.5
2852,1.0
2853,1.0
2854,5.0
2855,1.0
2856,1.0
2857,4.866399479366333
2858,5.0
2859,2.5
2860,3.0
2861,3.0
2862,2.5
2863,2.5
2864,5.0
2865,2.5
2866,5.0
2867,2.5
2868,1.0
2869,1.341359558601223
2870,2.5
2871,2.5
2872,4.0
2873,5.0
2874,5.0
2875,2.5
2876,2.5
2877,2.5
2878,4.483240690112836
2879,5.0
2880,5.0
2881,2.5
2882,4.0
2883,2.5
2884,2.5
2885,2.5
2886,4.627418582682961
2887,2.5
2888,4.78279437133726
2889,1.0
2890,5.0
2891,5.0
2892,5.0
2893,5.0
2894,2.5
2895,2.5
2896,5.0
2897,5.0
2898,4.0
2899,4.0
2900,2.5
2901,2.5
2902,5.0
2903,1.0
2904,5.0
2905,2.5
2906,4.0
2907,4.0
2908,5.0
2909,5.0
2910,5.0
2911,5.0
2912,2.5
2913,2.5
2914,5.0
2915,5.000000000000001
2916,5.0
2917,4.820399488506298
2918,1.0
2919,2.5
2920,2.0
2921,5.0
2922,2.5
2923,2.5
2924,5.0
2925,2.5
2926,5.0
2927,4.751339499620216
2928,2.5
2929,2.5
2930,2.5
2931,2.5
2932,2.5
2933,5.0
2934,4.0
2935,2.5
2936,1.0
2937,3.0
2938,2.5
2939,4.0
2940,5.0
2941,5.0
2942,2.5
2943,2.5
2944,5.0
2945,5.0
2946,3.5032677241047616
2947,5.0
2948,5.0
2949,5.0
2950,5.0
2951,5.0
2952,2.5
2953,2.5
2954,2.5
2955,1.5704735639294272
2956,5.0
2957,5.0
2958,4.999999999999999
2959,5.0
2960,2.5
2961,4.0
2962,4.0
2963,5.0
2964,5.0
2965,5.0
2966,4.0
2967,5.0
2968,2.5
2969,5.0
2970,4.068978636248102
2971,2.5
2972,2.5
2973,2.5
2974,5.0
2975,2.5
2976,2.5
2977,2.5
2978,5.0
2979,5.0
2980,5.0
2981,2.5
2982,5.0
2983,4.0
2984,2.5
2985,2.5
2986,2.5
2987,2.0
2988,2.0
2989,5.0
2990,2.0
2991,4.0
2992,4.0
2993,2.5
2994,1.0
2995,4.0
2996,2.5
2997,5.0
2998,5.0
2999,2.5
3000,2.0
3001,2.5
3002,2.5
3003,2.5
3004,5.0
3005,4.0
3006,2.5
3007,4.0
3008,2.5
3009,4.0
3010,2.5
3011,2.5
3012,2.6115062181304194
3013,5.0
3014,4.0
3015,5.0
3016,2.5
3017,2.5
3018,5.0
3019,2.5
3020,2.5
3021,2.5
3022,2.5
3023,5.0
3024,2.5
3025,2.5
3026,5.0
3027,4.0
3028,4.0
3029,4.0
3030,3.0
3031,2.5
3032,2.5
3033,2.5
3034,2.5
3035,2.5
3036,2.5
3037,2.5
3038,2.5
3039,2.5
3040,2.5
3041,2.5
3042,2.5
3043,2.5
3044,2.5
3045,2.5
3046,2.5
3047,2.5
3048,2.5
3049,2.5
3050,2.5
3051,2.5
3052,2.5
3053,2.5
3054,2.5
3055,2.5
3056,2.5
3057,2.5
3058,2.5
3059,2.5
3060,2.5
3061,2.5
3062,2.5
3063,2.5
3064,2.5
3065,2.5
3066,2.5
3067,2.5
3068,2.5
3069,2.5
3070,2.5
3071,2.5
3072,2.5
3073,2.5
3074,2.5
3075,2.5
3076,2.5
3077,2.5
3078,2.5
3079,2.5
3080,2.5
3081,2.5
3082,2.5
3083,2.5
3084,2.5
3085,2.5
3086,2.5
3087,2.5
3088,2.5
3089,2.5
3090,2.5
3091,2.5
3092,2.5
3093,2.5
3094,2.5
3095,2.5
3096,2.5
3097,2.5
3098,2.5
3099,2.5
3100,2.5
3101,2.5
3102,2.5
3103,2.5
3104,2.5
3105,2.5
3106,2.5
3107,2.5
3108,2.5
3109,2.5
3110,2.5
3111,2.5
3112,2.5
3113,2.5
3114,2.5
3115,2.5
3116,2.5
3117,2.5
3118,2.5
3119,2.5
3120,2.5
3121,2.5
3122,2.5
3123,2.5
3124,2.5
3125,2.5
3126,2.5
3127,2.5
3128,2.5
3129,2.5
3130,2.5
3131,2.5
3132,2.5
3133,2.5
3134,2.5
3135,2.5
3136,2.5
3137,2.5
3138,2.5
3139,2.5
3140,2.5
3141,2.5
3142,2.5
3143,2.5
3144,2.5
3145,2.5
3146,2.5
3147,2.5
3148,2.5
3149,2.5
3150,2.5
3151,2.5
3152,2.5
3153,2.5
3154,2.5
3155,2.5
3156,2.5
3157,2.5
3158,2.5
3159,2.5
3160,2.5
3161,2.5
3162,2.5
3163,2.5
3164,2.5
3165,2.5
3166,2.5
3167,2.5
3168,2.5
3169,2.5
3170,2.5
3171,2.5
3172,2.5
3173,2.5
3174,2.5
3175,2.5
3176,2.5
3177,2.5
3178,2.5
3179,2.5
3180,2.5
3181,2.5
3182,2.5
3183,2.5
3184,2.5
3185,2.5
3186,2.5
3187,2.5
3188,2.5
3189,2.5
3190,2.5
3191,2.5
3192,2.5
3193,2.5
3194,2.5
3195,2.5
3196,2.5
3197,2.5
3198,2.5
3199,2.5
3200,2.5
3201,2.5
3202,2.5
3203,2.5
3204,2.5
3205,2.5
3206,2.5
3207,2.5
3208,2.5
3209,2.5
3210,2.5
3211,2.5
3212,2.5
3213,2.5
3214,2.5
3215,2.5
3216,2.5
3217,2.5
3218,2.5
3219,2.5
3220,2.5
3221,2.5
3222,2.5
3223,2.5
3224,2.5
3225,2.5
3226,2.5
3227,2.5
3228,2.5
3229,2.5
3230,2.5
3231,2.5
3232,2.5
3233,2.5
3234,2.5
3235,2.5
3236,2.5
3237,2.5
3238,2.5
3239,2.5
3240,2.5
3241,2.5
3242,2.5
3243,2.5
3244,2.5
3245,2.5
3246,2.5
3247,2.5
3248,2.5
3249,2.5
3250,2.5
3251,2.5
3252,2.5
3253,2.5
3254,2.5
3255,2.5
3256,2.5
3257,2.5
3258,2.5
3259,2.5
3260,2.5
3261,2.5
3262,2.5
3263,2.5
3264,2.5
3265,2.5
3266,2.5
3267,2.5
3268,2.5
3269,2.5
3270,2.5
3271,2.5
3272,2.5
3273,2.5
3274,2.5
3275,2.5
3276,2.5
3277,2.5
3278,2.5
3279,2.5
3280,2.5
3281,2.5
3282,2.5
3283,2.5
3284,2.5
3285,2.5
3286,2.5
3287,2.5
3288,2.5
3289,2.5
3290,2.5
3291,2.5
3292,2.5
3293,2.5
3294,2.5
3295,2.5
3296,2.5
3297,2.5
3298,2.5
3299,2.5
3300,2.5
3301,2.5
3302,2.5
3303,2.5
3304,2.5
3305,2.5
3306,2.5
3307,2.5
3308,2.5
3309,2.5
3310,2.5
3311,2.5
3312,2.5
3313,2.5
3314,2.5
3315,2.5
3316,2.5
3317,2.5
3318,2.5
3319,2.5
3320,2.5
3321,2.5
3322,2.5
3323,2.5
3324,2.5
3325,2.5
3326,2.5
3327,2.5
3328,2.5
3329,2.5
3330,2.5
3331,2.5
3332,2.5
3333,2.5
3334,2.5
3335,2.5
3336,2.5
3337,2.5
3338,2.5
3339,2.5
3340,2.5
3341,2.5
3342,2.5
3343,2.5
3344,2.5
3345,2.5
3346,2.5
3347,2.5
3348,2.5
3349,2.5
3350,2.5
3351,2.5
3352,2.5
3353,2.5
3354,2.5
3355,2.5
3356,2.5
3357,2.5
3358,2.5
3359,2.5
3360,2.5
3361,2.5
3362,2.5
3363,2.5
3364,2.5
3365,2.5
3366,2.5
3367,2.5
3368,2.5
3369,2.5
3370,2.5
3371,2.5
3372,2.5
3373,2.5
3374,2.5
3375,2.5
3376,2.5
3377,2.5
3378,2.5
3379,2.5
3380,2.5
3381,2.5
3382,2.5
3383,2.5
3384,2.5
3385,2.5
3386,2.5
3387,2.5
3388,2.5
3389,2.5
3390,2.5
3391,2.5
3392,2.5
3393,2.5
3394,2.5
3395,2.5
3396,2.5
3397,2.5
3398,2.5
3399,2.5
3400,2.5
3401,2.5
3402,2.5
3403,2.5
3404,2.5
3405,2.5
3406,2.5
3407,2.5
3408,2.5
